1740784475729 0.999 0
1740784479008 0.998001 1
1740784482417 0.997002999 2
1740784485784 0.996005996001 3
1740784489121 0.995009990004999 4
1740784492508 0.994014980014994 5
1740784495943 0.993020965034979 6
1740784499352 0.9920279440699441 7
1740784502683 0.9910359161258742 8
1740784506072 0.9900448802097482 9
1740784509367 0.9890548353295385 10
1740784512644 0.988065780494209 11
1740784516064 0.9870777147137147 12
1740784519404 0.986090636999001 13
1740784522669 0.9851045463620021 14
1740784526057 0.98411944181564 15
1740784529556 0.9831353223738244 16
1740784532844 0.9821521870514506 17
1740784536181 0.9811700348643991 18
1740784539466 0.9801888648295347 19
1740784542775 0.9792086759647052 20
1740784546110 0.9782294672887405 21
1740784549485 0.9772512378214517 22
1740784552838 0.9762739865836303 23
1740784556223 0.9752977125970467 24
1740784559486 0.9743224148844496 25
1740784562708 0.9733480924695651 26
1740784566412 0.9723747443770956 27
1740784569749 0.9714023696327185 28
1740784572901 0.9704309672630859 29
1740784576043 0.9694605362958227 30
1740784579498 0.9684910757595269 31
1740784582721 0.9675225846837673 32
1740784585870 0.9665550620990835 33
1740784589212 0.9655885070369844 34
1740784592586 0.9646229185299474 35
1740784595859 0.9636582956114175 36
1740784599033 0.9626946373158061 37
1740784602088 0.9617319426784903 38
1740784605416 0.9607702107358118 39
1740784608596 0.959809440525076 40
1740784611881 0.9588496310845509 41
1740784615082 0.9578907814534664 42
1740784618333 0.9569328906720129 43
1740784621501 0.9559759577813409 44
1740784624737 0.9550199818235596 45
1740784628082 0.9540649618417361 46
1740784631337 0.9531108968798944 47
1740784634571 0.9521577859830145 48
1740784637911 0.9512056281970315 49
1740784641011 0.9502544225688344 50
1740784644334 0.9493041681462656 51
1740784647572 0.9483548639781193 52
1740784650620 0.9474065091141411 53
1740784653902 0.946459102605027 54
1740784657197 0.9455126435024219 55
1740784660426 0.9445671308589195 56
1740784663741 0.9436225637280606 57
1740784667175 0.9426789411643326 58
1740784670561 0.9417362622231683 59
1740784673850 0.9407945259609451 60
1740784677053 0.9398537314349842 61
1740784680260 0.9389138777035492 62
1740784683677 0.9379749638258457 63
1740784686920 0.9370369888620198 64
1740784690362 0.9360999518731578 65
1740784693621 0.9351638519212846 66
1740784696945 0.9342286880693633 67
1740784700099 0.933294459381294 68
1740784703429 0.9323611649219127 69
1740784706757 0.9314288037569908 70
1740784710115 0.9304973749532338 71
1740784713418 0.9295668775782806 72
1740784716692 0.9286373107007023 73
1740784720029 0.9277086733900016 74
1740784723429 0.9267809647166116 75
1740784726784 0.925854183751895 76
1740784729990 0.9249283295681431 77
1740784733231 0.9240034012385749 78
1740784736486 0.9230793978373364 79
1740784739771 0.9221563184394991 80
1740784743060 0.9212341621210596 81
1740784746474 0.9203129279589385 82
1740784749870 0.9193926150309796 83
1740784753210 0.9184732224159486 84
1740784756395 0.9175547491935327 85
1740784759738 0.9166371944443392 86
1740784762868 0.9157205572498949 87
1740784766216 0.914804836692645 88
1740784769685 0.9138900318559524 89
1740784772980 0.9129761418240965 90
1740784776298 0.9120631656822724 91
1740784779663 0.9111511025165902 92
1740784782841 0.9102399514140735 93
1740784786213 0.9093297114626595 94
1740784789696 0.9084203817511969 95
1740784792948 0.9075119613694457 96
1740784796470 0.9066044494080763 97
1740784799855 0.9056978449586682 98
1740784803281 0.9047921471137096 99
1740784806611 0.9038873549665959 100
1740784810064 0.9029834676116293 101
1740784813437 0.9020804841440176 102
1740784816813 0.9011784036598737 103
1740784820174 0.9002772252562138 104
1740784823444 0.8993769480309576 105
1740784826827 0.8984775710829266 106
1740784830237 0.8975790935118436 107
1740784833721 0.8966815144183318 108
1740784836990 0.8957848329039134 109
1740784840285 0.8948890480710096 110
1740784843498 0.8939941590229386 111
1740784846810 0.8931001648639156 112
1740784850173 0.8922070646990518 113
1740784853415 0.8913148576343527 114
1740784856901 0.8904235427767183 115
1740784860257 0.8895331192339416 116
1740784863647 0.8886435861147077 117
1740784866880 0.887754942528593 118
1740784870118 0.8868671875860644 119
1740784873324 0.8859803203984784 120
1740784876452 0.88509434007808 121
1740784879800 0.8842092457380019 122
1740784883066 0.8833250364922639 123
1740784886341 0.8824417114557717 124
1740784889590 0.8815592697443159 125
1740784892998 0.8806777104745716 126
1740784896181 0.8797970327640969 127
1740784899440 0.8789172357313328 128
1740784902551 0.8780383184956015 129
1740784905818 0.8771602801771059 130
1740784909098 0.8762831198969288 131
1740784912253 0.8754068367770318 132
1740784915551 0.8745314299402548 133
1740784919063 0.8736568985103146 134
1740784922386 0.8727832416118043 135
1740784925674 0.8719104583701925 136
1740784928780 0.8710385479118223 137
1740784932043 0.8701675093639105 138
1740784935395 0.8692973418545467 139
1740784938591 0.8684280445126921 140
1740784941955 0.8675596164681794 141
1740784945134 0.8666920568517111 142
1740784948228 0.8658253647948594 143
1740784951285 0.8649595394300645 144
1740784954669 0.8640945798906344 145
1740784957821 0.8632304853107438 146
1740784960945 0.862367254825433 147
1740784964253 0.8615048875706075 148
1740784967430 0.8606433826830369 149
1740784970671 0.8597827393003539 150
1740784974077 0.8589229565610536 151
1740784977581 0.8580640336044925 152
1740784980877 0.857205969570888 153
1740784984060 0.8563487636013172 154
1740784987301 0.8554924148377159 155
1740784990576 0.8546369224228781 156
1740784993783 0.8537822855004553 157
1740784997147 0.8529285032149548 158
1740785000576 0.8520755747117399 159
1740785003750 0.8512234991370281 160
1740785007023 0.8503722756378911 161
1740785010338 0.8495219033622532 162
1740785013623 0.8486723814588909 163
1740785016973 0.847823709077432 164
1740785020313 0.8469758853683546 165
1740785023565 0.8461289094829862 166
1740785026779 0.8452827805735033 167
1740785030312 0.8444374977929298 168
1740785033871 0.8435930602951368 169
1740785037489 0.8427494672348417 170
1740785040930 0.8419067177676068 171
1740785044406 0.8410648110498392 172
1740785047822 0.8402237462387894 173
1740785051008 0.8393835224925505 174
1740785054366 0.838544138970058 175
1740785057713 0.8377055948310879 176
1740785060898 0.8368678892362568 177
1740785064061 0.8360310213470206 178
1740785067264 0.8351949903256736 179
1740785070418 0.8343597953353479 180
1740785073730 0.8335254355400126 181
1740785077047 0.8326919101044725 182
1740785080438 0.831859218194368 183
1740785083634 0.8310273589761736 184
1740785085283 0.8310273589761736 185
1740785088497 0.8301963316171974 186
1740785091871 0.8293661352855802 187
1740785095218 0.8285367691502946 188
1740785098646 0.8277082323811443 189
1740785101910 0.8268805241487632 190
1740785105216 0.8260536436246144 191
1740785108613 0.8252275899809898 192
1740785111992 0.8244023623910088 193
1740785115323 0.8235779600286178 194
1740785118600 0.8227543820685892 195
1740785121903 0.8219316276865206 196
1740785125070 0.8211096960588341 197
1740785128251 0.8202885863627752 198
1740785131650 0.8194682977764125 199
1740785134822 0.818648829478636 200
1740785138278 0.8178301806491574 201
1740785141530 0.8170123504685082 202
1740785144842 0.8161953381180397 203
1740785148418 0.8153791427799216 204
1740785151558 0.8145637636371417 205
1740785154763 0.8137491998735046 206
1740785158171 0.812935450673631 207
1740785161450 0.8121225152229574 208
1740785164753 0.8113103927077344 209
1740785168033 0.8104990823150267 210
1740785171225 0.8096885832327116 211
1740785174491 0.8088788946494789 212
1740785177671 0.8080700157548294 213
1740785181268 0.8072619457390746 214
1740785184539 0.8064546837933355 215
1740785187898 0.8056482291095421 216
1740785191114 0.8048425808804326 217
1740785194593 0.8040377382995522 218
1740785197881 0.8032337005612527 219
1740785201517 0.8024304668606914 220
1740785204877 0.8016280363938307 221
1740785208385 0.8008264083574369 222
1740785211890 0.8000255819490795 223
1740785215302 0.7992255563671304 224
1740785218527 0.7984263308107633 225
1740785221824 0.7976279044799526 226
1740785225124 0.7968302765754727 227
1740785228319 0.7960334462988972 228
1740785231440 0.7952374128525983 229
1740785234797 0.7944421754397457 230
1740785238014 0.7936477332643059 231
1740785241577 0.7928540855310416 232
1740785244929 0.7920612314455105 233
1740785248144 0.7912691702140651 234
1740785251445 0.790477901043851 235
1740785254637 0.7896874231428072 236
1740785257796 0.7888977357196644 237
1740785260878 0.7881088379839447 238
1740785264243 0.7873207291459607 239
1740785267435 0.7865334084168147 240
1740785270692 0.7857468750083979 241
1740785273778 0.7849611281333895 242
1740785277040 0.784176167005256 243
1740785280474 0.7833919908382508 244
1740785283829 0.7826085988474126 245
1740785287086 0.7818259902485653 246
1740785290418 0.7810441642583167 247
1740785293789 0.7802631200940584 248
1740785297122 0.7794828569739644 249
1740785300497 0.7787033741169904 250
1740785303710 0.7779246707428734 251
1740785306928 0.7771467460721305 252
1740785310365 0.7763695993260584 253
1740785313567 0.7755932297267324 254
1740785316825 0.7748176364970056 255
1740785320049 0.7740428188605086 256
1740785323411 0.7732687760416481 257
1740785326758 0.7724955072656065 258
1740785329824 0.7717230117583408 259
1740785333176 0.7709512887465825 260
1740785336455 0.7701803374578359 261
1740785339900 0.7694101571203781 262
1740785343291 0.7686407469632577 263
1740785346899 0.7678721062162944 264
1740785350256 0.7671042341100781 265
1740785353418 0.766337129875968 266
1740785356983 0.7655707927460921 267
1740785360412 0.764805221953346 268
1740785363574 0.7640404167313927 269
1740785366945 0.7632763763146613 270
1740785370446 0.7625130999383466 271
1740785373712 0.7617505868384082 272
1740785376976 0.7609888362515699 273
1740785380232 0.7602278474153183 274
1740785383391 0.759467619567903 275
1740785386934 0.7587081519483351 276
1740785390240 0.7579494437963867 277
1740785393630 0.7571914943525904 278
1740785396975 0.7564343028582378 279
1740785400398 0.7556778685553796 280
1740785403762 0.7549221906868242 281
1740785407179 0.7541672684961374 282
1740785410443 0.7534131012276413 283
1740785413603 0.7526596881264136 284
1740785416973 0.7519070284382872 285
1740785420109 0.7511551214098489 286
1740785423396 0.750403966288439 287
1740785426813 0.7496535623221505 288
1740785430155 0.7489039087598284 289
1740785433507 0.7481550048510686 290
1740785436962 0.7474068498462175 291
1740785440370 0.7466594429963713 292
1740785443602 0.745912783553375 293
1740785446918 0.7451668707698216 294
1740785450355 0.7444217038990517 295
1740785453619 0.7436772821951526 296
1740785456963 0.7429336049129575 297
1740785460311 0.7421906713080445 298
1740785463666 0.7414484806367364 299
1740785466982 0.7407070321560997 300
1740785470513 0.7399663251239436 301
1740785473745 0.7392263587988196 302
1740785476955 0.7384871324400207 303
1740785480411 0.7377486453075807 304
1740785483847 0.737010896662273 305
1740785487121 0.7362738857656108 306
1740785490579 0.7355376118798452 307
1740785493891 0.7348020742679654 308
1740785497000 0.7340672721936974 309
1740785500142 0.7333332049215037 310
1740785503478 0.7325998717165821 311
1740785506711 0.7318672718448656 312
1740785510026 0.7311354045730207 313
1740785513319 0.7304042691684477 314
1740785516471 0.7296738648992792 315
1740785519902 0.7289441910343799 316
1740785523445 0.7282152468433455 317
1740785526860 0.7274870315965022 318
1740785530198 0.7267595445649057 319
1740785533774 0.7260327850203407 320
1740785537051 0.7253067522353204 321
1740785540508 0.724581445483085 322
1740785543890 0.723856864037602 323
1740785547338 0.7231330071735643 324
1740785550705 0.7224098741663908 325
1740785553989 0.7216874642922244 326
1740785557604 0.7209657768279322 327
1740785560803 0.7202448110511043 328
1740785564179 0.7195245662400531 329
1740785567538 0.7188050416738131 330
1740785570767 0.7180862366321393 331
1740785574157 0.7173681503955072 332
1740785577401 0.7166507822451117 333
1740785580640 0.7159341314628666 334
1740785583858 0.7152181973314037 335
1740785587172 0.7145029791340722 336
1740785590608 0.7137884761549381 337
1740785593891 0.7130746876787832 338
1740785597257 0.7123616129911045 339
1740785600571 0.7116492513781133 340
1740785603917 0.7109376021267352 341
1740785607343 0.7102266645246085 342
1740785610627 0.7095164378600839 343
1740785613948 0.7088069214222238 344
1740785617562 0.7080981145008015 345
1740785620994 0.7073900163863007 346
1740785624264 0.7066826263699144 347
1740785627482 0.7059759437435444 348
1740785630840 0.7052699677998009 349
1740785634189 0.704564697832001 350
1740785637825 0.7038601331341691 351
1740785641387 0.7031562730010349 352
1740785644603 0.7024531167280339 353
1740785648055 0.7017506636113059 354
1740785651370 0.7010489129476946 355
1740785654657 0.7003478640347469 356
1740785658154 0.6996475161707122 357
1740785661682 0.6989478686545415 358
1740785665303 0.698248920785887 359
1740785668847 0.6975506718651011 360
1740785672885 0.6968531211932361 361
1740785676172 0.6961562680720428 362
1740785679483 0.6954601118039707 363
1740785682860 0.6947646516921667 364
1740785686103 0.6940698870404746 365
1740785689148 0.6933758171534341 366
1740785692431 0.6926824413362807 367
1740785695877 0.6919897588949444 368
1740785699113 0.6912977691360495 369
1740785702582 0.6906064713669134 370
1740785706049 0.6899158648955466 371
1740785709408 0.689225949030651 372
1740785712609 0.6885367230816204 373
1740785716051 0.6878481863585387 374
1740785719391 0.6871603381721801 375
1740785722644 0.686473177834008 376
1740785725756 0.685786704656174 377
1740785729256 0.6851009179515178 378
1740785732473 0.6844158170335664 379
1740785735671 0.6837314012165328 380
1740785738993 0.6830476698153162 381
1740785742353 0.6823646221455009 382
1740785745698 0.6816822575233553 383
1740785749459 0.6810005752658319 384
1740785752786 0.680319574690566 385
1740785756121 0.6796392551158754 386
1740785759362 0.6789596158607596 387
1740785762985 0.6782806562448989 388
1740785765241 0.677602375588654 389
1740785768531 0.6769247732130653 390
1740785771869 0.6762478484398523 391
1740785775210 0.6755716005914124 392
1740785778508 0.674896028990821 393
1740785781861 0.6742211329618302 394
1740785785609 0.6735469118288684 395
1740785789058 0.6728733649170395 396
1740785792398 0.6722004915521225 397
1740785795806 0.6715282910605703 398
1740785799151 0.6708567627695098 399
1740785802478 0.6701859060067403 400
1740785806195 0.6695157201007336 401
1740785809455 0.6688462043806328 402
1740785812833 0.6681773581762521 403
1740785816165 0.6675091808180759 404
1740785819626 0.6668416716372578 405
1740785822851 0.6661748299656206 406
1740785826328 0.6655086551356549 407
1740785829744 0.6648431464805192 408
1740785833136 0.6641783033340387 409
