1740784475729 0.011807861375725932 0
1740784479008 0.001107467346591875 1
1740784482417 0.0006108076090458781 2
1740784485784 0.0008528772281715647 3
1740784489121 0.0008111271221423521 4
1740784492508 0.0020102146128192543 5
1740784495943 0.0008485090837348253 6
1740784499352 0.0014489561831578612 7
1740784502683 0.0007011037232587114 8
1740784506072 0.0008017801423557103 9
1740784509367 0.0013516897731460631 10
1740784512644 0.0009586098627187311 11
1740784516064 0.0006122798233991489 12
1740784519404 0.0025127617781981826 13
1740784522669 0.0014784281863830984 14
1740784526057 0.0015944188472349196 15
1740784529556 0.0022481973317917438 16
1740784532844 0.0019478815351612866 17
1740784536181 0.0016262413654476405 18
1740784539466 0.0009179109777323901 19
1740784542775 0.0011983440187759698 20
1740784546110 0.0010386250109877438 21
1740784549485 0.0024480178189696744 22
1740784552838 0.003659490905702114 23
1740784556223 0.0025642453436739744 24
1740784559486 0.002346675945445895 25
1740784562708 0.0022055291023571045 26
1740784566412 0.002192511351313442 27
1740784569749 0.0019332193932496012 28
1740784572901 0.0021610844205133617 29
1740784576043 0.00198886550264433 30
1740784579498 0.002438537124544382 31
1740784582721 0.0023213831521570684 32
1740784585870 0.0021157150145154446 33
1740784589212 0.001647287318482995 34
1740784592586 0.001693770175334066 35
1740784595859 0.0019578372966498137 36
1740784599033 0.002331566581269726 37
1740784602088 0.0021413992997258904 38
1740784605416 0.001576032874872908 39
1740784608596 0.0013831697788555175 40
1740784611881 0.0015052929637022316 41
1740784615082 0.0012401500681880862 42
1740784618333 0.0012237468821695075 43
1740784621501 0.0013728995190467686 44
1740784624737 0.0018364808964543044 45
1740784628082 0.0015550969436299055 46
1740784631337 0.0017640220047906042 47
1740784634571 0.0015296016517095268 48
1740784637911 0.0012835394614376127 49
1740784641011 0.0012461402185726912 50
1740784644334 0.001394695818889886 51
1740784647572 0.0014986516791395843 52
1740784650620 0.0014480688236653805 53
1740784653902 0.0014529494941234588 54
1740784657197 0.0012193716992624105 55
1740784660426 0.0017956470337230713 56
1740784663741 0.001482442447450012 57
1740784667175 0.0013079241733066737 58
1740784670561 0.0017608450003899635 59
1740784673850 0.0013140637055039405 60
1740784677053 0.0008568077674135565 61
1740784680260 0.001543663830962032 62
1740784683677 0.0009156054281629622 63
1740784686920 0.0015029975003562868 64
1740784690362 0.0013030850840732456 65
1740784693621 0.001120999466511421 66
1740784696945 0.0009038627089466899 67
1740784700099 0.0012271711614448577 68
1740784703429 0.001231281354557723 69
1740784706757 0.0009518158645369112 70
1740784710115 0.0013967808126471937 71
1740784713418 0.0009685000730678439 72
1740784716692 0.0012268707726616412 73
1740784720029 0.0012144900078419596 74
1740784723429 0.0007161268207710236 75
1740784726784 0.0014174030476715416 76
1740784729990 0.00162489463808015 77
1740784733231 0.0013131227693520485 78
1740784736486 0.0014090836566174403 79
1740784739771 0.001425279739778489 80
1740784743060 0.0014589016849640758 81
1740784746474 0.001338501153513789 82
1740784749870 0.0019242703856434673 83
1740784753210 0.0012241240974981337 84
1740784756395 0.0015057173534296453 85
1740784759738 0.001227574518416077 86
1740784762868 0.0028362222900614143 87
1740784766216 0.0008064795809332281 88
1740784769685 0.0011397904239129274 89
1740784772980 0.002021775325993076 90
1740784776298 0.0012342215643730014 91
1740784779663 0.0021432598598767074 92
1740784782841 0.0017780417652102187 93
1740784786213 0.002093020868487656 94
1740784789696 0.0025925623811781408 95
1740784792948 0.0010726020764559507 96
1740784796470 0.0016243019641842694 97
1740784799855 0.0009720485808793456 98
1740784803281 0.0011041891609784216 99
1740784806611 0.0022714552032994106 100
1740784810064 0.001081071690423414 101
1740784813437 0.0018204938143026083 102
1740784816813 0.0028198811900801957 103
1740784820174 0.0028535833640489726 104
1740784823444 0.0017661921377293765 105
1740784826827 0.0035618273890577258 106
1740784830237 0.001368920267559588 107
1740784833721 0.00206572359893471 108
1740784836990 0.0013747145398519934 109
1740784840285 0.0017508673947304488 110
1740784843498 0.0012204314093105495 111
1740784846810 0.0011316864128457383 112
1740784850173 0.0019064430193975568 113
1740784853415 0.0015054013882763685 114
1740784856901 0.0023858757899142802 115
1740784860257 0.002149170832708478 116
1740784863647 0.0019059639307670295 117
1740784866880 0.00264257098082453 118
1740784870118 0.001500880733365193 119
1740784873324 0.0013392167212441563 120
1740784876452 0.0013853775383904576 121
1740784879800 0.0011578093946445734 122
1740784883066 0.0011871677980525418 123
1740784886341 0.0014408158313017339 124
1740784889590 0.0029471723386086525 125
1740784892998 0.0015133582276757806 126
1740784896181 0.0012868754682131111 127
1740784899440 0.0014537726156413555 128
1740784902551 0.0014090039453003556 129
1740784905818 0.0023838793416507543 130
1740784909098 0.001731737918453291 131
1740784912253 0.0024434352980460972 132
1740784915551 0.0013746025634463876 133
1740784919063 0.00112490757368505 134
1740784922386 0.0015378815785516053 135
1740784925674 0.0011101097345817834 136
1740784928780 0.0011362924834247678 137
1740784932043 0.001670763115398586 138
1740784935395 0.0011957274319138378 139
1740784938591 0.001066684126853943 140
1740784941955 0.0036626453482313083 141
1740784945134 0.0010941292229108513 142
1740784948228 0.0016302683466346934 143
1740784951285 0.004463224485516548 144
1740784954669 0.0026510682003572585 145
1740784957821 0.0022982692625373603 146
1740784960945 0.0011378061876166612 147
1740784964253 0.0017030464031267912 148
1740784967430 0.0012935244396794587 149
1740784970671 0.004015671615488828 150
1740784974077 0.002533667718525976 151
1740784977581 0.004263424735981971 152
1740784980877 0.002117016012780368 153
1740784984060 0.002807559734210372 154
1740784987301 0.0022953428025357424 155
1740784990576 0.0016662460938096047 156
1740784993783 0.0017003263509832323 157
1740784997147 0.0020500964659731836 158
1740785000576 0.0033662562002427874 159
1740785003750 0.0018253040802665055 160
1740785007023 0.003515623607672751 161
1740785010338 0.0032985672832001 162
1740785013623 0.0024042146862484513 163
1740785016973 0.0031818423722870647 164
1740785020313 0.00347113698720932 165
1740785023565 0.0029465549578890204 166
1740785026779 0.0013352622115053237 167
1740785030312 0.002894728076644242 168
1740785033871 0.003061468026135117 169
1740785037489 0.0025804248405620457 170
1740785040930 0.0032748813671059905 171
1740785044406 0.0048741169460117814 172
1740785047822 0.002435544652398676 173
1740785051008 0.0035218648868612945 174
1740785054366 0.00164847120991908 175
1740785057713 0.004139824433950707 176
1740785060898 0.003891202793456614 177
1740785064061 0.0024419716722331943 178
1740785067264 0.0026060845726169645 179
1740785070418 0.0016761058964766561 180
1740785073730 0.0035243445937521755 181
1740785077047 0.0037690223718527703 182
1740785080438 0.0030253626382909715 183
1740785083634 0.0029640408989507704 184
1740785085283 0.001452022828743793 185
1740785088497 0.0032080830773338676 186
1740785091871 0.0021466800663620233 187
1740785095218 0.003175275616813451 188
1740785098646 0.0012987716146744788 189
1740785101910 0.0016056760761421175 190
1740785105216 0.001417933808406815 191
1740785108613 0.005783132407814264 192
1740785111992 0.0017600178695283831 193
1740785115323 0.0037196199491154403 194
1740785118600 0.002094730251701549 195
1740785121903 0.0033453682449180633 196
1740785125070 0.0017394085275009275 197
1740785128251 0.0019974784704390913 198
1740785131650 0.0019331108906771987 199
1740785134822 0.0017158476100303233 200
1740785138278 0.0023791640636045487 201
1740785141530 0.002731109410524368 202
1740785144842 0.004652023831149563 203
1740785148418 0.0019067855982575566 204
1740785151558 0.002014307373901829 205
1740785154763 0.0035374557483009994 206
1740785158171 0.0026503630075603722 207
1740785161450 0.0016390639182645827 208
1740785164753 0.002094295033020899 209
1740785168033 0.001693360034842044 210
1740785171225 0.0025349078734871 211
1740785174491 0.0010366008803248405 212
1740785177671 0.0029454191436525433 213
1740785181268 0.0035955500602722168 214
1740785184539 0.002249637335771695 215
1740785187898 0.0015178857487626375 216
1740785191114 0.0015350045298691839 217
1740785194593 0.0030164878722280263 218
1740785197881 0.002421937750186771 219
1740785201517 0.001985517201246694 220
1740785204877 0.0019064925285056232 221
1740785208385 0.00403992478386499 222
1740785211890 0.002463608370162547 223
1740785215302 0.001933392301434651 224
1740785218527 0.0019262718665413558 225
1740785221824 0.0038102634134702384 226
1740785225124 0.004537791209295392 227
1740785228319 0.0030228469776920975 228
1740785231440 0.00320584372850135 229
1740785234797 0.0025495472410693764 230
1740785238014 0.004222862345632166 231
1740785241577 0.002509506712667644 232
1740785244929 0.0032600644574267788 233
1740785248144 0.002278120481641963 234
1740785251445 0.004543417602544651 235
1740785254637 0.003630289575085044 236
1740785257796 0.0023514815873932095 237
1740785260878 0.004516089949756861 238
1740785264243 0.0031333280564285813 239
1740785267435 0.003958000367274508 240
1740785270692 0.004300979361869395 241
1740785273778 0.002644698971416801 242
1740785277040 0.003331277173710987 243
1740785280474 0.002594369221478701 244
1740785283829 0.0036466742865741255 245
1740785287086 0.004457795568741858 246
1740785290418 0.005458200704306364 247
1740785293789 0.002938967056106776 248
1740785297122 0.0019426781020592898 249
1740785300497 0.0028681177785620095 250
1740785303710 0.0034248074516654015 251
1740785306928 0.0028962576494086533 252
1740785310365 0.002658006661804393 253
1740785313567 0.002392909834161401 254
1740785316825 0.004130677527282387 255
1740785320049 0.004331685083452612 256
1740785323411 0.001460784588707611 257
1740785326758 0.002552691149758175 258
1740785329824 0.003340309247141704 259
1740785333176 0.002454629074782133 260
1740785336455 0.00235434242291376 261
1740785339900 0.0034815636125858874 262
1740785343291 0.003992519921157509 263
1740785346899 0.0020668323209974914 264
1740785350256 0.002627013337332755 265
1740785353418 0.0026263883255887776 266
1740785356983 0.0037764605064876376 267
1740785360412 0.0015265503904083745 268
1740785363574 0.0023198130901437254 269
1740785366945 0.0031796797446440907 270
1740785370446 0.003535221025813371 271
1740785373712 0.004035402720328421 272
1740785376976 0.0016880053118802608 273
1740785380232 0.005781013346277178 274
1740785383391 0.003155842823907733 275
1740785386934 0.00488103701849468 276
1740785390240 0.004406030885875225 277
1740785393630 0.004381610420532525 278
1740785396975 0.0018353503243997693 279
1740785400398 0.00530740184825845 280
1740785403762 0.005117773546371609 281
1740785407179 0.003224556656787172 282
1740785410443 0.003803591064643115 283
1740785413603 0.005193493783008307 284
1740785416973 0.0029268555110320447 285
1740785420109 0.00532488654833287 286
1740785423396 0.00430937729193829 287
1740785426813 0.006198288747109473 288
1740785430155 0.004748422813136131 289
1740785433507 0.0036619481234811246 290
1740785436962 0.004090000954456627 291
1740785440370 0.002828380896244198 292
1740785443602 0.0033123964001424613 293
1740785446918 0.004399777189828456 294
1740785450355 0.006108914972282946 295
1740785453619 0.005255498082842678 296
1740785456963 0.008940744607243686 297
1740785460311 0.00545913115143776 298
1740785463666 0.005150213178712875 299
1740785466982 0.007181608933024108 300
1740785470513 0.007515172788407654 301
1740785473745 0.005321062146686017 302
1740785476955 0.004617819930426776 303
1740785480411 0.005275036303792149 304
1740785483847 0.0030803948454558847 305
1740785487121 0.006222588028758764 306
1740785490579 0.002999084632610902 307
1740785493891 0.004749112005811185 308
1740785497000 0.005137801959645003 309
1740785500142 0.004088286228943616 310
1740785503478 0.005434036370133981 311
1740785506711 0.004347628951072693 312
1740785510026 0.004463069813791663 313
1740785513319 0.0062503975443542 314
1740785516471 0.005873231468722224 315
1740785519902 0.00512858011526987 316
1740785523445 0.006513660810887814 317
1740785526860 0.0038132996414788067 318
1740785530198 0.005744529643561691 319
1740785533774 0.004066836587153375 320
1740785537051 0.005333654314745218 321
1740785540508 0.005584848276339471 322
1740785543890 0.005954126880969852 323
1740785547338 0.003975823363289237 324
1740785550705 0.007544634179212153 325
1740785553989 0.0055677916528657076 326
1740785557604 0.005520913577638567 327
1740785560803 0.005011608880013227 328
1740785564179 0.004121532484423369 329
1740785567538 0.003976407531881705 330
1740785570767 0.004338080331217497 331
1740785574157 0.007592443993780762 332
1740785577401 0.006051034743431955 333
1740785580640 0.002489370247349143 334
1740785583858 0.00417547820485197 335
1740785587172 0.00650977264624089 336
1740785590608 0.004436364972498268 337
1740785593891 0.006262178283650428 338
1740785597257 0.0045396995381452145 339
1740785600571 0.006426164279691875 340
1740785603917 0.003251031609252095 341
1740785607343 0.004397478625178337 342
1740785610627 0.008099105535075068 343
1740785613948 0.006096775312907993 344
1740785617562 0.009481527912430465 345
1740785620994 0.007131528751924634 346
1740785624264 0.006583687330130488 347
1740785627482 0.006207995484583079 348
1740785630840 0.007910460571292788 349
1740785634189 0.006396015894133598 350
1740785637825 0.006598647618666291 351
1740785641387 0.005955071640200913 352
1740785644603 0.004908543636556715 353
1740785648055 0.006200115184765309 354
1740785651370 0.005374979306943715 355
1740785654657 0.007920125348027796 356
1740785658154 0.0053361668530851605 357
1740785661682 0.007056504106149077 358
1740785665303 0.007955159908160567 359
1740785668847 0.006355777082499117 360
1740785672885 0.006654354315251112 361
1740785676172 0.009474629475735128 362
1740785679483 0.008337690243497491 363
1740785682860 0.008572330824099481 364
1740785686103 0.0068012663256376985 365
1740785689148 0.006165079856291413 366
1740785692431 0.004993811373133213 367
1740785695877 0.005469866176135838 368
1740785699113 0.0032819363358430565 369
1740785702582 0.0075487169530242685 370
1740785706049 0.008232037285342813 371
1740785709408 0.0052689693681895735 372
1740785712609 0.005536358933895826 373
1740785716051 0.006016673846170306 374
1740785719391 0.008966943903360516 375
1740785722644 0.008227518452331424 376
1740785725756 0.0038935732236132026 377
1740785729256 0.0057344085839577015 378
1740785732473 0.0062932927266228945 379
1740785735671 0.006122692320495844 380
1740785738993 0.005441551508847624 381
1740785742353 0.0066841316479258235 382
1740785745698 0.007984346153680235 383
1740785749459 0.005710280509665608 384
1740785752786 0.006773646818473935 385
1740785756121 0.005433012607973069 386
1740785759362 0.005449979503173381 387
1740785762985 0.006534970707725733 388
1740785765241 0.007592555950395763 389
1740785768531 0.006485391505993903 390
1740785771869 0.005812525465153158 391
1740785775210 0.00714964859187603 392
1740785778508 0.0058803077461197974 393
1740785781861 0.006146702880505473 394
1740785785609 0.00760364051675424 395
1740785789058 0.007921836413443089 396
1740785792398 0.006389844920486212 397
1740785795806 0.0069873057724908 398
1740785799151 0.005685121566057205 399
1740785802478 0.0070284285978414116 400
1740785806195 0.008281836321111768 401
1740785809455 0.005812647412531078 402
1740785812833 0.010103882646653801 403
1740785816165 0.006945069595240057 404
1740785819626 0.008594650262966751 405
1740785822851 0.006425940543413162 406
1740785826328 0.006288117838557809 407
1740785829744 0.008853840576484799 408
1740785833136 0.00932116040494293 409
