1740784475729 0.07632294548109575 0
1740784479008 0.04995662783228665 1
1740784482417 0.05177600783078235 2
1740784485784 0.05648586861962885 3
1740784489121 0.0959771974173791 4
1740784492508 0.14788272368854613 5
1740784495943 0.08984786172077582 6
1740784499352 0.09390108203505053 7
1740784502683 0.08342203256418435 8
1740784506072 0.06823675810315183 9
1740784509367 0.039354225753151215 10
1740784512644 0.06523954148757738 11
1740784516064 0.09290303173097286 12
1740784519404 0.1949770501694556 13
1740784522669 0.06991182916470168 14
1740784526057 0.10364101023895998 15
1740784529556 0.11738353460902434 16
1740784532844 0.043579150508071936 17
1740784536181 0.09880152986549014 18
1740784539466 0.06160687819976304 19
1740784542775 0.12169820001446505 20
1740784546110 0.04928188522262217 21
1740784549485 0.351787873929576 22
1740784552838 0.07323218052384128 23
1740784556223 0.049268265413350505 24
1740784559486 0.045194673032329845 25
1740784562708 0.04474744500242642 26
1740784566412 0.08173313363275789 27
1740784569749 0.05873635425370094 28
1740784572901 0.04535322500725364 29
1740784576043 0.11097940977971113 30
1740784579498 0.07551908977848006 31
1740784582721 0.04047533138343753 32
1740784585870 0.07439862683094463 33
1740784589212 0.08796040722447787 34
1740784592586 0.0449136610909178 35
1740784595859 0.04894648690577821 36
1740784599033 0.15609008312965042 37
1740784602088 0.07942164949842338 38
1740784605416 0.048434638179355 39
1740784608596 0.05969651957125069 40
1740784611881 0.051266578312798156 41
1740784615082 0.08344441829042797 42
1740784618333 0.08603041626951585 43
1740784621501 0.0668860664270055 44
1740784624737 0.08807674427123732 45
1740784628082 0.07313702933295745 46
1740784631337 0.09313837277816653 47
1740784634571 0.05234478545065322 48
1740784637911 0.05373331334910168 49
1740784641011 0.10537557007127864 50
1740784644334 0.09160932460836763 51
1740784647572 0.19529607610835878 52
1740784650620 0.05458736575279184 53
1740784653902 0.08999479896049127 54
1740784657197 0.14485677002661415 55
1740784660426 0.1042484339757401 56
1740784663741 0.08313272566808973 57
1740784667175 0.03824668930295357 58
1740784670561 0.05560167182046454 59
1740784673850 0.044260028066685386 60
1740784677053 0.05008966629715061 61
1740784680260 0.10480067985934101 62
1740784683677 0.05544790637261542 63
1740784686920 0.09853190844065546 64
1740784690362 0.10296442012371354 65
1740784693621 0.07517655329272582 66
1740784696945 0.03635391127608948 67
1740784700099 0.05095752751681989 68
1740784703429 0.25160660617804703 69
1740784706757 0.06076716334198659 70
1740784710115 0.08508601299249471 71
1740784713418 0.08741213974970793 72
1740784716692 0.0784579143798182 73
1740784720029 0.11177382373657413 74
1740784723429 0.045213175376897875 75
1740784726784 0.08604976387135752 76
1740784729990 0.05589049242788162 77
1740784733231 0.1366394796138108 78
1740784736486 0.0631733470445411 79
1740784739771 0.09829569334896021 80
1740784743060 0.07877898161644611 81
1740784746474 0.0407795513786021 82
1740784749870 0.11431597644728488 83
1740784753210 0.26597036370809707 84
1740784756395 0.0815657558564721 85
1740784759738 0.05518234875974387 86
1740784762868 0.12598051051977016 87
1740784766216 0.04899404174135381 88
1740784769685 0.05585588665467561 89
1740784772980 0.06424215679606615 90
1740784776298 0.06687899593007993 91
1740784779663 0.06962583783893338 92
1740784782841 0.06990038282034848 93
1740784786213 0.10518716739481133 94
1740784789696 0.1736982156707185 95
1740784792948 0.07361121202931355 96
1740784796470 0.12194105210908816 97
1740784799855 0.12145480165213708 98
1740784803281 0.07282816853444282 99
1740784806611 0.04649461932033619 100
1740784810064 0.05474294202870336 101
1740784813437 0.25288152951549475 102
1740784816813 0.13613117075127362 103
1740784820174 0.12223145778610066 104
1740784823444 0.0872185237760763 105
1740784826827 0.05945233117344689 106
1740784830237 0.08388032247263073 107
1740784833721 0.042231155069515795 108
1740784836990 0.05189458719500917 109
1740784840285 0.051324238377708144 110
1740784843498 0.13944122514669874 111
1740784846810 0.1200069577446485 112
1740784850173 0.09404961933326567 113
1740784853415 0.07691007020932615 114
1740784856901 0.10190058783802922 115
1740784860257 0.12477991095536227 116
1740784863647 0.11634213390701252 117
1740784866880 0.04636338860733544 118
1740784870118 0.11234863139925644 119
1740784873324 0.08356437609945475 120
1740784876452 0.10837011347095245 121
1740784879800 0.08487698299576424 122
1740784883066 0.15069090631377258 123
1740784886341 0.10128171870811106 124
1740784889590 0.05949472024329678 125
1740784892998 0.08885999614801915 126
1740784896181 0.10117198474078963 127
1740784899440 0.2960644516734089 128
1740784902551 0.09242967823108797 129
1740784905818 0.08688442691947679 130
1740784909098 0.09166322790069602 131
1740784912253 0.06971582603715945 132
1740784915551 0.08589259950515023 133
1740784919063 0.10717052720835925 134
1740784922386 0.058145228516913956 135
1740784925674 0.09141332869545028 136
1740784928780 0.17869159669382842 137
1740784932043 0.09774596101186118 138
1740784935395 0.061419488575803906 139
1740784938591 0.09206813595325355 140
1740784941955 0.06256493559242739 141
1740784945134 0.18807368000528746 142
1740784948228 0.13056472788756435 143
1740784951285 0.42986707509932387 144
1740784954669 0.08318950288629645 145
1740784957821 0.06834124036887838 146
1740784960945 0.07927516738958107 147
1740784964253 0.13138206196624486 148
1740784967430 0.11380960301407386 149
1740784970671 0.118945462017449 150
1740784974077 0.4114636362825058 151
1740784977581 0.06809972277743392 152
1740784980877 0.10776753942639428 153
1740784984060 0.08955916461923506 154
1740784987301 0.1479620562224952 155
1740784990576 0.07936597199961355 156
1740784993783 0.1554378369015825 157
1740784997147 0.10107768084541666 158
1740785000576 0.09057755499066697 159
1740785003750 0.09416435025398923 160
1740785007023 0.08745454667023653 161
1740785010338 0.10312416653220347 162
1740785013623 0.07522409841285264 163
1740785016973 0.08723142088740554 164
1740785020313 0.056185051838690686 165
1740785023565 0.06204506877829868 166
1740785026779 0.1008210353092632 167
1740785030312 0.08279301089267027 168
1740785033871 0.19696102587367764 169
1740785037489 0.19174742123299077 170
1740785040930 0.11610160260857877 171
1740785044406 0.08108949309010414 172
1740785047822 0.05758503421112391 173
1740785051008 0.07125239797765277 174
1740785054366 0.07724534179204871 175
1740785057713 0.13378497004918435 176
1740785060898 0.05276426545994672 177
1740785064061 0.06783607441954781 178
1740785067264 0.06671612144478062 179
1740785070418 0.336709803719325 180
1740785073730 0.05811126437566453 181
1740785077047 0.08706161918578895 182
1740785080438 0.10596437092715076 183
1740785083634 0.07117130322418785 184
1740785085283 0.25839375502458023 185
1740785088497 0.09310655332030691 186
1740785091871 0.038656890657772114 187
1740785095218 0.08393749649238848 188
1740785098646 0.12209004200557767 189
1740785101910 0.15297994026483658 190
1740785105216 0.07114879869212701 191
1740785108613 0.044014968299446074 192
1740785111992 0.04256509551477075 193
1740785115323 0.2187877747967165 194
1740785118600 0.0957255376919333 195
1740785121903 0.1403598970303953 196
1740785125070 0.09834922731476965 197
1740785128251 0.21416639635461632 198
1740785131650 0.1368781668139131 199
1740785134822 0.0989974960559269 200
1740785138278 0.05813177727487291 201
1740785141530 0.050595523136065586 202
1740785144842 0.03653775760852741 203
1740785148418 0.04470551889190689 204
1740785151558 0.11678424795790171 205
1740785154763 0.0716938340973474 206
1740785158171 0.053000316857389144 207
1740785161450 0.07299967643693059 208
1740785164753 0.058745182301161575 209
1740785168033 0.08621707381367144 210
1740785171225 0.08368693387703859 211
1740785174491 0.14826052974734208 212
1740785177671 0.04991182765069896 213
1740785181268 0.14920788517825578 214
1740785184539 0.0843048996946722 215
1740785187898 0.1412812367227689 216
1740785191114 0.08611590590991554 217
1740785194593 0.06754795410101122 218
1740785197881 0.07604430424834865 219
1740785201517 0.11355485464588884 220
1740785204877 0.11422620908124907 221
1740785208385 0.19684687708887316 222
1740785211890 0.1879704825086915 223
1740785215302 0.0827833213000996 224
1740785218527 0.09484890289543652 225
1740785221824 0.13505087116537448 226
1740785225124 0.2221321610453901 227
1740785228319 0.0809337715870363 228
1740785231440 0.08361661299906058 229
1740785234797 0.044074236481812946 230
1740785238014 0.08366621005074076 231
1740785241577 0.08470790486333994 232
1740785244929 0.06367557658782118 233
1740785248144 0.06901233114772425 234
1740785251445 0.11061849872477543 235
1740785254637 0.0672006734816438 236
1740785257796 0.13821650457769694 237
1740785260878 0.1562263685532526 238
1740785264243 0.0684425779407722 239
1740785267435 0.10336230685693755 240
1740785270692 0.0887640889370444 241
1740785273778 0.07990369599989512 242
1740785277040 0.09142786541962257 243
1740785280474 0.10965386208230095 244
1740785283829 0.07553809906721527 245
1740785287086 0.06379977287779601 246
1740785290418 0.12806127720849367 247
1740785293789 0.10580275571625705 248
1740785297122 0.09897960772496661 249
1740785300497 0.0590634252107722 250
1740785303710 0.07721162350053991 251
1740785306928 0.1631226182104925 252
1740785310365 0.05431339244778895 253
1740785313567 0.07583865234563576 254
1740785316825 0.16089736808285615 255
1740785320049 0.06698938327418916 256
1740785323411 0.10690075834413112 257
1740785326758 0.03820094647407522 258
1740785329824 0.0726419952448707 259
1740785333176 0.12191250323656604 260
1740785336455 0.07918437192744142 261
1740785339900 0.22355299090170458 262
1740785343291 0.09631536779746895 263
1740785346899 0.04220568663638842 264
1740785350256 0.08748730655418452 265
1740785353418 0.07465731721823976 266
1740785356983 0.08961791077756509 267
1740785360412 0.14297038829000536 268
1740785363574 0.06415485269976008 269
1740785366945 0.08646467221846946 270
1740785370446 0.10248748424238835 271
1740785373712 0.07880989605041139 272
1740785376976 0.08613404240631346 273
1740785380232 0.24288379184388578 274
1740785383391 0.06316504064099879 275
1740785386934 0.09683524483359822 276
1740785390240 0.07265959254158902 277
1740785393630 0.054095384163334696 278
1740785396975 0.04682378424643908 279
1740785400398 0.2900056497351301 280
1740785403762 0.08798617962975827 281
1740785407179 0.08787367752684265 282
1740785410443 0.08038260351558446 283
1740785413603 0.23656047850775797 284
1740785416973 0.11589607144983746 285
1740785420109 0.07431298451080826 286
1740785423396 0.06955364140647843 287
1740785426813 0.053258803691892134 288
1740785430155 0.1010366094199175 289
1740785433507 0.10299261440025878 290
1740785436962 0.09403771913666226 291
1740785440370 0.0712646187789438 292
1740785443602 0.12393223192517441 293
1740785446918 0.18798886988297933 294
1740785450355 0.0829046022056964 295
1740785453619 0.06174663508236656 296
1740785456963 0.13950806889988748 297
1740785460311 0.06995497751416653 298
1740785463666 0.09982105058722963 299
1740785466982 0.2938324327727823 300
1740785470513 0.08984554093469407 301
1740785473745 0.13435446606401527 302
1740785476955 0.09279797050374113 303
1740785480411 0.14829263437759374 304
1740785483847 0.13167792574471693 305
1740785487121 0.07933811076342877 306
1740785490579 0.24429526450208464 307
1740785493891 0.09283420414070831 308
1740785497000 0.07991322884146435 309
1740785500142 0.15469411382048492 310
1740785503478 0.08821874513530592 311
1740785506711 0.08955410662897217 312
1740785510026 0.11443045212479898 313
1740785513319 0.09816320389605362 314
1740785516471 0.08619850159168817 315
1740785519902 0.04349734756468462 316
1740785523445 0.04626551030756139 317
1740785526860 0.10346493731570991 318
1740785530198 0.140985892351144 319
1740785533774 0.07561027761894146 320
1740785537051 0.08855933250170209 321
1740785540508 0.11510821952828003 322
1740785543890 0.03939435798149629 323
1740785547338 0.06063971644714233 324
1740785550705 0.12547752218219616 325
1740785553989 0.10404207704104242 326
1740785557604 0.1451575880480706 327
1740785560803 0.1223918842441 328
1740785564179 0.07025249628438876 329
1740785567538 0.08898448105764137 330
1740785570767 0.09131691019216365 331
1740785574157 0.33003479177006206 332
1740785577401 0.11866435291391397 333
1740785580640 0.26043706191575194 334
1740785583858 0.15257472136192418 335
1740785587172 0.1958788454534068 336
1740785590608 0.117500825056421 337
1740785593891 0.10443156002563737 338
1740785597257 0.09929993961926599 339
1740785600571 0.1322064107689984 340
1740785603917 0.10177807331620023 341
1740785607343 0.19561886537098985 342
1740785610627 0.09381720919899646 343
1740785613948 0.04739289728898917 344
1740785617562 0.09903722345105635 345
1740785620994 0.11075459126582629 346
1740785624264 0.14305600653089048 347
1740785627482 0.050859773953742894 348
1740785630840 0.17385323563757102 349
1740785634189 0.17006210147703127 350
1740785637825 0.17370530513193277 351
1740785641387 0.03965529854398195 352
1740785644603 0.21345089499846712 353
1740785648055 0.15283981284715986 354
1740785651370 0.2778484371623772 355
1740785654657 0.07480980713451917 356
1740785658154 0.10206173713650807 357
1740785661682 0.10614142245473959 358
1740785665303 0.14189688974064402 359
1740785668847 0.2575876332690564 360
1740785672885 0.1513705628582336 361
1740785676172 0.07954581377411007 362
1740785679483 0.10125771029798064 363
1740785682860 0.10612816510513111 364
1740785686103 0.09993106819890263 365
1740785689148 0.09445071945314633 366
1740785692431 0.11827511778877774 367
1740785695877 0.06710543237046082 368
1740785699113 0.20140706893252847 369
1740785702582 0.06790704708455353 370
1740785706049 0.14260741363901905 371
1740785709408 0.21922010641096434 372
1740785712609 0.09875911022038335 373
1740785716051 0.15831730315986178 374
1740785719391 0.1611719179232201 375
1740785722644 0.045936431433041186 376
1740785725756 0.09748310857937045 377
1740785729256 0.03241762519014489 378
1740785732473 0.16958892307492898 379
1740785735671 0.24840322332715592 380
1740785738993 0.14304460597112068 381
1740785742353 0.10909705026368645 382
1740785745698 0.07434606954837092 383
1740785749459 0.3165389645618281 384
1740785752786 0.18763975317017909 385
1740785756121 0.12560448737403035 386
1740785759362 0.08849885907632857 387
1740785762985 0.2784996550357284 388
1740785765241 0.1814893873162073 389
1740785768531 0.13081500105331093 390
1740785771869 0.0974094501558954 391
1740785775210 0.13386785992439412 392
1740785778508 0.12476765223666644 393
1740785781861 0.11522194386903693 394
1740785785609 0.21028502177816663 395
1740785789058 0.20497118639150969 396
1740785792398 0.10264926814476868 397
1740785795806 0.12669681420810475 398
1740785799151 0.13295860825057967 399
1740785802478 0.07722085499890091 400
1740785806195 0.12458315763513789 401
1740785809455 0.17461621378768932 402
1740785812833 0.08985517379553366 403
1740785816165 0.15764583269864596 404
1740785819626 0.1123416700822681 405
1740785822851 0.05185878029214952 406
1740785826328 0.12362473610269772 407
1740785829744 0.11211811061295612 408
1740785833136 0.36891911512316616 409
