1740784475729 7.6322945481095745 0
1740784479008 4.995662783228665 1
1740784482417 5.177600783078235 2
1740784485784 5.648586861962885 3
1740784489121 9.59771974173791 4
1740784492508 14.788272368854612 5
1740784495943 8.984786172077582 6
1740784499352 9.390108203505052 7
1740784502683 8.342203256418435 8
1740784506072 6.8236758103151836 9
1740784509367 3.9354225753151217 10
1740784512644 6.523954148757738 11
1740784516064 9.290303173097286 12
1740784519404 19.49770501694556 13
1740784522669 6.9911829164701675 14
1740784526057 10.364101023895998 15
1740784529556 11.738353460902434 16
1740784532844 4.357915050807193 17
1740784536181 9.880152986549014 18
1740784539466 6.160687819976304 19
1740784542775 12.169820001446505 20
1740784546110 4.928188522262217 21
1740784549485 35.1787873929576 22
1740784552838 7.323218052384129 23
1740784556223 4.926826541335051 24
1740784559486 4.519467303232984 25
1740784562708 4.474744500242641 26
1740784566412 8.173313363275788 27
1740784569749 5.873635425370094 28
1740784572901 4.535322500725364 29
1740784576043 11.097940977971113 30
1740784579498 7.551908977848005 31
1740784582721 4.047533138343753 32
1740784585870 7.439862683094463 33
1740784589212 8.796040722447787 34
1740784592586 4.49136610909178 35
1740784595859 4.894648690577821 36
1740784599033 15.609008312965042 37
1740784602088 7.942164949842338 38
1740784605416 4.8434638179355 39
1740784608596 5.969651957125069 40
1740784611881 5.1266578312798154 41
1740784615082 8.344441829042797 42
1740784618333 8.603041626951585 43
1740784621501 6.68860664270055 44
1740784624737 8.807674427123732 45
1740784628082 7.313702933295745 46
1740784631337 9.313837277816653 47
1740784634571 5.234478545065322 48
1740784637911 5.373331334910168 49
1740784641011 10.537557007127864 50
1740784644334 9.160932460836763 51
1740784647572 19.52960761083588 52
1740784650620 5.458736575279184 53
1740784653902 8.999479896049127 54
1740784657197 14.485677002661415 55
1740784660426 10.42484339757401 56
1740784663741 8.313272566808973 57
1740784667175 3.824668930295357 58
1740784670561 5.560167182046454 59
1740784673850 4.426002806668539 60
1740784677053 5.008966629715061 61
1740784680260 10.4800679859341 62
1740784683677 5.544790637261542 63
1740784686920 9.853190844065546 64
1740784690362 10.296442012371354 65
1740784693621 7.517655329272582 66
1740784696945 3.635391127608948 67
1740784700099 5.095752751681989 68
1740784703429 25.160660617804705 69
1740784706757 6.076716334198659 70
1740784710115 8.508601299249472 71
1740784713418 8.741213974970794 72
1740784716692 7.84579143798182 73
1740784720029 11.177382373657412 74
1740784723429 4.521317537689788 75
1740784726784 8.604976387135752 76
1740784729990 5.589049242788162 77
1740784733231 13.66394796138108 78
1740784736486 6.31733470445411 79
1740784739771 9.829569334896021 80
1740784743060 7.8778981616446115 81
1740784746474 4.07795513786021 82
1740784749870 11.431597644728487 83
1740784753210 26.597036370809708 84
1740784756395 8.15657558564721 85
1740784759738 5.518234875974387 86
1740784762868 12.598051051977016 87
1740784766216 4.89940417413538 88
1740784769685 5.5855886654675615 89
1740784772980 6.424215679606616 90
1740784776298 6.687899593007993 91
1740784779663 6.962583783893338 92
1740784782841 6.990038282034848 93
1740784786213 10.518716739481134 94
1740784789696 17.36982156707185 95
1740784792948 7.361121202931355 96
1740784796470 12.194105210908816 97
1740784799855 12.145480165213709 98
1740784803281 7.282816853444283 99
1740784806611 4.649461932033619 100
1740784810064 5.474294202870336 101
1740784813437 25.288152951549474 102
1740784816813 13.613117075127361 103
1740784820174 12.223145778610066 104
1740784823444 8.72185237760763 105
1740784826827 5.9452331173446895 106
1740784830237 8.388032247263073 107
1740784833721 4.223115506951579 108
1740784836990 5.189458719500917 109
1740784840285 5.132423837770815 110
1740784843498 13.944122514669875 111
1740784846810 12.00069577446485 112
1740784850173 9.404961933326566 113
1740784853415 7.691007020932616 114
1740784856901 10.190058783802922 115
1740784860257 12.477991095536227 116
1740784863647 11.634213390701252 117
1740784866880 4.636338860733543 118
1740784870118 11.234863139925643 119
1740784873324 8.356437609945475 120
1740784876452 10.837011347095245 121
1740784879800 8.487698299576424 122
1740784883066 15.069090631377259 123
1740784886341 10.128171870811107 124
1740784889590 5.949472024329678 125
1740784892998 8.885999614801914 126
1740784896181 10.117198474078963 127
1740784899440 29.60644516734089 128
1740784902551 9.242967823108797 129
1740784905818 8.688442691947678 130
1740784909098 9.166322790069602 131
1740784912253 6.971582603715945 132
1740784915551 8.589259950515023 133
1740784919063 10.717052720835925 134
1740784922386 5.814522851691396 135
1740784925674 9.141332869545028 136
1740784928780 17.869159669382842 137
1740784932043 9.774596101186118 138
1740784935395 6.141948857580391 139
1740784938591 9.206813595325356 140
1740784941955 6.256493559242738 141
1740784945134 18.807368000528747 142
1740784948228 13.056472788756434 143
1740784951285 42.98670750993239 144
1740784954669 8.318950288629646 145
1740784957821 6.834124036887838 146
1740784960945 7.927516738958107 147
1740784964253 13.138206196624486 148
1740784967430 11.380960301407386 149
1740784970671 11.8945462017449 150
1740784974077 41.14636362825058 151
1740784977581 6.809972277743393 152
1740784980877 10.776753942639427 153
1740784984060 8.955916461923506 154
1740784987301 14.79620562224952 155
1740784990576 7.936597199961355 156
1740784993783 15.54378369015825 157
1740784997147 10.107768084541666 158
1740785000576 9.057755499066698 159
1740785003750 9.416435025398922 160
1740785007023 8.745454667023653 161
1740785010338 10.312416653220346 162
1740785013623 7.522409841285264 163
1740785016973 8.723142088740554 164
1740785020313 5.618505183869068 165
1740785023565 6.204506877829868 166
1740785026779 10.08210353092632 167
1740785030312 8.279301089267028 168
1740785033871 19.696102587367765 169
1740785037489 19.174742123299076 170
1740785040930 11.610160260857876 171
1740785044406 8.108949309010415 172
1740785047822 5.758503421112391 173
1740785051008 7.1252397977652775 174
1740785054366 7.724534179204872 175
1740785057713 13.378497004918435 176
1740785060898 5.2764265459946715 177
1740785064061 6.783607441954781 178
1740785067264 6.671612144478062 179
1740785070418 33.6709803719325 180
1740785073730 5.811126437566453 181
1740785077047 8.706161918578895 182
1740785080438 10.596437092715076 183
1740785083634 7.117130322418785 184
1740785085283 10.33575020098321 185
1740785088497 9.310655332030692 186
1740785091871 3.8656890657772114 187
1740785095218 8.393749649238847 188
1740785098646 12.209004200557768 189
1740785101910 15.297994026483657 190
1740785105216 7.1148798692127 191
1740785108613 4.401496829944607 192
1740785111992 4.256509551477075 193
1740785115323 21.878777479671648 194
1740785118600 9.57255376919333 195
1740785121903 14.03598970303953 196
1740785125070 9.834922731476965 197
1740785128251 21.41663963546163 198
1740785131650 13.687816681391311 199
1740785134822 9.89974960559269 200
1740785138278 5.813177727487291 201
1740785141530 5.0595523136065585 202
1740785144842 3.6537757608527413 203
1740785148418 4.470551889190689 204
1740785151558 11.678424795790171 205
1740785154763 7.169383409734741 206
1740785158171 5.300031685738914 207
1740785161450 7.2999676436930585 208
1740785164753 5.874518230116157 209
1740785168033 8.621707381367145 210
1740785171225 8.368693387703859 211
1740785174491 14.826052974734209 212
1740785177671 4.991182765069896 213
1740785181268 14.920788517825578 214
1740785184539 8.430489969467219 215
1740785187898 14.12812367227689 216
1740785191114 8.611590590991554 217
1740785194593 6.7547954101011225 218
1740785197881 7.604430424834865 219
1740785201517 11.355485464588885 220
1740785204877 11.422620908124907 221
1740785208385 19.684687708887317 222
1740785211890 18.79704825086915 223
1740785215302 8.27833213000996 224
1740785218527 9.484890289543651 225
1740785221824 13.505087116537448 226
1740785225124 22.21321610453901 227
1740785228319 8.09337715870363 228
1740785231440 8.361661299906057 229
1740785234797 4.407423648181295 230
1740785238014 8.366621005074077 231
1740785241577 8.470790486333994 232
1740785244929 6.367557658782118 233
1740785248144 6.901233114772425 234
1740785251445 11.061849872477543 235
1740785254637 6.720067348164379 236
1740785257796 13.821650457769692 237
1740785260878 15.622636855325258 238
1740785264243 6.84425779407722 239
1740785267435 10.336230685693755 240
1740785270692 8.87640889370444 241
1740785273778 7.990369599989513 242
1740785277040 9.142786541962257 243
1740785280474 10.965386208230095 244
1740785283829 7.553809906721527 245
1740785287086 6.379977287779601 246
1740785290418 12.806127720849368 247
1740785293789 10.580275571625705 248
1740785297122 9.897960772496662 249
1740785300497 5.90634252107722 250
1740785303710 7.721162350053991 251
1740785306928 16.31226182104925 252
1740785310365 5.431339244778894 253
1740785313567 7.583865234563576 254
1740785316825 16.089736808285615 255
1740785320049 6.698938327418916 256
1740785323411 10.690075834413113 257
1740785326758 3.8200946474075224 258
1740785329824 7.264199524487069 259
1740785333176 12.191250323656604 260
1740785336455 7.9184371927441415 261
1740785339900 22.35529909017046 262
1740785343291 9.631536779746895 263
1740785346899 4.220568663638842 264
1740785350256 8.748730655418452 265
1740785353418 7.4657317218239765 266
1740785356983 8.961791077756509 267
1740785360412 14.297038829000535 268
1740785363574 6.415485269976008 269
1740785366945 8.646467221846946 270
1740785370446 10.248748424238835 271
1740785373712 7.880989605041139 272
1740785376976 8.613404240631347 273
1740785380232 24.288379184388578 274
1740785383391 6.316504064099878 275
1740785386934 9.683524483359822 276
1740785390240 7.265959254158902 277
1740785393630 5.409538416333469 278
1740785396975 4.6823784246439075 279
1740785400398 29.00056497351301 280
1740785403762 8.798617962975827 281
1740785407179 8.787367752684265 282
1740785410443 8.038260351558446 283
1740785413603 23.656047850775796 284
1740785416973 11.589607144983747 285
1740785420109 7.431298451080826 286
1740785423396 6.955364140647843 287
1740785426813 5.325880369189213 288
1740785430155 10.10366094199175 289
1740785433507 10.299261440025878 290
1740785436962 9.403771913666226 291
1740785440370 7.126461877894379 292
1740785443602 12.393223192517441 293
1740785446918 18.798886988297934 294
1740785450355 8.29046022056964 295
1740785453619 6.174663508236656 296
1740785456963 13.950806889988748 297
1740785460311 6.995497751416653 298
1740785463666 9.982105058722963 299
1740785466982 29.383243277278233 300
1740785470513 8.984554093469407 301
1740785473745 13.435446606401527 302
1740785476955 9.279797050374112 303
1740785480411 14.829263437759375 304
1740785483847 13.167792574471694 305
1740785487121 7.933811076342877 306
1740785490579 24.429526450208463 307
1740785493891 9.28342041407083 308
1740785497000 7.9913228841464345 309
1740785500142 15.469411382048493 310
1740785503478 8.821874513530592 311
1740785506711 8.955410662897217 312
1740785510026 11.443045212479898 313
1740785513319 9.816320389605362 314
1740785516471 8.619850159168816 315
1740785519902 4.349734756468462 316
1740785523445 4.626551030756139 317
1740785526860 10.346493731570991 318
1740785530198 14.098589235114401 319
1740785533774 7.561027761894145 320
1740785537051 8.855933250170208 321
1740785540508 11.510821952828003 322
1740785543890 3.939435798149629 323
1740785547338 6.0639716447142336 324
1740785550705 12.547752218219616 325
1740785553989 10.404207704104241 326
1740785557604 14.51575880480706 327
1740785560803 12.239188424409999 328
1740785564179 7.025249628438877 329
1740785567538 8.898448105764137 330
1740785570767 9.131691019216365 331
1740785574157 33.003479177006206 332
1740785577401 11.866435291391397 333
1740785580640 26.043706191575197 334
1740785583858 15.257472136192419 335
1740785587172 19.587884545340682 336
1740785590608 11.7500825056421 337
1740785593891 10.443156002563738 338
1740785597257 9.929993961926598 339
1740785600571 13.22064107689984 340
1740785603917 10.177807331620023 341
1740785607343 19.561886537098985 342
1740785610627 9.381720919899646 343
1740785613948 4.739289728898917 344
1740785617562 9.903722345105635 345
1740785620994 11.07545912658263 346
1740785624264 14.305600653089048 347
1740785627482 5.0859773953742895 348
1740785630840 17.3853235637571 349
1740785634189 17.006210147703126 350
1740785637825 17.370530513193277 351
1740785641387 3.965529854398195 352
1740785644603 21.34508949984671 353
1740785648055 15.283981284715987 354
1740785651370 27.784843716237724 355
1740785654657 7.480980713451916 356
1740785658154 10.206173713650807 357
1740785661682 10.614142245473959 358
1740785665303 14.189688974064403 359
1740785668847 25.75876332690564 360
1740785672885 15.13705628582336 361
1740785676172 7.9545813774110075 362
1740785679483 10.125771029798065 363
1740785682860 10.612816510513111 364
1740785686103 9.993106819890263 365
1740785689148 9.445071945314632 366
1740785692431 11.827511778877774 367
1740785695877 6.710543237046082 368
1740785699113 20.140706893252847 369
1740785702582 6.790704708455353 370
1740785706049 14.260741363901904 371
1740785709408 21.922010641096435 372
1740785712609 9.875911022038334 373
1740785716051 15.831730315986178 374
1740785719391 16.11719179232201 375
1740785722644 4.593643143304119 376
1740785725756 9.748310857937046 377
1740785729256 3.241762519014489 378
1740785732473 16.9588923074929 379
1740785735671 24.84032233271559 380
1740785738993 14.304460597112067 381
1740785742353 10.909705026368645 382
1740785745698 7.4346069548370926 383
1740785749459 31.65389645618281 384
1740785752786 18.76397531701791 385
1740785756121 12.560448737403036 386
1740785759362 8.849885907632856 387
1740785762985 27.849965503572836 388
1740785765241 11.070852626288646 389
1740785768531 13.081500105331092 390
1740785771869 9.74094501558954 391
1740785775210 13.386785992439412 392
1740785778508 12.476765223666645 393
1740785781861 11.522194386903694 394
1740785785609 21.028502177816662 395
1740785789058 20.49711863915097 396
1740785792398 10.264926814476869 397
1740785795806 12.669681420810473 398
1740785799151 13.295860825057968 399
1740785802478 7.722085499890092 400
1740785806195 12.458315763513788 401
1740785809455 17.461621378768932 402
1740785812833 8.985517379553366 403
1740785816165 15.764583269864596 404
1740785819626 11.23416700822681 405
1740785822851 5.185878029214952 406
1740785826328 12.362473610269772 407
1740785829744 11.211811061295613 408
1740785833136 36.89191151231662 409
