1740785956830 0.995 0
1740785961584 0.990025 1
1740785964856 0.985074875 2
1740785968178 0.9801495006250001 3
1740785971418 0.9752487531218751 4
1740785974630 0.9703725093562657 5
1740785977954 0.9655206468094844 6
1740785981192 0.960693043575437 7
1740785984514 0.9558895783575597 8
1740785987798 0.9511101304657719 9
1740785991012 0.946354579813443 10
1740785994341 0.9416228069143757 11
1740785997694 0.9369146928798039 12
1740786000966 0.9322301194154049 13
1740786004379 0.9275689688183278 14
1740786007700 0.9229311239742362 15
1740786011164 0.918316468354365 16
1740786014627 0.9137248860125932 17
1740786017967 0.9091562615825302 18
1740786021345 0.9046104802746175 19
1740786024919 0.9000874278732445 20
1740786028426 0.8955869907338783 21
1740786031840 0.8911090557802088 22
1740786035287 0.8866535105013078 23
1740786038799 0.8822202429488013 24
1740786042213 0.8778091417340573 25
1740786045608 0.8734200960253871 26
1740786049358 0.8690529955452602 27
1740786052838 0.8647077305675338 28
1740786056445 0.8603841919146962 29
1740786060120 0.8560822709551227 30
1740786063546 0.851801859600347 31
1740786066983 0.8475428503023453 32
1740786070363 0.8433051360508336 33
1740786074159 0.8390886103705794 34
1740786077970 0.8348931673187264 35
1740786081692 0.8307187014821328 36
1740786085384 0.8265651079747222 37
1740786089324 0.8224322824348486 38
1740786093416 0.8183201210226743 39
1740786097241 0.8142285204175609 40
1740786100950 0.810157377815473 41
1740786104569 0.8061065909263957 42
1740786108088 0.8020760579717637 43
1740786111539 0.798065677681905 44
1740786115525 0.7940753492934954 45
1740786119511 0.7901049725470279 46
1740786123785 0.7861544476842928 47
1740786127606 0.7822236754458713 48
1740786131263 0.778312557068642 49
1740786134884 0.7744209942832988 50
1740786138615 0.7705488893118823 51
1740786142540 0.7666961448653229 52
1740786146391 0.7628626641409962 53
1740786150413 0.7590483508202912 54
1740786154185 0.7552531090661897 55
1740786157970 0.7514768435208588 56
1740786161741 0.7477194593032545 57
1740786165361 0.7439808620067382 58
1740786169387 0.7402609576967045 59
1740786172897 0.736559652908221 60
1740786176554 0.7328768546436799 61
1740786180207 0.7292124703704616 62
1740786183870 0.7255664080186093 63
1740786187786 0.7219385759785162 64
1740786191454 0.7183288830986236 65
1740786195116 0.7147372386831305 66
1740786199270 0.7111635524897149 67
1740786203259 0.7076077347272662 68
1740786207445 0.7040696960536299 69
1740786211559 0.7005493475733617 70
1740786215396 0.697046600835495 71
1740786219227 0.6935613678313175 72
1740786222988 0.6900935609921609 73
1740786226832 0.6866430931872001 74
1740786230662 0.6832098777212641 75
1740786234617 0.6797938283326578 76
1740786238277 0.6763948591909945 77
1740786241961 0.6730128848950395 78
1740786245745 0.6696478204705644 79
1740786249383 0.6662995813682115 80
1740786253095 0.6629680834613705 81
1740786257334 0.6596532430440636 82
1740786261030 0.6563549768288433 83
1740786264934 0.653073201944699 84
1740786268599 0.6498078359349755 85
1740786272329 0.6465587967553006 86
1740786276049 0.6433260027715241 87
1740786279828 0.6401093727576664 88
1740786283647 0.6369088258938781 89
1740786287421 0.6337242817644086 90
1740786291315 0.6305556603555866 91
1740786295169 0.6274028820538087 92
1740786298732 0.6242658676435396 93
1740786302532 0.6211445383053219 94
1740786306251 0.6180388156137953 95
1740786310162 0.6149486215357263 96
1740786313810 0.6118738784280476 97
1740786317494 0.6088145090359074 98
1740786321213 0.6057704364907278 99
1740786324953 0.6027415843082742 100
1740786328472 0.5997278763867329 101
1740786332116 0.5967292370047992 102
1740786335568 0.5937455908197752 103
1740786339242 0.5907768628656763 104
1740786342964 0.5878229785513479 105
1740786346642 0.5848838636585911 106
1740786350445 0.5819594443402982 107
1740786354163 0.5790496471185967 108
1740786357782 0.5761543988830038 109
1740786361439 0.5732736268885887 110
1740786365155 0.5704072587541458 111
1740786368961 0.567555222460375 112
1740786372694 0.5647174463480732 113
1740786376463 0.5618938591163328 114
1740786380390 0.5590843898207511 115
1740786384315 0.5562889678716474 116
1740786387930 0.5535075230322891 117
1740786391643 0.5507399854171277 118
1740786395296 0.547986285490042 119
1740786398842 0.5452463540625918 120
1740786402625 0.5425201222922789 121
1740786406325 0.5398075216808175 122
1740786409829 0.5371084840724134 123
1740786413254 0.5344229416520513 124
1740786417074 0.531750826943791 125
1740786420886 0.5290920728090721 126
1740786424687 0.5264466124450268 127
1740786428461 0.5238143793828016 128
1740786431985 0.5211953074858876 129
1740786435402 0.5185893309484582 130
1740786439187 0.5159963842937159 131
1740786442965 0.5134164023722473 132
1740786446802 0.510849320360386 133
1740786450599 0.5082950737585841 134
1740786454473 0.5057535983897912 135
1740786458181 0.5032248303978422 136
1740786461881 0.500708706245853 137
1740786465596 0.4982051627146237 138
1740786469246 0.49571413690105054 139
1740786472859 0.4932355662165453 140
1740786476445 0.4907693883854626 141
1740786479961 0.4883155414435353 142
1740786483675 0.4858739637363176 143
1740786487435 0.483444593917636 144
1740786491169 0.4810273709480478 145
1740786494830 0.47862223409330756 146
1740786498644 0.47622912292284103 147
1740786502414 0.4738479773082268 148
1740786506038 0.47147873742168567 149
1740786510080 0.46912134373457726 150
1740786513843 0.46677573701590436 151
1740786517659 0.46444185833082485 152
1740786521240 0.46211964903917074 153
1740786524958 0.4598090507939749 154
1740786528472 0.457510005540005 155
1740786532353 0.45522245551230495 156
1740786536089 0.4529463432347434 157
1740786539889 0.4506816115185697 158
1740786543488 0.4484282034609769 159
1740786547082 0.446186062443672 160
1740786550792 0.4439551321314536 161
1740786554437 0.4417353564707963 162
1740786558122 0.43952667968844233 163
1740786561947 0.43732904629000013 164
1740786565590 0.4351424010585501 165
1740786569097 0.43296668905325736 166
1740786572859 0.43080185560799106 167
1740786576681 0.4286478463299511 168
1740786580647 0.42650460709830135 169
1740786584370 0.42437208406280985 170
1740786588153 0.4222502236424958 171
1740786591842 0.42013897252428334 172
1740786595399 0.4180382776616619 173
1740786599375 0.4159480862733536 174
1740786603331 0.41386834584198684 175
1740786607173 0.4117990041127769 176
1740786610955 0.40974000909221303 177
1740786614625 0.40769130904675194 178
1740786618401 0.40565285250151817 179
1740786622043 0.4036245882390106 180
1740786626072 0.4016064652978155 181
1740786629771 0.3995984329713264 182
1740786633604 0.3976004408064698 183
1740786637369 0.39561243860243744 184
1740786640883 0.3936343764094253 185
1740786644714 0.39166620452737816 186
1740786648761 0.3897078735047413 187
1740786652457 0.3877593341372176 188
1740786656303 0.3858205374665315 189
1740786660075 0.38389143477919885 190
1740786664091 0.3819719776053028 191
1740786667799 0.3800621177172763 192
1740786671626 0.37816180712868996 193
1740786675487 0.37627099809304654 194
1740786679102 0.3743896431025813 195
1740786682733 0.37251769488706843 196
1740786686332 0.3706551064126331 197
1740786690227 0.36880183088056995 198
1740786693918 0.3669578217261671 199
1740786697841 0.36512303261753626 200
1740786701496 0.3632974174544486 201
1740786705260 0.3614809303671764 202
1740786708935 0.3596735257153405 203
1740786712482 0.3578751580867638 204
1740786716233 0.35608578229633 205
1740786720017 0.3543053533848483 206
1740786723587 0.35253382661792404 207
1740786727334 0.3507711574848344 208
1740786730953 0.34901730169741024 209
1740786734625 0.3472722151889232 210
1740786738639 0.3455358541129786 211
1740786742345 0.3438081748424137 212
1740786746150 0.3420891339682016 213
1740786749919 0.3403786882983606 214
1740786753734 0.3386767948568688 215
1740786757331 0.33698341088258443 216
1740786760981 0.3352984938281715 217
1740786764598 0.33362200135903064 218
1740786768534 0.33195389135223546 219
1740786772170 0.3302941218954743 220
1740786775938 0.32864265128599696 221
1740786779694 0.326999438029567 222
1740786783450 0.3253644408394192 223
1740786787058 0.3237376186352221 224
1740786790914 0.322118930542046 225
1740786794677 0.32050833588933575 226
1740786798489 0.31890579420988907 227
1740786802462 0.3173112652388396 228
1740786806208 0.3157247089126454 229
1740786810084 0.3141460853680822 230
1740786813893 0.3125753549412418 231
1740786817589 0.31101247816653554 232
1740786821264 0.30945741577570285 233
1740786824824 0.3079101286968243 234
1740786828564 0.3063705780533402 235
1740786832232 0.30483872516307353 236
1740786836098 0.3033145315372582 237
1740786839711 0.3017979588795719 238
1740786843492 0.30028896908517405 239
1740786847453 0.2987875242397482 240
1740786851390 0.29729358661854943 241
1740786855006 0.29580711868545667 242
1740786858621 0.2943280830920294 243
1740786862438 0.29285644267656924 244
1740786866020 0.2913921604631864 245
1740786869795 0.28993519966087045 246
1740786873421 0.2884855236625661 247
1740786877123 0.28704309604425327 248
1740786880879 0.285607880564032 249
1740786884622 0.28417984116121187 250
1740786888302 0.2827589419554058 251
1740786891873 0.28134514724562876 252
1740786895452 0.2799384215094006 253
1740786898967 0.27853872940185365 254
1740786902760 0.27714603575484437 255
1740786906634 0.2757603055760701 256
1740786910432 0.2743815040481898 257
1740786914098 0.2730095965279488 258
1740786917938 0.27164454854530906 259
1740786921702 0.2702863258025825 260
1740786925550 0.2689348941735696 261
1740786929168 0.26759021970270175 262
1740786932929 0.2662522686041882 263
1740786936584 0.2649210072611673 264
1740786940496 0.26359640222486147 265
1740786944320 0.26227842021373715 266
1740786948161 0.2609670281126685 267
1740786951793 0.25966219297210513 268
1740786955932 0.2583638820072446 269
1740786959661 0.2570720625972084 270
1740786963368 0.25578670228422234 271
1740786967186 0.25450776877280124 272
1740786971086 0.2532352299289372 273
1740786974854 0.2519690537792925 274
1740786979147 0.2507092085103961 275
1740786983030 0.2494556624678441 276
1740786986723 0.24820838415550486 277
1740786990473 0.24696734223472733 278
1740786994211 0.2457325055235537 279
1740786997907 0.24450384299593592 280
1740787001715 0.24328132378095624 281
1740787005416 0.24206491716205145 282
1740787009033 0.2408545925762412 283
1740787012610 0.23965031961336 284
1740787016160 0.2384520680152932 285
1740787019657 0.23725980767521673 286
1740787023175 0.23607350863684065 287
1740787027090 0.23489314109365644 288
1740787030983 0.23371867538818816 289
1740787034662 0.23255008201124722 290
1740787038722 0.231387331601191 291
1740787042472 0.23023039494318503 292
1740787046200 0.2290792429684691 293
1740787050084 0.22793384675362674 294
1740787053884 0.22679417751985861 295
1740787057782 0.22566020663225933 296
1740787061841 0.22453190559909803 297
1740787065714 0.22340924607110255 298
1740787069538 0.22229219984074702 299
1740787073385 0.2211807388415433 300
1740787077224 0.22007483514733558 301
1740787081155 0.2189744609715989 302
1740787085127 0.2178795886667409 303
1740787089005 0.2167901907234072 304
1740787092703 0.21570623976979014 305
1740787096681 0.21462770857094118 306
1740787100495 0.21355457002808648 307
1740787104126 0.21248679717794605 308
1740787107949 0.21142436319205632 309
1740787111714 0.21036724137609603 310
1740787115440 0.20931540516921554 311
1740787119382 0.20826882814336947 312
1740787123189 0.20722748400265262 313
1740787127024 0.20619134658263935 314
1740787130703 0.20516038984972615 315
1740787134539 0.2041345879004775 316
1740787138361 0.2031139149609751 317
1740787142244 0.20209834538617025 318
1740787145964 0.2010878536592394 319
1740787149637 0.2000824143909432 320
1740787153347 0.19908200231898848 321
1740787156957 0.19808659230739353 322
1740787160665 0.19709615934585656 323
1740787164342 0.19611067854912728 324
1740787167972 0.19513012515638165 325
1740787171716 0.19415447453059972 326
1740787175229 0.19318370215794672 327
1740787179028 0.192217783647157 328
1740787182721 0.1912566947289212 329
1740787186512 0.1903004112552766 330
1740787190294 0.18934890919900021 331
1740787194082 0.18840216465300522 332
1740787197961 0.18746015382974018 333
1740787201773 0.1865228530605915 334
1740787205599 0.18559023879528855 335
1740787209265 0.1846622876013121 336
1740787213121 0.18373897616330553 337
1740787217167 0.182820281282489 338
1740787220779 0.18190617987607657 339
1740787224659 0.18099664897669618 340
1740787228560 0.1800916657318127 341
1740787232515 0.17919120740315364 342
1740787236360 0.17829525136613786 343
1740787240235 0.17740377510930716 344
1740787244028 0.17651675623376062 345
1740787247947 0.1756341724525918 346
1740787251666 0.17475600159032884 347
1740787255623 0.17388222158237718 348
1740787259447 0.1730128104744653 349
1740787263275 0.17214774642209296 350
1740787267035 0.1712870076899825 351
1740787270656 0.17043057265153258 352
1740787274537 0.16957841978827493 353
1740787278371 0.16873052768933355 354
1740787282260 0.1678868750508869 355
1740787286077 0.16704744067563246 356
1740787290069 0.1662122034722543 357
1740787294091 0.16538114245489302 358
1740787298084 0.16455423674261854 359
1740787301673 0.16373146555890544 360
1740787305748 0.16291280823111093 361
1740787309384 0.16209824418995536 362
1740787313511 0.16128775296900558 363
1740787317626 0.16048131420416054 364
1740787321262 0.15967890763313974 365
1740787325087 0.15888051309497406 366
1740787329068 0.1580861105294992 367
1740787333031 0.1572956799768517 368
1740787337386 0.15650920157696743 369
1740787341119 0.1557266555690826 370
1740787344708 0.1549480222912372 371
1740787348687 0.15417328217978102 372
1740787352445 0.1534024157688821 373
1740787356457 0.1526354036900377 374
1740787360566 0.1518722266715875 375
1740787364461 0.15111286553822956 376
1740787368299 0.15035730121053842 377
1740787372052 0.14960551470448571 378
1740787375824 0.14885748713096328 379
1740787379603 0.14811319969530845 380
1740787383273 0.1473726336968319 381
1740787387112 0.14663577052834775 382
1740787390850 0.14590259167570602 383
1740787394724 0.1451730787173275 384
1740787398764 0.14444721332374086 385
1740787402651 0.14372497725712216 386
1740787406536 0.14300635237083656 387
1740787410513 0.14229132060898236 388
1740787414477 0.14157986400593744 389
1740787419309 0.14087196468590776 390
1740787423166 0.14016760486247823 391
1740787427122 0.13946676683816583 392
1740787430905 0.138769433003975 393
1740787435012 0.13807558583895513 394
1740787438752 0.13738520790976036 395
1740787442773 0.13669828187021155 396
1740787446601 0.13601479046086049 397
1740787450416 0.1353347165085562 398
1740787454313 0.1346580429260134 399
1740787458323 0.13398475271138335 400
1740787462301 0.13331482894782642 401
1740787465905 0.13264825480308728 402
1740787469630 0.13198501352907185 403
1740787473588 0.1313250884614265 404
1740787477398 0.13066846301911936 405
1740787481345 0.13001512070402377 406
1740787485228 0.12936504510050365 407
1740787489189 0.12871821987500112 408
1740787492956 0.12807462877562611 409
1740787496862 0.12743425563174798 410
1740787500739 0.12679708435358925 411
1740787504753 0.1261630989318213 412
1740787508379 0.1255322834371622 413
1740787512147 0.12490462201997637 414
1740787515738 0.1242800989098765 415
1740787519516 0.12365869841532712 416
1740787523473 0.12304040492325048 417
1740787527358 0.12242520289863423 418
1740787531280 0.12181307688414106 419
1740787535536 0.12120401149972035 420
1740787539758 0.12059799144222175 421
1740787543487 0.11999500148501063 422
1740787547248 0.11939502647758558 423
1740787551092 0.11879805134519765 424
1740787554884 0.11820406108847166 425
1740787558785 0.1176130407830293 426
1740787562574 0.11702497557911415 427
1740787566498 0.11643985070121858 428
1740787570500 0.11585765144771248 429
1740787574376 0.11527836319047392 430
1740787578367 0.11470197137452155 431
1740787582212 0.11412846151764894 432
1740787586012 0.1135578192100607 433
1740787589638 0.11299003011401039 434
1740787593369 0.11242507996344034 435
1740787597288 0.11186295456362313 436
1740787600914 0.11130363979080501 437
1740787604842 0.11074712159185099 438
1740787608759 0.11019338598389174 439
1740787612596 0.10964241905397228 440
1740787616725 0.10909420695870241 441
1740787621640 0.1085487359239089 442
1740787625502 0.10800599224428936 443
1740787629640 0.10746596228306791 444
1740787633519 0.10692863247165257 445
1740787638092 0.1063939893092943 446
1740787642004 0.10586201936274783 447
1740787645963 0.10533270926593409 448
1740787650082 0.10480604571960442 449
1740787654174 0.1042820154910064 450
1740787657894 0.10376060541355137 451
1740787661929 0.1032418023864836 452
1740787665752 0.10272559337455119 453
1740787669844 0.10221196540767843 454
1740787673717 0.10170090558064004 455
1740787677613 0.10119240105273684 456
1740787681442 0.10068643904747315 457
1740787685063 0.10018300685223579 458
1740787688926 0.1 459
1740787693036 0.1 460
1740787696762 0.1 461
1740787700653 0.1 462
1740787704688 0.1 463
1740787708488 0.1 464
1740787712272 0.1 465
1740787716007 0.1 466
1740787719761 0.1 467
1740787723624 0.1 468
1740787727647 0.1 469
1740787731471 0.1 470
1740787735243 0.1 471
1740787739161 0.1 472
1740787742937 0.1 473
1740787746712 0.1 474
1740787750725 0.1 475
1740787754692 0.1 476
1740787758695 0.1 477
1740787762597 0.1 478
1740787766399 0.1 479
1740787770273 0.1 480
1740787774245 0.1 481
1740787778512 0.1 482
1740787782276 0.1 483
1740787786239 0.1 484
1740787790233 0.1 485
1740787794082 0.1 486
1740787797646 0.1 487
1740787801588 0.1 488
1740787805455 0.1 489
1740787809193 0.1 490
1740787812751 0.1 491
1740787816485 0.1 492
1740787820316 0.1 493
1740787824119 0.1 494
1740787827859 0.1 495
1740787831872 0.1 496
1740787835641 0.1 497
1740787839595 0.1 498
1740787843192 0.1 499
1740787846984 0.1 500
1740787850905 0.1 501
1740787854680 0.1 502
1740787858570 0.1 503
1740787862378 0.1 504
1740787866106 0.1 505
1740787869927 0.1 506
1740787873733 0.1 507
1740787877613 0.1 508
1740787881468 0.1 509
1740787885343 0.1 510
1740787889118 0.1 511
1740787892854 0.1 512
1740787896832 0.1 513
1740787900558 0.1 514
1740787904417 0.1 515
1740787908372 0.1 516
1740787912008 0.1 517
1740787915579 0.1 518
1740787919580 0.1 519
1740787923300 0.1 520
1740787927017 0.1 521
1740787930558 0.1 522
1740787934222 0.1 523
1740787937950 0.1 524
1740787941483 0.1 525
1740787945444 0.1 526
1740787949319 0.1 527
1740787953103 0.1 528
1740787956990 0.1 529
1740787960693 0.1 530
1740787964568 0.1 531
1740787968418 0.1 532
1740787972249 0.1 533
1740787976481 0.1 534
1740787980356 0.1 535
1740787984297 0.1 536
1740787988075 0.1 537
1740787991881 0.1 538
1740787995669 0.1 539
1740787999748 0.1 540
1740788003493 0.1 541
1740788007307 0.1 542
1740788011100 0.1 543
1740788015082 0.1 544
1740788018836 0.1 545
1740788022527 0.1 546
1740788026475 0.1 547
1740788030359 0.1 548
1740788034215 0.1 549
1740788038250 0.1 550
1740788042133 0.1 551
1740788046035 0.1 552
1740788049797 0.1 553
1740788053571 0.1 554
1740788057298 0.1 555
1740788060930 0.1 556
1740788064702 0.1 557
1740788068398 0.1 558
1740788072168 0.1 559
1740788075805 0.1 560
1740788079672 0.1 561
1740788083369 0.1 562
1740788087320 0.1 563
1740788091162 0.1 564
1740788094974 0.1 565
1740788099141 0.1 566
1740788103044 0.1 567
1740788106990 0.1 568
1740788110945 0.1 569
1740788114630 0.1 570
1740788118153 0.1 571
1740788122170 0.1 572
1740788126148 0.1 573
1740788129693 0.1 574
1740788130245 0.1 575
1740788134182 0.1 576
1740788138043 0.1 577
1740788141737 0.1 578
1740788145568 0.1 579
1740788149344 0.1 580
1740788153172 0.1 581
1740788157132 0.1 582
1740788160637 0.1 583
1740788164460 0.1 584
1740788168177 0.1 585
1740788171807 0.1 586
1740788175386 0.1 587
1740788179094 0.1 588
1740788182848 0.1 589
1740788186801 0.1 590
1740788190456 0.1 591
1740788194364 0.1 592
1740788198219 0.1 593
1740788202047 0.1 594
1740788205848 0.1 595
1740788209800 0.1 596
1740788213668 0.1 597
1740788217378 0.1 598
1740788221034 0.1 599
1740788224890 0.1 600
1740788228568 0.1 601
1740788232524 0.1 602
1740788236549 0.1 603
1740788240416 0.1 604
1740788244356 0.1 605
1740788248543 0.1 606
1740788252699 0.1 607
1740788256866 0.1 608
1740788260791 0.1 609
1740788264575 0.1 610
1740788268329 0.1 611
1740788272203 0.1 612
1740788276340 0.1 613
1740788280136 0.1 614
1740788283991 0.1 615
1740788287778 0.1 616
1740788291435 0.1 617
1740788295295 0.1 618
1740788299488 0.1 619
1740788303614 0.1 620
1740788307611 0.1 621
1740788311550 0.1 622
1740788315494 0.1 623
1740788319141 0.1 624
1740788322961 0.1 625
1740788326896 0.1 626
1740788330629 0.1 627
1740788334558 0.1 628
1740788338383 0.1 629
1740788342133 0.1 630
1740788345898 0.1 631
1740788349831 0.1 632
1740788353344 0.1 633
1740788357094 0.1 634
1740788361052 0.1 635
1740788364753 0.1 636
1740788368454 0.1 637
1740788372351 0.1 638
1740788376041 0.1 639
1740788379941 0.1 640
1740788383927 0.1 641
1740788387728 0.1 642
1740788391525 0.1 643
1740788395500 0.1 644
1740788399206 0.1 645
1740788403061 0.1 646
1740788407191 0.1 647
1740788411090 0.1 648
1740788414973 0.1 649
1740788418738 0.1 650
1740788422893 0.1 651
1740788426717 0.1 652
1740788430568 0.1 653
1740788434437 0.1 654
1740788438241 0.1 655
1740788442014 0.1 656
1740788446018 0.1 657
1740788449831 0.1 658
1740788453783 0.1 659
1740788457499 0.1 660
1740788461378 0.1 661
1740788465336 0.1 662
1740788469259 0.1 663
1740788473094 0.1 664
1740788476921 0.1 665
1740788480722 0.1 666
1740788484441 0.1 667
1740788488172 0.1 668
1740788491869 0.1 669
1740788495435 0.1 670
1740788499046 0.1 671
1740788502916 0.1 672
1740788506476 0.1 673
1740788510727 0.1 674
1740788514276 0.1 675
1740788518137 0.1 676
1740788521626 0.1 677
1740788525450 0.1 678
1740788529193 0.1 679
1740788532898 0.1 680
1740788536850 0.1 681
1740788540818 0.1 682
1740788544661 0.1 683
1740788548439 0.1 684
1740788552200 0.1 685
1740788556070 0.1 686
1740788559773 0.1 687
1740788563711 0.1 688
1740788567613 0.1 689
1740788571386 0.1 690
1740788574702 0.1 691
1740788578230 0.1 692
1740788582105 0.1 693
1740788586215 0.1 694
1740788589784 0.1 695
1740788593322 0.1 696
1740788596880 0.1 697
1740788600614 0.1 698
1740788604440 0.1 699
1740788608031 0.1 700
1740788611829 0.1 701
1740788615610 0.1 702
1740788619329 0.1 703
1740788622851 0.1 704
1740788626603 0.1 705
1740788630502 0.1 706
1740788634253 0.1 707
1740788638211 0.1 708
1740788641864 0.1 709
1740788645806 0.1 710
1740788649623 0.1 711
1740788653444 0.1 712
1740788657389 0.1 713
1740788661280 0.1 714
1740788665058 0.1 715
1740788668959 0.1 716
1740788672612 0.1 717
1740788676336 0.1 718
1740788680262 0.1 719
1740788684483 0.1 720
1740788688377 0.1 721
1740788692181 0.1 722
1740788696000 0.1 723
1740788699876 0.1 724
1740788703581 0.1 725
1740788707702 0.1 726
1740788711554 0.1 727
1740788715605 0.1 728
1740788719315 0.1 729
1740788723086 0.1 730
1740788726937 0.1 731
1740788731056 0.1 732
1740788734723 0.1 733
1740788738516 0.1 734
1740788742006 0.1 735
1740788745613 0.1 736
1740788749369 0.1 737
1740788753325 0.1 738
1740788757258 0.1 739
1740788761068 0.1 740
1740788764900 0.1 741
1740788768854 0.1 742
1740788772515 0.1 743
1740788776363 0.1 744
1740788780572 0.1 745
1740788784670 0.1 746
1740788788650 0.1 747
1740788792396 0.1 748
1740788796295 0.1 749
1740788800084 0.1 750
1740788803871 0.1 751
1740788807780 0.1 752
1740788811508 0.1 753
1740788815248 0.1 754
1740788818975 0.1 755
1740788822580 0.1 756
1740788826370 0.1 757
1740788830227 0.1 758
1740788834119 0.1 759
1740788837737 0.1 760
1740788841434 0.1 761
1740788845180 0.1 762
1740788848935 0.1 763
1740788852806 0.1 764
1740788856570 0.1 765
1740788860310 0.1 766
1740788864042 0.1 767
1740788867795 0.1 768
1740788871463 0.1 769
1740788875287 0.1 770
1740788879019 0.1 771
1740788882564 0.1 772
1740788886483 0.1 773
1740788890152 0.1 774
1740788893778 0.1 775
1740788897545 0.1 776
1740788901379 0.1 777
1740788905291 0.1 778
1740788909182 0.1 779
1740788913506 0.1 780
1740788917346 0.1 781
1740788921079 0.1 782
1740788924820 0.1 783
1740788928411 0.1 784
1740788931938 0.1 785
1740788935772 0.1 786
1740788939366 0.1 787
1740788943475 0.1 788
1740788947295 0.1 789
1740788951049 0.1 790
1740788954939 0.1 791
1740788958694 0.1 792
1740788962595 0.1 793
1740788966318 0.1 794
1740788970129 0.1 795
1740788971185 0.1 796
1740788974789 0.1 797
1740788978554 0.1 798
1740788982492 0.1 799
1740788986309 0.1 800
1740788990494 0.1 801
1740788994336 0.1 802
1740788997988 0.1 803
1740789001937 0.1 804
1740789005942 0.1 805
1740789009800 0.1 806
1740789013526 0.1 807
1740789017259 0.1 808
1740789021073 0.1 809
1740789024837 0.1 810
1740789028546 0.1 811
1740789032459 0.1 812
1740789036668 0.1 813
1740789040478 0.1 814
1740789044504 0.1 815
1740789048358 0.1 816
1740789052092 0.1 817
1740789055702 0.1 818
1740789059600 0.1 819
1740789063332 0.1 820
1740789067111 0.1 821
1740789070931 0.1 822
1740789074725 0.1 823
1740789078733 0.1 824
1740789082363 0.1 825
1740789086180 0.1 826
1740789089924 0.1 827
1740789093531 0.1 828
1740789097072 0.1 829
1740789100907 0.1 830
1740789104674 0.1 831
1740789108517 0.1 832
1740789112445 0.1 833
1740789116098 0.1 834
1740789119837 0.1 835
1740789123687 0.1 836
1740789127449 0.1 837
1740789131476 0.1 838
1740789135290 0.1 839
1740789139137 0.1 840
1740789142796 0.1 841
1740789146437 0.1 842
1740789150379 0.1 843
1740789154212 0.1 844
1740789158369 0.1 845
1740789162315 0.1 846
1740789166386 0.1 847
1740789170270 0.1 848
1740789173872 0.1 849
1740789177794 0.1 850
1740789181793 0.1 851
1740789185743 0.1 852
1740789189483 0.1 853
1740789193428 0.1 854
1740789197067 0.1 855
1740789200709 0.1 856
1740789204464 0.1 857
1740789208134 0.1 858
1740789211893 0.1 859
1740789215694 0.1 860
1740789219475 0.1 861
1740789223013 0.1 862
1740789226658 0.1 863
1740789230511 0.1 864
1740789234205 0.1 865
1740789237960 0.1 866
1740789241984 0.1 867
1740789245828 0.1 868
1740789249434 0.1 869
1740789253384 0.1 870
1740789257244 0.1 871
1740789261293 0.1 872
1740789265015 0.1 873
1740789268723 0.1 874
1740789272298 0.1 875
1740789276337 0.1 876
1740789280277 0.1 877
1740789284214 0.1 878
1740789288271 0.1 879
1740789291812 0.1 880
1740789295509 0.1 881
1740789299585 0.1 882
1740789303221 0.1 883
1740789307055 0.1 884
1740789310871 0.1 885
1740789314707 0.1 886
1740789318530 0.1 887
1740789322642 0.1 888
1740789326449 0.1 889
1740789330015 0.1 890
1740789333944 0.1 891
1740789337707 0.1 892
1740789341433 0.1 893
1740789345339 0.1 894
1740789349185 0.1 895
1740789352799 0.1 896
1740789356730 0.1 897
1740789360499 0.1 898
1740789364354 0.1 899
1740789368007 0.1 900
1740789372157 0.1 901
1740789375779 0.1 902
1740789379664 0.1 903
1740789383331 0.1 904
1740789386983 0.1 905
1740789390743 0.1 906
1740789394687 0.1 907
1740789398354 0.1 908
1740789402126 0.1 909
1740789406192 0.1 910
1740789409994 0.1 911
1740789413905 0.1 912
1740789417772 0.1 913
1740789421824 0.1 914
1740789425842 0.1 915
1740789429716 0.1 916
1740789433792 0.1 917
1740789437382 0.1 918
1740789442342 0.1 919
1740789446360 0.1 920
1740789450086 0.1 921
1740789453851 0.1 922
1740789457612 0.1 923
1740789461146 0.1 924
1740789464875 0.1 925
1740789468751 0.1 926
1740789472510 0.1 927
1740789476325 0.1 928
1740789480289 0.1 929
1740789484429 0.1 930
1740789488205 0.1 931
1740789491959 0.1 932
1740789495991 0.1 933
1740789499928 0.1 934
1740789503664 0.1 935
1740789507197 0.1 936
1740789510944 0.1 937
1740789514804 0.1 938
1740789518950 0.1 939
1740789522632 0.1 940
1740789526412 0.1 941
1740789529889 0.1 942
1740789533888 0.1 943
1740789537763 0.1 944
1740789541711 0.1 945
1740789545515 0.1 946
1740789549604 0.1 947
1740789553511 0.1 948
1740789557189 0.1 949
1740789560935 0.1 950
1740789564863 0.1 951
1740789568521 0.1 952
1740789572289 0.1 953
1740789576138 0.1 954
1740789580017 0.1 955
1740789583828 0.1 956
1740789587845 0.1 957
1740789591923 0.1 958
1740789595736 0.1 959
1740789599437 0.1 960
1740789603056 0.1 961
1740789607005 0.1 962
1740789610912 0.1 963
1740789614790 0.1 964
1740789618402 0.1 965
1740789622173 0.1 966
1740789625866 0.1 967
1740789629882 0.1 968
1740789633632 0.1 969
1740789637548 0.1 970
1740789641604 0.1 971
1740789645488 0.1 972
1740789649255 0.1 973
1740789652699 0.1 974
1740789656466 0.1 975
1740789660415 0.1 976
1740789664287 0.1 977
1740789667957 0.1 978
1740789671838 0.1 979
1740789675504 0.1 980
1740789679222 0.1 981
1740789682934 0.1 982
1740789686598 0.1 983
1740789690302 0.1 984
1740789694304 0.1 985
1740789698095 0.1 986
1740789701672 0.1 987
1740789705531 0.1 988
1740789709407 0.1 989
1740789713153 0.1 990
1740789717527 0.1 991
1740789721520 0.1 992
1740789725716 0.1 993
1740789729451 0.1 994
1740789733481 0.1 995
1740789737208 0.1 996
1740789740998 0.1 997
1740789744690 0.1 998
1740789748547 0.1 999
1740789752232 0.1 1000
1740789756325 0.1 1001
1740789760061 0.1 1002
1740789764012 0.1 1003
1740789767803 0.1 1004
1740789771761 0.1 1005
1740789775452 0.1 1006
1740789779528 0.1 1007
1740789783277 0.1 1008
1740789787198 0.1 1009
1740789790989 0.1 1010
1740789794771 0.1 1011
1740789798668 0.1 1012
1740789802424 0.1 1013
1740789806360 0.1 1014
1740789810266 0.1 1015
1740789813966 0.1 1016
1740789818079 0.1 1017
1740789821596 0.1 1018
1740789825274 0.1 1019
1740789829043 0.1 1020
1740789832814 0.1 1021
1740789836299 0.1 1022
1740789840291 0.1 1023
1740789844144 0.1 1024
1740789848071 0.1 1025
1740789851912 0.1 1026
1740789855643 0.1 1027
1740789859384 0.1 1028
1740789863300 0.1 1029
1740789867289 0.1 1030
1740789871192 0.1 1031
1740789875263 0.1 1032
1740789878867 0.1 1033
1740789882478 0.1 1034
1740789886208 0.1 1035
1740789889944 0.1 1036
1740789893675 0.1 1037
1740789897302 0.1 1038
1740789901334 0.1 1039
1740789905368 0.1 1040
1740789909160 0.1 1041
1740789913024 0.1 1042
1740789916677 0.1 1043
1740789920487 0.1 1044
1740789924294 0.1 1045
1740789927946 0.1 1046
1740789931758 0.1 1047
1740789935537 0.1 1048
1740789939088 0.1 1049
1740789942698 0.1 1050
1740789946540 0.1 1051
1740789950391 0.1 1052
1740789954288 0.1 1053
1740789958185 0.1 1054
1740789962009 0.1 1055
1740789965913 0.1 1056
1740789969987 0.1 1057
1740789973819 0.1 1058
1740789977900 0.1 1059
1740789981765 0.1 1060
1740789985601 0.1 1061
1740789989512 0.1 1062
1740789993335 0.1 1063
1740789997033 0.1 1064
1740790000957 0.1 1065
1740790004650 0.1 1066
1740790009120 0.1 1067
1740790013043 0.1 1068
1740790016589 0.1 1069
1740790020461 0.1 1070
1740790024152 0.1 1071
1740790027893 0.1 1072
1740790031751 0.1 1073
1740790035718 0.1 1074
1740790039620 0.1 1075
1740790043608 0.1 1076
1740790047484 0.1 1077
1740790051192 0.1 1078
1740790055045 0.1 1079
1740790058910 0.1 1080
1740790062703 0.1 1081
1740790066772 0.1 1082
1740790070646 0.1 1083
1740790074389 0.1 1084
1740790078018 0.1 1085
1740790081892 0.1 1086
1740790085671 0.1 1087
1740790089374 0.1 1088
1740790093223 0.1 1089
1740790097164 0.1 1090
1740790101213 0.1 1091
1740790105252 0.1 1092
1740790109142 0.1 1093
1740790112962 0.1 1094
1740790116861 0.1 1095
1740790120548 0.1 1096
1740790124188 0.1 1097
1740790127749 0.1 1098
1740790131589 0.1 1099
1740790135473 0.1 1100
1740790139438 0.1 1101
1740790143140 0.1 1102
1740790147168 0.1 1103
1740790150950 0.1 1104
1740790154844 0.1 1105
1740790158479 0.1 1106
1740790162277 0.1 1107
1740790165925 0.1 1108
1740790169705 0.1 1109
1740790173358 0.1 1110
1740790177208 0.1 1111
1740790180858 0.1 1112
1740790184625 0.1 1113
1740790188586 0.1 1114
1740790192665 0.1 1115
1740790196521 0.1 1116
1740790200573 0.1 1117
1740790204386 0.1 1118
1740790208132 0.1 1119
1740790212146 0.1 1120
1740790215821 0.1 1121
1740790219539 0.1 1122
1740790223350 0.1 1123
1740790227292 0.1 1124
1740790230947 0.1 1125
1740790234845 0.1 1126
1740790238427 0.1 1127
1740790242209 0.1 1128
1740790245907 0.1 1129
1740790249643 0.1 1130
1740790253456 0.1 1131
1740790257497 0.1 1132
1740790261238 0.1 1133
1740790265946 0.1 1134
1740790269758 0.1 1135
1740790273357 0.1 1136
1740790277167 0.1 1137
1740790280820 0.1 1138
1740790284791 0.1 1139
1740790288390 0.1 1140
1740790292208 0.1 1141
1740790295965 0.1 1142
1740790299607 0.1 1143
1740790303356 0.1 1144
1740790307132 0.1 1145
1740790310979 0.1 1146
1740790314956 0.1 1147
1740790318540 0.1 1148
1740790322311 0.1 1149
1740790326167 0.1 1150
1740790330060 0.1 1151
1740790333937 0.1 1152
1740790337799 0.1 1153
1740790341709 0.1 1154
1740790345585 0.1 1155
1740790350516 0.1 1156
1740790354361 0.1 1157
1740790358478 0.1 1158
1740790362284 0.1 1159
1740790366282 0.1 1160
1740790370251 0.1 1161
1740790373874 0.1 1162
1740790377823 0.1 1163
1740790381803 0.1 1164
1740790385678 0.1 1165
1740790389377 0.1 1166
1740790394276 0.1 1167
1740790398265 0.1 1168
1740790402123 0.1 1169
1740790405917 0.1 1170
1740790409732 0.1 1171
1740790413477 0.1 1172
1740790417408 0.1 1173
1740790421053 0.1 1174
1740790424961 0.1 1175
1740790428879 0.1 1176
1740790432636 0.1 1177
1740790436372 0.1 1178
1740790440133 0.1 1179
1740790444030 0.1 1180
1740790448207 0.1 1181
1740790452197 0.1 1182
1740790455953 0.1 1183
1740790459666 0.1 1184
1740790463331 0.1 1185
1740790467185 0.1 1186
1740790471002 0.1 1187
1740790474642 0.1 1188
1740790478486 0.1 1189
1740790482300 0.1 1190
1740790486217 0.1 1191
1740790490004 0.1 1192
1740790493827 0.1 1193
1740790497537 0.1 1194
1740790501708 0.1 1195
1740790505887 0.1 1196
1740790509579 0.1 1197
1740790510503 0.1 1198
1740790514218 0.1 1199
1740790517974 0.1 1200
1740790521903 0.1 1201
1740790525533 0.1 1202
1740790529087 0.1 1203
1740790532712 0.1 1204
1740790536636 0.1 1205
1740790540400 0.1 1206
1740790544300 0.1 1207
1740790548266 0.1 1208
1740790552392 0.1 1209
1740790556269 0.1 1210
1740790560365 0.1 1211
1740790564127 0.1 1212
1740790568160 0.1 1213
1740790571923 0.1 1214
1740790575898 0.1 1215
1740790579761 0.1 1216
1740790583530 0.1 1217
1740790587309 0.1 1218
1740790591090 0.1 1219
1740790594848 0.1 1220
1740790600963 0.1 1221
1740790604859 0.1 1222
1740790608583 0.1 1223
1740790612351 0.1 1224
1740790615957 0.1 1225
1740790619810 0.1 1226
1740790623664 0.1 1227
1740790627499 0.1 1228
1740790631384 0.1 1229
1740790635170 0.1 1230
1740790639101 0.1 1231
1740790642815 0.1 1232
1740790646704 0.1 1233
1740790650505 0.1 1234
1740790654352 0.1 1235
1740790658249 0.1 1236
1740790662009 0.1 1237
1740790665988 0.1 1238
1740790669859 0.1 1239
1740790673391 0.1 1240
1740790677296 0.1 1241
1740790681158 0.1 1242
1740790687578 0.1 1243
1740790691271 0.1 1244
1740790694943 0.1 1245
1740790698863 0.1 1246
1740790705165 0.1 1247
1740790709417 0.1 1248
1740790713228 0.1 1249
1740790717046 0.1 1250
1740790721010 0.1 1251
1740790724887 0.1 1252
1740790728800 0.1 1253
1740790732615 0.1 1254
1740790736537 0.1 1255
1740790740329 0.1 1256
1740790744102 0.1 1257
1740790748185 0.1 1258
1740790751971 0.1 1259
1740790755768 0.1 1260
1740790759443 0.1 1261
1740790763195 0.1 1262
1740790767034 0.1 1263
1740790771225 0.1 1264
1740790775087 0.1 1265
1740790779087 0.1 1266
1740790782671 0.1 1267
1740790786462 0.1 1268
1740790790141 0.1 1269
1740790793890 0.1 1270
1740790797880 0.1 1271
1740790807699 0.1 1272
1740790811191 0.1 1273
1740790815137 0.1 1274
1740790818987 0.1 1275
1740790823137 0.1 1276
1740790826918 0.1 1277
1740790830443 0.1 1278
1740790834112 0.1 1279
1740790837897 0.1 1280
1740790841473 0.1 1281
1740790845254 0.1 1282
1740790849165 0.1 1283
1740790853064 0.1 1284
1740790856936 0.1 1285
1740790861031 0.1 1286
1740790864865 0.1 1287
1740790868704 0.1 1288
1740790872521 0.1 1289
1740790876220 0.1 1290
1740790880045 0.1 1291
1740790883787 0.1 1292
1740790887608 0.1 1293
1740790891468 0.1 1294
1740790895249 0.1 1295
1740790898829 0.1 1296
1740790902497 0.1 1297
1740790906243 0.1 1298
1740790909958 0.1 1299
1740790913526 0.1 1300
1740790917294 0.1 1301
1740790922418 0.1 1302
1740790926128 0.1 1303
1740790929943 0.1 1304
1740790933790 0.1 1305
1740790937639 0.1 1306
1740790941695 0.1 1307
1740790945395 0.1 1308
1740790949093 0.1 1309
1740790952852 0.1 1310
1740790956682 0.1 1311
1740790961448 0.1 1312
1740790965074 0.1 1313
1740790969162 0.1 1314
1740790972861 0.1 1315
1740790976672 0.1 1316
1740790980444 0.1 1317
1740790984145 0.1 1318
1740790991774 0.1 1319
1740790995681 0.1 1320
1740790999447 0.1 1321
1740791003328 0.1 1322
1740791007055 0.1 1323
1740791010807 0.1 1324
1740791014447 0.1 1325
1740791018386 0.1 1326
1740791022010 0.1 1327
1740791025642 0.1 1328
1740791029440 0.1 1329
1740791033290 0.1 1330
1740791037468 0.1 1331
1740791041192 0.1 1332
1740791045007 0.1 1333
1740791048744 0.1 1334
1740791052398 0.1 1335
1740791056513 0.1 1336
1740791060274 0.1 1337
1740791063956 0.1 1338
1740791067764 0.1 1339
1740791071804 0.1 1340
1740791075676 0.1 1341
1740791079651 0.1 1342
1740791083665 0.1 1343
1740791087424 0.1 1344
1740791091340 0.1 1345
1740791095150 0.1 1346
1740791098867 0.1 1347
1740791102651 0.1 1348
1740791106374 0.1 1349
1740791110155 0.1 1350
1740791114129 0.1 1351
1740791117854 0.1 1352
1740791121747 0.1 1353
1740791125683 0.1 1354
1740791129265 0.1 1355
1740791130388 0.1 1356
1740791134146 0.1 1357
1740791140005 0.1 1358
1740791143819 0.1 1359
1740791147884 0.1 1360
1740791151918 0.1 1361
1740791155534 0.1 1362
1740791159250 0.1 1363
1740791163620 0.1 1364
1740791167386 0.1 1365
1740791171127 0.1 1366
1740791175013 0.1 1367
1740791178601 0.1 1368
1740791182137 0.1 1369
1740791186051 0.1 1370
1740791189652 0.1 1371
1740791195838 0.1 1372
1740791199578 0.1 1373
1740791203261 0.1 1374
1740791207071 0.1 1375
1740791210933 0.1 1376
1740791214516 0.1 1377
1740791218023 0.1 1378
1740791221797 0.1 1379
1740791225484 0.1 1380
1740791229356 0.1 1381
1740791233307 0.1 1382
1740791236916 0.1 1383
1740791240707 0.1 1384
1740791244354 0.1 1385
1740791248272 0.1 1386
1740791254861 0.1 1387
1740791258716 0.1 1388
1740791262513 0.1 1389
1740791266274 0.1 1390
1740791270144 0.1 1391
1740791274021 0.1 1392
1740791277886 0.1 1393
1740791281578 0.1 1394
1740791285633 0.1 1395
1740791289425 0.1 1396
1740791293404 0.1 1397
1740791296946 0.1 1398
1740791300749 0.1 1399
1740791304853 0.1 1400
1740791309783 0.1 1401
1740791313792 0.1 1402
1740791317562 0.1 1403
1740791321396 0.1 1404
1740791325082 0.1 1405
1740791328701 0.1 1406
1740791332507 0.1 1407
1740791336558 0.1 1408
1740791341299 0.1 1409
1740791345129 0.1 1410
1740791348998 0.1 1411
1740791352807 0.1 1412
1740791356639 0.1 1413
1740791361198 0.1 1414
1740791364895 0.1 1415
1740791368628 0.1 1416
1740791372466 0.1 1417
1740791376365 0.1 1418
1740791380151 0.1 1419
1740791384022 0.1 1420
1740791387973 0.1 1421
1740791391826 0.1 1422
1740791395899 0.1 1423
1740791399613 0.1 1424
1740791403351 0.1 1425
1740791406968 0.1 1426
1740791410869 0.1 1427
1740791414465 0.1 1428
1740791418032 0.1 1429
1740791422135 0.1 1430
1740791425970 0.1 1431
1740791429642 0.1 1432
1740791433542 0.1 1433
1740791437903 0.1 1434
1740791441794 0.1 1435
1740791445519 0.1 1436
1740791449296 0.1 1437
1740791453134 0.1 1438
1740791457146 0.1 1439
1740791460772 0.1 1440
1740791464382 0.1 1441
1740791468149 0.1 1442
1740791471873 0.1 1443
1740791475625 0.1 1444
1740791479328 0.1 1445
1740791483139 0.1 1446
1740791487005 0.1 1447
1740791490959 0.1 1448
1740791494790 0.1 1449
1740791498723 0.1 1450
1740791502392 0.1 1451
1740791506291 0.1 1452
1740791510159 0.1 1453
1740791514135 0.1 1454
1740791518010 0.1 1455
1740791521835 0.1 1456
1740791525671 0.1 1457
1740791529681 0.1 1458
1740791533476 0.1 1459
1740791537008 0.1 1460
1740791540761 0.1 1461
1740791544731 0.1 1462
1740791548814 0.1 1463
1740791552767 0.1 1464
1740791556475 0.1 1465
1740791560432 0.1 1466
1740791564103 0.1 1467
1740791567972 0.1 1468
1740791571569 0.1 1469
1740791575318 0.1 1470
1740791579136 0.1 1471
1740791583043 0.1 1472
1740791587109 0.1 1473
1740791590981 0.1 1474
1740791594945 0.1 1475
1740791598737 0.1 1476
1740791602677 0.1 1477
1740791606449 0.1 1478
1740791610171 0.1 1479
1740791613926 0.1 1480
1740791617626 0.1 1481
1740791621313 0.1 1482
1740791625105 0.1 1483
1740791628789 0.1 1484
1740791632589 0.1 1485
1740791636348 0.1 1486
1740791640157 0.1 1487
1740791643780 0.1 1488
1740791647470 0.1 1489
1740791651155 0.1 1490
1740791655061 0.1 1491
1740791658713 0.1 1492
1740791662644 0.1 1493
1740791666156 0.1 1494
1740791670146 0.1 1495
1740791673858 0.1 1496
1740791678403 0.1 1497
1740791682170 0.1 1498
1740791685777 0.1 1499
1740791689408 0.1 1500
1740791693319 0.1 1501
1740791694045 0.1 1502
1740791698005 0.1 1503
1740791701915 0.1 1504
1740791705769 0.1 1505
1740791709647 0.1 1506
1740791713191 0.1 1507
1740791717142 0.1 1508
1740791720753 0.1 1509
1740791724630 0.1 1510
1740791728350 0.1 1511
1740791732146 0.1 1512
1740791735806 0.1 1513
1740791741510 0.1 1514
1740791745146 0.1 1515
1740791748844 0.1 1516
1740791752720 0.1 1517
1740791756546 0.1 1518
1740791760529 0.1 1519
1740791764352 0.1 1520
1740791768409 0.1 1521
1740791772195 0.1 1522
1740791776712 0.1 1523
1740791780382 0.1 1524
1740791784306 0.1 1525
1740791787930 0.1 1526
1740791791581 0.1 1527
1740791795674 0.1 1528
1740791799672 0.1 1529
1740791803523 0.1 1530
1740791807333 0.1 1531
1740791811098 0.1 1532
1740791815161 0.1 1533
1740791818992 0.1 1534
1740791823185 0.1 1535
1740791827044 0.1 1536
1740791831035 0.1 1537
1740791834845 0.1 1538
1740791838653 0.1 1539
1740791842559 0.1 1540
1740791846358 0.1 1541
1740791850098 0.1 1542
1740791854089 0.1 1543
1740791857947 0.1 1544
1740791861990 0.1 1545
1740791866023 0.1 1546
1740791870080 0.1 1547
1740791873944 0.1 1548
1740791877742 0.1 1549
1740791881766 0.1 1550
1740791885522 0.1 1551
1740791890131 0.1 1552
1740791893918 0.1 1553
1740791897795 0.1 1554
1740791901374 0.1 1555
1740791905227 0.1 1556
1740791909020 0.1 1557
1740791912856 0.1 1558
1740791916517 0.1 1559
1740791920553 0.1 1560
1740791924260 0.1 1561
1740791927937 0.1 1562
1740791931778 0.1 1563
1740791935615 0.1 1564
1740791939110 0.1 1565
1740791942825 0.1 1566
1740791946687 0.1 1567
1740791950341 0.1 1568
1740791953871 0.1 1569
1740791957705 0.1 1570
1740791961360 0.1 1571
1740791965154 0.1 1572
1740791969047 0.1 1573
1740791972689 0.1 1574
1740791976515 0.1 1575
1740791980450 0.1 1576
1740791984222 0.1 1577
1740791987779 0.1 1578
1740791991366 0.1 1579
1740791995209 0.1 1580
1740791998755 0.1 1581
1740792002619 0.1 1582
1740792006372 0.1 1583
1740792010214 0.1 1584
1740792013905 0.1 1585
1740792017593 0.1 1586
1740792021299 0.1 1587
1740792025216 0.1 1588
1740792029102 0.1 1589
1740792032978 0.1 1590
1740792036979 0.1 1591
1740792040846 0.1 1592
1740792044857 0.1 1593
1740792048888 0.1 1594
1740792052642 0.1 1595
1740792056311 0.1 1596
1740792060449 0.1 1597
1740792064238 0.1 1598
1740792067894 0.1 1599
1740792071625 0.1 1600
1740792075529 0.1 1601
1740792079549 0.1 1602
1740792084083 0.1 1603
1740792090326 0.1 1604
1740792094373 0.1 1605
1740792098101 0.1 1606
1740792102109 0.1 1607
1740792105948 0.1 1608
1740792109664 0.1 1609
1740792113329 0.1 1610
1740792116910 0.1 1611
1740792120783 0.1 1612
1740792124448 0.1 1613
1740792128254 0.1 1614
1740792132131 0.1 1615
1740792135904 0.1 1616
1740792139887 0.1 1617
1740792143508 0.1 1618
1740792147285 0.1 1619
1740792150956 0.1 1620
1740792154950 0.1 1621
1740792158735 0.1 1622
1740792162665 0.1 1623
1740792166424 0.1 1624
1740792170289 0.1 1625
1740792174084 0.1 1626
1740792177934 0.1 1627
1740792181594 0.1 1628
1740792185732 0.1 1629
1740792189591 0.1 1630
1740792193514 0.1 1631
1740792197370 0.1 1632
1740792201290 0.1 1633
1740792202131 0.1 1634
1740792205825 0.1 1635
1740792209613 0.1 1636
1740792213442 0.1 1637
1740792217132 0.1 1638
1740792220872 0.1 1639
1740792224623 0.1 1640
1740792228356 0.1 1641
1740792231913 0.1 1642
1740792235904 0.1 1643
1740792239673 0.1 1644
1740792243589 0.1 1645
1740792247517 0.1 1646
1740792251242 0.1 1647
1740792255128 0.1 1648
1740792258815 0.1 1649
1740792260309 0.1 1650
1740792264018 0.1 1651
1740792267802 0.1 1652
1740792271558 0.1 1653
1740792275222 0.1 1654
1740792279672 0.1 1655
1740792283398 0.1 1656
1740792287166 0.1 1657
1740792291063 0.1 1658
1740792294750 0.1 1659
1740792304380 0.1 1660
1740792308113 0.1 1661
1740792311989 0.1 1662
1740792315577 0.1 1663
1740792319411 0.1 1664
1740792323203 0.1 1665
1740792326860 0.1 1666
1740792330491 0.1 1667
1740792334184 0.1 1668
1740792338099 0.1 1669
1740792341820 0.1 1670
1740792345631 0.1 1671
1740792349548 0.1 1672
1740792353686 0.1 1673
1740792357562 0.1 1674
1740792361112 0.1 1675
1740792364852 0.1 1676
1740792368919 0.1 1677
1740792372657 0.1 1678
1740792376313 0.1 1679
1740792380069 0.1 1680
1740792384138 0.1 1681
1740792388154 0.1 1682
1740792392098 0.1 1683
1740792395858 0.1 1684
1740792399721 0.1 1685
1740792403682 0.1 1686
1740792407492 0.1 1687
1740792411167 0.1 1688
1740792415161 0.1 1689
1740792419096 0.1 1690
1740792423004 0.1 1691
1740792427038 0.1 1692
1740792431149 0.1 1693
1740792435070 0.1 1694
1740792438763 0.1 1695
1740792442996 0.1 1696
1740792446883 0.1 1697
1740792450603 0.1 1698
1740792454517 0.1 1699
1740792458328 0.1 1700
1740792462008 0.1 1701
1740792465830 0.1 1702
1740792469570 0.1 1703
1740792473399 0.1 1704
1740792477169 0.1 1705
1740792481117 0.1 1706
1740792484942 0.1 1707
1740792489011 0.1 1708
1740792492876 0.1 1709
1740792496545 0.1 1710
1740792500224 0.1 1711
1740792504057 0.1 1712
1740792508132 0.1 1713
1740792511877 0.1 1714
1740792515809 0.1 1715
1740792519902 0.1 1716
1740792523570 0.1 1717
1740792527352 0.1 1718
1740792531019 0.1 1719
1740792534999 0.1 1720
1740792538930 0.1 1721
1740792542709 0.1 1722
1740792546691 0.1 1723
1740792550403 0.1 1724
1740792554262 0.1 1725
1740792559334 0.1 1726
1740792563262 0.1 1727
1740792567514 0.1 1728
1740792571277 0.1 1729
1740792575096 0.1 1730
1740792578777 0.1 1731
1740792582499 0.1 1732
1740792586455 0.1 1733
1740792590231 0.1 1734
1740792593987 0.1 1735
1740792597818 0.1 1736
1740792601631 0.1 1737
1740792605414 0.1 1738
1740792609185 0.1 1739
1740792613290 0.1 1740
1740792617009 0.1 1741
1740792620767 0.1 1742
1740792624549 0.1 1743
1740792628267 0.1 1744
1740792631922 0.1 1745
1740792635612 0.1 1746
1740792639478 0.1 1747
1740792643248 0.1 1748
1740792647198 0.1 1749
1740792651079 0.1 1750
1740792655016 0.1 1751
1740792658784 0.1 1752
1740792662373 0.1 1753
1740792666160 0.1 1754
1740792669931 0.1 1755
1740792673834 0.1 1756
1740792677580 0.1 1757
1740792681326 0.1 1758
1740792685497 0.1 1759
1740792689441 0.1 1760
1740792693278 0.1 1761
1740792696955 0.1 1762
1740792700664 0.1 1763
1740792704349 0.1 1764
1740792708126 0.1 1765
1740792711910 0.1 1766
1740792715695 0.1 1767
1740792719632 0.1 1768
1740792723412 0.1 1769
1740792726979 0.1 1770
1740792730979 0.1 1771
1740792735287 0.1 1772
1740792738972 0.1 1773
1740792742856 0.1 1774
1740792746500 0.1 1775
1740792750329 0.1 1776
1740792754227 0.1 1777
1740792757829 0.1 1778
1740792761463 0.1 1779
1740792765063 0.1 1780
1740792768817 0.1 1781
1740792772602 0.1 1782
1740792776760 0.1 1783
1740792780362 0.1 1784
1740792784282 0.1 1785
1740792788069 0.1 1786
1740792791706 0.1 1787
1740792795187 0.1 1788
1740792799132 0.1 1789
1740792802988 0.1 1790
1740792806635 0.1 1791
1740792810505 0.1 1792
1740792814384 0.1 1793
1740792818387 0.1 1794
1740792822118 0.1 1795
1740792826002 0.1 1796
1740792831515 0.1 1797
1740792835227 0.1 1798
1740792838876 0.1 1799
1740792842685 0.1 1800
1740792846877 0.1 1801
1740792850983 0.1 1802
1740792854668 0.1 1803
1740792858394 0.1 1804
1740792862205 0.1 1805
1740792866041 0.1 1806
1740792869804 0.1 1807
1740792874544 0.1 1808
1740792878700 0.1 1809
1740792882441 0.1 1810
1740792886245 0.1 1811
1740792889992 0.1 1812
1740792893898 0.1 1813
1740792897562 0.1 1814
1740792901329 0.1 1815
1740792905241 0.1 1816
1740792908807 0.1 1817
1740792912598 0.1 1818
1740792916569 0.1 1819
1740792920720 0.1 1820
1740792924762 0.1 1821
1740792928656 0.1 1822
1740792932377 0.1 1823
1740792936091 0.1 1824
1740792939988 0.1 1825
1740792943798 0.1 1826
1740792947584 0.1 1827
1740792951631 0.1 1828
1740792955584 0.1 1829
1740792959396 0.1 1830
1740792963208 0.1 1831
1740792966837 0.1 1832
1740792970818 0.1 1833
1740792974586 0.1 1834
1740792978319 0.1 1835
1740792982151 0.1 1836
1740792985829 0.1 1837
1740792989642 0.1 1838
1740792993427 0.1 1839
1740792997426 0.1 1840
1740793003175 0.1 1841
1740793007052 0.1 1842
1740793010911 0.1 1843
1740793014587 0.1 1844
1740793018197 0.1 1845
1740793021948 0.1 1846
1740793025677 0.1 1847
1740793029605 0.1 1848
1740793033395 0.1 1849
1740793037148 0.1 1850
1740793040748 0.1 1851
1740793044697 0.1 1852
1740793048666 0.1 1853
1740793052371 0.1 1854
1740793056032 0.1 1855
1740793059931 0.1 1856
1740793063520 0.1 1857
1740793067496 0.1 1858
1740793071342 0.1 1859
1740793075214 0.1 1860
1740793078796 0.1 1861
1740793082836 0.1 1862
1740793086524 0.1 1863
1740793090410 0.1 1864
1740793094232 0.1 1865
1740793098185 0.1 1866
1740793101941 0.1 1867
1740793105745 0.1 1868
1740793109596 0.1 1869
1740793118138 0.1 1870
1740793122159 0.1 1871
1740793125935 0.1 1872
1740793129863 0.1 1873
1740793133852 0.1 1874
1740793137879 0.1 1875
1740793141807 0.1 1876
1740793145628 0.1 1877
1740793149626 0.1 1878
1740793153222 0.1 1879
1740793154728 0.1 1880
1740793158605 0.1 1881
1740793162414 0.1 1882
1740793166277 0.1 1883
1740793170148 0.1 1884
1740793173882 0.1 1885
1740793177802 0.1 1886
1740793181527 0.1 1887
1740793185300 0.1 1888
1740793188859 0.1 1889
1740793192642 0.1 1890
1740793196433 0.1 1891
1740793200097 0.1 1892
1740793203847 0.1 1893
1740793207590 0.1 1894
1740793211305 0.1 1895
1740793215028 0.1 1896
1740793218814 0.1 1897
1740793222694 0.1 1898
1740793227227 0.1 1899
1740793231050 0.1 1900
1740793234951 0.1 1901
1740793238787 0.1 1902
1740793242526 0.1 1903
1740793246305 0.1 1904
1740793249963 0.1 1905
1740793253730 0.1 1906
1740793257452 0.1 1907
1740793261095 0.1 1908
1740793265008 0.1 1909
1740793269111 0.1 1910
1740793272771 0.1 1911
1740793276583 0.1 1912
1740793280266 0.1 1913
1740793284216 0.1 1914
1740793288096 0.1 1915
1740793292086 0.1 1916
1740793296220 0.1 1917
1740793300125 0.1 1918
1740793303941 0.1 1919
1740793307861 0.1 1920
1740793311623 0.1 1921
1740793315276 0.1 1922
1740793318874 0.1 1923
1740793322472 0.1 1924
1740793326236 0.1 1925
1740793329955 0.1 1926
1740793333817 0.1 1927
1740793343552 0.1 1928
1740793347343 0.1 1929
1740793351732 0.1 1930
1740793356332 0.1 1931
1740793360453 0.1 1932
1740793364451 0.1 1933
1740793368311 0.1 1934
1740793371917 0.1 1935
1740793376939 0.1 1936
1740793380696 0.1 1937
1740793384391 0.1 1938
1740793388068 0.1 1939
1740793391998 0.1 1940
1740793395618 0.1 1941
1740793399337 0.1 1942
1740793403097 0.1 1943
1740793406737 0.1 1944
1740793410320 0.1 1945
1740793414134 0.1 1946
1740793417677 0.1 1947
1740793421172 0.1 1948
1740793424707 0.1 1949
1740793428317 0.1 1950
1740793431883 0.1 1951
1740793435763 0.1 1952
1740793439402 0.1 1953
1740793445987 0.1 1954
1740793449725 0.1 1955
1740793453345 0.1 1956
1740793456882 0.1 1957
1740793460534 0.1 1958
1740793464252 0.1 1959
1740793467779 0.1 1960
1740793471684 0.1 1961
1740793475518 0.1 1962
1740793479635 0.1 1963
1740793483428 0.1 1964
1740793487329 0.1 1965
1740793491089 0.1 1966
1740793494821 0.1 1967
1740793498796 0.1 1968
1740793502600 0.1 1969
1740793506323 0.1 1970
1740793510291 0.1 1971
1740793514031 0.1 1972
1740793517726 0.1 1973
1740793521692 0.1 1974
1740793525454 0.1 1975
1740793529375 0.1 1976
1740793533350 0.1 1977
1740793537198 0.1 1978
1740793540933 0.1 1979
1740793544821 0.1 1980
1740793548408 0.1 1981
1740793552024 0.1 1982
1740793556079 0.1 1983
1740793559606 0.1 1984
1740793563443 0.1 1985
1740793566992 0.1 1986
1740793570759 0.1 1987
1740793574629 0.1 1988
1740793578728 0.1 1989
1740793582664 0.1 1990
1740793585067 0.1 1991
1740793588748 0.1 1992
1740793593509 0.1 1993
1740793596985 0.1 1994
1740793600793 0.1 1995
1740793604302 0.1 1996
1740793607717 0.1 1997
1740793611175 0.1 1998
1740793614647 0.1 1999
1740793618266 0.1 2000
1740793623763 0.1 2001
1740793627485 0.1 2002
1740793631207 0.1 2003
1740793635033 0.1 2004
1740793638522 0.1 2005
1740793643049 0.1 2006
1740793646388 0.1 2007
1740793650170 0.1 2008
1740793653810 0.1 2009
1740793657188 0.1 2010
1740793660829 0.1 2011
1740793664230 0.1 2012
1740793667802 0.1 2013
1740793671203 0.1 2014
1740793674922 0.1 2015
1740793678813 0.1 2016
1740793682248 0.1 2017
1740793686233 0.1 2018
1740793689825 0.1 2019
1740793693508 0.1 2020
1740793697511 0.1 2021
1740793701019 0.1 2022
1740793704720 0.1 2023
1740793708427 0.1 2024
1740793711945 0.1 2025
1740793715777 0.1 2026
1740793719449 0.1 2027
1740793722958 0.1 2028
1740793726602 0.1 2029
1740793730189 0.1 2030
1740793733918 0.1 2031
1740793737842 0.1 2032
1740793741430 0.1 2033
1740793745501 0.1 2034
1740793749053 0.1 2035
1740793752915 0.1 2036
1740793756628 0.1 2037
1740793760149 0.1 2038
1740793763643 0.1 2039
1740793769668 0.1 2040
1740793773435 0.1 2041
1740793777499 0.1 2042
1740793781186 0.1 2043
1740793784694 0.1 2044
1740793788204 0.1 2045
1740793792014 0.1 2046
1740793796074 0.1 2047
1740793799701 0.1 2048
1740793803320 0.1 2049
1740793806997 0.1 2050
1740793812189 0.1 2051
1740793815912 0.1 2052
1740793819315 0.1 2053
1740793823014 0.1 2054
1740793826739 0.1 2055
1740793830212 0.1 2056
1740793833661 0.1 2057
1740793837176 0.1 2058
1740793840965 0.1 2059
1740793844525 0.1 2060
1740793848238 0.1 2061
1740793851960 0.1 2062
1740793855659 0.1 2063
1740793859448 0.1 2064
1740793863233 0.1 2065
1740793866865 0.1 2066
1740793870584 0.1 2067
1740793874711 0.1 2068
1740793878554 0.1 2069
1740793882075 0.1 2070
1740793885922 0.1 2071
1740793889483 0.1 2072
1740793892967 0.1 2073
1740793896601 0.1 2074
1740793900564 0.1 2075
1740793904277 0.1 2076
1740793907865 0.1 2077
1740793911551 0.1 2078
1740793915461 0.1 2079
1740793919138 0.1 2080
1740793923300 0.1 2081
1740793927008 0.1 2082
1740793930809 0.1 2083
1740793936456 0.1 2084
1740793940275 0.1 2085
1740793944383 0.1 2086
1740793947937 0.1 2087
1740793951518 0.1 2088
1740793954944 0.1 2089
1740793958485 0.1 2090
1740793961874 0.1 2091
1740793965477 0.1 2092
1740793969097 0.1 2093
1740793972671 0.1 2094
1740793976346 0.1 2095
1740793980162 0.1 2096
1740793983612 0.1 2097
1740793987249 0.1 2098
1740793990976 0.1 2099
1740793994463 0.1 2100
1740793998123 0.1 2101
1740794001890 0.1 2102
1740794005355 0.1 2103
1740794009120 0.1 2104
1740794012621 0.1 2105
1740794016056 0.1 2106
1740794019879 0.1 2107
1740794023792 0.1 2108
1740794027588 0.1 2109
1740794031099 0.1 2110
1740794034823 0.1 2111
1740794038410 0.1 2112
1740794042253 0.1 2113
1740794046051 0.1 2114
1740794050033 0.1 2115
1740794053671 0.1 2116
1740794057152 0.1 2117
1740794061176 0.1 2118
1740794064881 0.1 2119
1740794068846 0.1 2120
1740794072460 0.1 2121
1740794076165 0.1 2122
1740794079958 0.1 2123
1740794083637 0.1 2124
1740794089222 0.1 2125
1740794092917 0.1 2126
1740794096703 0.1 2127
1740794101087 0.1 2128
1740794104803 0.1 2129
1740794112306 0.1 2130
1740794117175 0.1 2131
1740794121066 0.1 2132
1740794125118 0.1 2133
1740794129201 0.1 2134
1740794133148 0.1 2135
1740794136724 0.1 2136
1740794140976 0.1 2137
1740794144700 0.1 2138
1740794148510 0.1 2139
1740794152279 0.1 2140
1740794155924 0.1 2141
1740794159581 0.1 2142
1740794165270 0.1 2143
1740794169494 0.1 2144
1740794173251 0.1 2145
1740794176762 0.1 2146
1740794180251 0.1 2147
1740794186295 0.1 2148
1740794189775 0.1 2149
1740794196671 0.1 2150
1740794200195 0.1 2151
1740794203774 0.1 2152
1740794207361 0.1 2153
1740794210813 0.1 2154
1740794214708 0.1 2155
1740794218321 0.1 2156
1740794224202 0.1 2157
1740794227987 0.1 2158
1740794231605 0.1 2159
1740794235874 0.1 2160
1740794241158 0.1 2161
1740794244864 0.1 2162
1740794248356 0.1 2163
1740794251889 0.1 2164
1740794255320 0.1 2165
1740794258951 0.1 2166
1740794262924 0.1 2167
1740794266460 0.1 2168
1740794270001 0.1 2169
1740794273454 0.1 2170
1740794277093 0.1 2171
1740794280787 0.1 2172
1740794284698 0.1 2173
1740794288309 0.1 2174
1740794292405 0.1 2175
1740794295959 0.1 2176
1740794299636 0.1 2177
1740794303315 0.1 2178
1740794307070 0.1 2179
1740794310581 0.1 2180
1740794314276 0.1 2181
1740794321628 0.1 2182
1740794325202 0.1 2183
1740794328875 0.1 2184
1740794332569 0.1 2185
1740794336284 0.1 2186
1740794340608 0.1 2187
1740794344950 0.1 2188
1740794348967 0.1 2189
1740794352471 0.1 2190
1740794357067 0.1 2191
1740794360775 0.1 2192
1740794364444 0.1 2193
1740794367925 0.1 2194
1740794371756 0.1 2195
1740794375562 0.1 2196
1740794379149 0.1 2197
1740794382743 0.1 2198
1740794386091 0.1 2199
1740794389853 0.1 2200
1740794393555 0.1 2201
1740794397356 0.1 2202
1740794401025 0.1 2203
1740794404779 0.1 2204
1740794408488 0.1 2205
1740794412004 0.1 2206
1740794415407 0.1 2207
1740794419257 0.1 2208
1740794422789 0.1 2209
1740794426548 0.1 2210
1740794430034 0.1 2211
1740794433853 0.1 2212
1740794437516 0.1 2213
1740794441290 0.1 2214
1740794451609 0.1 2215
1740794455114 0.1 2216
1740794458676 0.1 2217
1740794462304 0.1 2218
1740794465724 0.1 2219
1740794469259 0.1 2220
1740794473042 0.1 2221
1740794477391 0.1 2222
1740794481244 0.1 2223
1740794484834 0.1 2224
1740794488417 0.1 2225
1740794492122 0.1 2226
1740794495837 0.1 2227
1740794499532 0.1 2228
1740794503122 0.1 2229
1740794506798 0.1 2230
1740794510610 0.1 2231
1740794514264 0.1 2232
1740794518183 0.1 2233
1740794521868 0.1 2234
1740794525581 0.1 2235
1740794529352 0.1 2236
1740794532221 0.1 2237
1740794536000 0.1 2238
1740794539717 0.1 2239
1740794543453 0.1 2240
1740794546279 0.1 2241
1740794549901 0.1 2242
1740794553534 0.1 2243
1740794557279 0.1 2244
1740794561365 0.1 2245
1740794564950 0.1 2246
1740794569681 0.1 2247
1740794573471 0.1 2248
1740794577032 0.1 2249
1740794580641 0.1 2250
1740794584199 0.1 2251
1740794588080 0.1 2252
1740794591830 0.1 2253
1740794595375 0.1 2254
1740794598981 0.1 2255
1740794602656 0.1 2256
1740794606235 0.1 2257
1740794610014 0.1 2258
1740794613857 0.1 2259
1740794614521 0.1 2260
1740794618259 0.1 2261
1740794622183 0.1 2262
1740794625853 0.1 2263
1740794629571 0.1 2264
1740794633044 0.1 2265
1740794636629 0.1 2266
1740794640090 0.1 2267
1740794643614 0.1 2268
1740794647041 0.1 2269
1740794650904 0.1 2270
1740794657135 0.1 2271
1740794660557 0.1 2272
1740794664235 0.1 2273
1740794667716 0.1 2274
1740794671274 0.1 2275
1740794675170 0.1 2276
1740794678911 0.1 2277
1740794682703 0.1 2278
1740794686597 0.1 2279
1740794690532 0.1 2280
1740794694130 0.1 2281
1740794697888 0.1 2282
1740794701617 0.1 2283
1740794705211 0.1 2284
1740794709040 0.1 2285
1740794712590 0.1 2286
1740794716295 0.1 2287
1740794719938 0.1 2288
1740794723690 0.1 2289
1740794727325 0.1 2290
1740794731015 0.1 2291
1740794734870 0.1 2292
1740794738645 0.1 2293
1740794742448 0.1 2294
1740794746166 0.1 2295
1740794749688 0.1 2296
1740794753172 0.1 2297
1740794757187 0.1 2298
1740794760823 0.1 2299
1740794764923 0.1 2300
1740794768490 0.1 2301
1740794776639 0.1 2302
1740794780442 0.1 2303
1740794784133 0.1 2304
1740794788047 0.1 2305
1740794791515 0.1 2306
1740794795272 0.1 2307
1740794801084 0.1 2308
1740794807245 0.1 2309
1740794810859 0.1 2310
1740794814464 0.1 2311
1740794818094 0.1 2312
1740794821526 0.1 2313
1740794825353 0.1 2314
1740794828811 0.1 2315
1740794832767 0.1 2316
1740794836557 0.1 2317
1740794840441 0.1 2318
1740794844345 0.1 2319
1740794848700 0.1 2320
1740794852550 0.1 2321
1740794856201 0.1 2322
1740794859980 0.1 2323
1740794863555 0.1 2324
1740794866938 0.1 2325
1740794870500 0.1 2326
1740794875206 0.1 2327
1740794879022 0.1 2328
1740794882825 0.1 2329
1740794886533 0.1 2330
1740794890192 0.1 2331
1740794893703 0.1 2332
1740794897503 0.1 2333
1740794901005 0.1 2334
1740794904614 0.1 2335
1740794908376 0.1 2336
1740794912057 0.1 2337
1740794915720 0.1 2338
1740794919751 0.1 2339
1740794923350 0.1 2340
1740794926992 0.1 2341
1740794930568 0.1 2342
1740794934732 0.1 2343
1740794939327 0.1 2344
1740794943228 0.1 2345
1740794946977 0.1 2346
1740794950663 0.1 2347
1740794954347 0.1 2348
1740794957855 0.1 2349
1740794961636 0.1 2350
1740794965563 0.1 2351
1740794969506 0.1 2352
1740794972918 0.1 2353
1740794976508 0.1 2354
1740794980190 0.1 2355
1740794983881 0.1 2356
1740794987513 0.1 2357
1740794991095 0.1 2358
1740794994688 0.1 2359
1740794998275 0.1 2360
1740795001662 0.1 2361
1740795013076 0.1 2362
1740795016824 0.1 2363
1740795020646 0.1 2364
1740795024211 0.1 2365
1740795027910 0.1 2366
1740795031322 0.1 2367
1740795035177 0.1 2368
1740795038663 0.1 2369
1740795042411 0.1 2370
1740795046005 0.1 2371
1740795051085 0.1 2372
1740795055102 0.1 2373
1740795058940 0.1 2374
1740795062928 0.1 2375
1740795066576 0.1 2376
1740795070307 0.1 2377
1740795073776 0.1 2378
1740795078426 0.1 2379
1740795082101 0.1 2380
1740795085805 0.1 2381
1740795089446 0.1 2382
1740795093699 0.1 2383
1740795097486 0.1 2384
1740795101124 0.1 2385
1740795104964 0.1 2386
1740795108796 0.1 2387
1740795112565 0.1 2388
1740795116660 0.1 2389
1740795120246 0.1 2390
1740795124119 0.1 2391
1740795127645 0.1 2392
1740795131502 0.1 2393
1740795135029 0.1 2394
1740795138767 0.1 2395
1740795142383 0.1 2396
1740795146173 0.1 2397
1740795149820 0.1 2398
1740795153296 0.1 2399
1740795156609 0.1 2400
1740795160245 0.1 2401
1740795164051 0.1 2402
1740795167831 0.1 2403
1740795171483 0.1 2404
1740795175293 0.1 2405
1740795178929 0.1 2406
1740795182254 0.1 2407
1740795186110 0.1 2408
1740795189922 0.1 2409
1740795193403 0.1 2410
1740795197156 0.1 2411
1740795200754 0.1 2412
1740795204410 0.1 2413
1740795208336 0.1 2414
1740795211997 0.1 2415
1740795215630 0.1 2416
1740795219248 0.1 2417
1740795222990 0.1 2418
1740795226608 0.1 2419
1740795230482 0.1 2420
1740795234308 0.1 2421
1740795240839 0.1 2422
1740795244313 0.1 2423
1740795248464 0.1 2424
1740795253711 0.1 2425
1740795257456 0.1 2426
1740795262102 0.1 2427
1740795265678 0.1 2428
1740795269109 0.1 2429
1740795272967 0.1 2430
1740795277026 0.1 2431
1740795280626 0.1 2432
1740795284442 0.1 2433
1740795288288 0.1 2434
1740795291823 0.1 2435
1740795295419 0.1 2436
1740795299137 0.1 2437
1740795302630 0.1 2438
1740795306390 0.1 2439
1740795312734 0.1 2440
1740795316339 0.1 2441
1740795319861 0.1 2442
1740795323399 0.1 2443
1740795324527 0.1 2444
1740795328291 0.1 2445
1740795331986 0.1 2446
1740795335646 0.1 2447
1740795339519 0.1 2448
1740795343421 0.1 2449
1740795349658 0.1 2450
1740795353209 0.1 2451
1740795356889 0.1 2452
1740795360513 0.1 2453
1740795363942 0.1 2454
1740795367607 0.1 2455
1740795371265 0.1 2456
1740795374747 0.1 2457
1740795378486 0.1 2458
1740795382721 0.1 2459
1740795386257 0.1 2460
1740795390059 0.1 2461
1740795393727 0.1 2462
1740795397511 0.1 2463
1740795401437 0.1 2464
1740795405069 0.1 2465
1740795408751 0.1 2466
1740795412367 0.1 2467
1740795416009 0.1 2468
1740795419504 0.1 2469
1740795423108 0.1 2470
1740795426853 0.1 2471
1740795430661 0.1 2472
1740795434556 0.1 2473
1740795438176 0.1 2474
1740795441675 0.1 2475
1740795445311 0.1 2476
1740795449142 0.1 2477
1740795452701 0.1 2478
1740795456228 0.1 2479
1740795459797 0.1 2480
1740795463719 0.1 2481
1740795467358 0.1 2482
1740795472633 0.1 2483
1740795476311 0.1 2484
1740795479951 0.1 2485
1740795483649 0.1 2486
1740795487273 0.1 2487
1740795490885 0.1 2488
1740795494585 0.1 2489
1740795498203 0.1 2490
1740795502528 0.1 2491
1740795506141 0.1 2492
1740795512327 0.1 2493
1740795515956 0.1 2494
1740795525364 0.1 2495
1740795528933 0.1 2496
1740795532342 0.1 2497
1740795536048 0.1 2498
1740795539502 0.1 2499
1740795543013 0.1 2500
1740795546732 0.1 2501
1740795550364 0.1 2502
1740795553949 0.1 2503
1740795558022 0.1 2504
1740795562366 0.1 2505
1740795565940 0.1 2506
1740795569542 0.1 2507
1740795573170 0.1 2508
1740795576362 0.1 2509
1740795580358 0.1 2510
1740795584539 0.1 2511
1740795588172 0.1 2512
1740795591927 0.1 2513
1740795596128 0.1 2514
1740795599750 0.1 2515
1740795603906 0.1 2516
1740795607790 0.1 2517
1740795611423 0.1 2518
1740795614954 0.1 2519
1740795618621 0.1 2520
1740795622177 0.1 2521
1740795625848 0.1 2522
1740795629383 0.1 2523
1740795632951 0.1 2524
1740795636677 0.1 2525
1740795640307 0.1 2526
1740795644103 0.1 2527
1740795647924 0.1 2528
1740795650404 0.1 2529
1740795654164 0.1 2530
1740795657676 0.1 2531
1740795662183 0.1 2532
1740795666012 0.1 2533
1740795669868 0.1 2534
1740795673746 0.1 2535
1740795677454 0.1 2536
1740795681072 0.1 2537
1740795684584 0.1 2538
1740795688144 0.1 2539
1740795691643 0.1 2540
1740795695292 0.1 2541
1740795699222 0.1 2542
1740795703064 0.1 2543
1740795706685 0.1 2544
1740795710418 0.1 2545
1740795713957 0.1 2546
1740795717578 0.1 2547
1740795721145 0.1 2548
1740795724757 0.1 2549
1740795728122 0.1 2550
1740795731730 0.1 2551
1740795735643 0.1 2552
1740795739399 0.1 2553
1740795742890 0.1 2554
1740795746738 0.1 2555
1740795747298 0.1 2556
1740795750703 0.1 2557
1740795754359 0.1 2558
1740795757806 0.1 2559
1740795758379 0.1 2560
1740795762133 0.1 2561
1740795765935 0.1 2562
1740795769510 0.1 2563
1740795773163 0.1 2564
1740795776699 0.1 2565
1740795780414 0.1 2566
1740795784085 0.1 2567
1740795787724 0.1 2568
1740795791256 0.1 2569
1740795794738 0.1 2570
1740795798589 0.1 2571
1740795802643 0.1 2572
1740795806216 0.1 2573
1740795809904 0.1 2574
1740795813761 0.1 2575
1740795817319 0.1 2576
1740795821005 0.1 2577
1740795824643 0.1 2578
1740795828177 0.1 2579
1740795831897 0.1 2580
1740795835496 0.1 2581
1740795839305 0.1 2582
1740795843055 0.1 2583
1740795846611 0.1 2584
1740795850213 0.1 2585
1740795853613 0.1 2586
1740795857097 0.1 2587
1740795860876 0.1 2588
1740795864690 0.1 2589
1740795868093 0.1 2590
1740795871616 0.1 2591
1740795875110 0.1 2592
1740795877911 0.1 2593
1740795881380 0.1 2594
1740795884824 0.1 2595
1740795888530 0.1 2596
1740795892150 0.1 2597
1740795896235 0.1 2598
1740795900276 0.1 2599
1740795901245 0.1 2600
1740795905421 0.1 2601
1740795909199 0.1 2602
1740795913195 0.1 2603
1740795916764 0.1 2604
1740795920844 0.1 2605
1740795924480 0.1 2606
1740795927966 0.1 2607
1740795931535 0.1 2608
1740795935039 0.1 2609
1740795939072 0.1 2610
1740795942629 0.1 2611
1740795952831 0.1 2612
1740795956516 0.1 2613
1740795960172 0.1 2614
1740795964123 0.1 2615
1740795968284 0.1 2616
1740795971867 0.1 2617
1740795975416 0.1 2618
1740795978899 0.1 2619
1740795982637 0.1 2620
1740795986306 0.1 2621
1740795989963 0.1 2622
1740795993469 0.1 2623
1740795996824 0.1 2624
1740796000364 0.1 2625
1740796003851 0.1 2626
1740796007763 0.1 2627
1740796011336 0.1 2628
1740796015908 0.1 2629
1740796019497 0.1 2630
1740796023151 0.1 2631
1740796027024 0.1 2632
1740796030991 0.1 2633
1740796035009 0.1 2634
1740796038776 0.1 2635
1740796042367 0.1 2636
1740796045993 0.1 2637
1740796049512 0.1 2638
1740796053125 0.1 2639
1740796057075 0.1 2640
1740796060730 0.1 2641
1740796064515 0.1 2642
1740796068520 0.1 2643
1740796072228 0.1 2644
1740796075683 0.1 2645
1740796079334 0.1 2646
1740796083083 0.1 2647
1740796086984 0.1 2648
1740796090770 0.1 2649
1740796094582 0.1 2650
1740796098395 0.1 2651
1740796102104 0.1 2652
1740796105829 0.1 2653
1740796109415 0.1 2654
1740796113051 0.1 2655
1740796117089 0.1 2656
1740796120974 0.1 2657
1740796127578 0.1 2658
1740796131276 0.1 2659
1740796135155 0.1 2660
1740796138762 0.1 2661
1740796142408 0.1 2662
1740796146276 0.1 2663
1740796149891 0.1 2664
1740796153551 0.1 2665
1740796157262 0.1 2666
1740796160890 0.1 2667
1740796164594 0.1 2668
1740796168179 0.1 2669
1740796171908 0.1 2670
1740796175821 0.1 2671
1740796179276 0.1 2672
1740796183986 0.1 2673
1740796187752 0.1 2674
1740796191379 0.1 2675
1740796195399 0.1 2676
1740796199066 0.1 2677
1740796202596 0.1 2678
1740796206089 0.1 2679
1740796209694 0.1 2680
1740796213617 0.1 2681
1740796217165 0.1 2682
1740796220903 0.1 2683
1740796224469 0.1 2684
1740796228598 0.1 2685
1740796232780 0.1 2686
1740796236750 0.1 2687
1740796240695 0.1 2688
1740796245024 0.1 2689
1740796248790 0.1 2690
1740796252486 0.1 2691
1740796256072 0.1 2692
1740796259636 0.1 2693
1740796263275 0.1 2694
1740796267102 0.1 2695
1740796270931 0.1 2696
1740796274522 0.1 2697
1740796278263 0.1 2698
1740796281976 0.1 2699
1740796285617 0.1 2700
1740796289211 0.1 2701
1740796292857 0.1 2702
1740796296305 0.1 2703
1740796299736 0.1 2704
1740796303245 0.1 2705
1740796306766 0.1 2706
1740796310323 0.1 2707
1740796313901 0.1 2708
1740796317975 0.1 2709
1740796321952 0.1 2710
1740796325582 0.1 2711
1740796329357 0.1 2712
1740796332878 0.1 2713
1740796336432 0.1 2714
1740796340062 0.1 2715
1740796343866 0.1 2716
1740796347509 0.1 2717
1740796351111 0.1 2718
1740796354707 0.1 2719
1740796358337 0.1 2720
1740796361924 0.1 2721
1740796365359 0.1 2722
1740796368929 0.1 2723
1740796372457 0.1 2724
1740796376098 0.1 2725
1740796379704 0.1 2726
1740796383436 0.1 2727
1740796387373 0.1 2728
1740796390818 0.1 2729
1740796394163 0.1 2730
1740796397612 0.1 2731
1740796400995 0.1 2732
1740796402593 0.1 2733
1740796406540 0.1 2734
1740796410186 0.1 2735
1740796413945 0.1 2736
1740796417533 0.1 2737
1740796421070 0.1 2738
1740796424851 0.1 2739
1740796428499 0.1 2740
1740796431981 0.1 2741
1740796435683 0.1 2742
1740796439246 0.1 2743
1740796443125 0.1 2744
1740796446605 0.1 2745
1740796450517 0.1 2746
1740796454102 0.1 2747
1740796457712 0.1 2748
1740796461540 0.1 2749
1740796465182 0.1 2750
1740796468725 0.1 2751
1740796472505 0.1 2752
1740796476191 0.1 2753
1740796479988 0.1 2754
1740796483470 0.1 2755
1740796486909 0.1 2756
1740796490312 0.1 2757
1740796494048 0.1 2758
1740796497591 0.1 2759
1740796501228 0.1 2760
1740796504905 0.1 2761
1740796508433 0.1 2762
1740796512064 0.1 2763
1740796515569 0.1 2764
1740796519198 0.1 2765
1740796523114 0.1 2766
1740796525858 0.1 2767
1740796529443 0.1 2768
1740796533089 0.1 2769
1740796536602 0.1 2770
1740796540198 0.1 2771
1740796543876 0.1 2772
1740796547588 0.1 2773
1740796551514 0.1 2774
1740796555331 0.1 2775
1740796560146 0.1 2776
1740796563964 0.1 2777
1740796567797 0.1 2778
1740796571619 0.1 2779
1740796575320 0.1 2780
1740796578859 0.1 2781
1740796582503 0.1 2782
1740796586095 0.1 2783
1740796589740 0.1 2784
1740796593296 0.1 2785
1740796596788 0.1 2786
1740796600595 0.1 2787
1740796604530 0.1 2788
1740796608514 0.1 2789
1740796610471 0.1 2790
1740796614048 0.1 2791
1740796617634 0.1 2792
1740796621262 0.1 2793
1740796624646 0.1 2794
1740796628150 0.1 2795
1740796633330 0.1 2796
1740796637215 0.1 2797
1740796641023 0.1 2798
1740796644641 0.1 2799
1740796648155 0.1 2800
1740796651966 0.1 2801
1740796656198 0.1 2802
1740796661245 0.1 2803
1740796664788 0.1 2804
1740796668484 0.1 2805
1740796672248 0.1 2806
1740796675685 0.1 2807
1740796679031 0.1 2808
1740796683387 0.1 2809
1740796686985 0.1 2810
1740796690421 0.1 2811
1740796694086 0.1 2812
1740796697479 0.1 2813
1740796701262 0.1 2814
1740796704849 0.1 2815
1740796708283 0.1 2816
1740796711711 0.1 2817
1740796715330 0.1 2818
1740796719069 0.1 2819
1740796722637 0.1 2820
1740796726393 0.1 2821
1740796730127 0.1 2822
1740796733735 0.1 2823
1740796737731 0.1 2824
1740796741366 0.1 2825
1740796745052 0.1 2826
1740796748659 0.1 2827
1740796752170 0.1 2828
1740796755617 0.1 2829
1740796759342 0.1 2830
1740796763036 0.1 2831
1740796766401 0.1 2832
1740796769813 0.1 2833
1740796773958 0.1 2834
1740796785562 0.1 2835
1740796790211 0.1 2836
1740796793949 0.1 2837
1740796797573 0.1 2838
1740796801191 0.1 2839
1740796807832 0.1 2840
1740796811524 0.1 2841
1740796815122 0.1 2842
1740796818919 0.1 2843
1740796822825 0.1 2844
1740796826149 0.1 2845
1740796829509 0.1 2846
1740796830836 0.1 2847
1740796834224 0.1 2848
1740796837705 0.1 2849
1740796841269 0.1 2850
1740796844551 0.1 2851
1740796848036 0.1 2852
1740796851555 0.1 2853
1740796854720 0.1 2854
1740796858316 0.1 2855
1740796861723 0.1 2856
1740796865491 0.1 2857
1740796868884 0.1 2858
1740796872335 0.1 2859
1740796875621 0.1 2860
1740796878965 0.1 2861
1740796882147 0.1 2862
1740796885477 0.1 2863
1740796888945 0.1 2864
1740796892309 0.1 2865
1740796895642 0.1 2866
1740796898974 0.1 2867
1740796902287 0.1 2868
1740796905612 0.1 2869
1740796911048 0.1 2870
1740796914479 0.1 2871
1740796918243 0.1 2872
1740796921461 0.1 2873
1740796924920 0.1 2874
1740796928126 0.1 2875
1740796932219 0.1 2876
1740796935512 0.1 2877
1740796938953 0.1 2878
1740796942252 0.1 2879
1740796945658 0.1 2880
1740796949427 0.1 2881
1740796952690 0.1 2882
1740796956511 0.1 2883
1740796960011 0.1 2884
1740796963340 0.1 2885
1740796966610 0.1 2886
1740796969966 0.1 2887
1740796973457 0.1 2888
1740796977011 0.1 2889
1740796980586 0.1 2890
1740796983841 0.1 2891
1740796987090 0.1 2892
1740796990760 0.1 2893
1740796994061 0.1 2894
1740796997270 0.1 2895
1740797000606 0.1 2896
1740797003919 0.1 2897
1740797007480 0.1 2898
1740797010828 0.1 2899
1740797014370 0.1 2900
1740797017581 0.1 2901
1740797020852 0.1 2902
1740797024139 0.1 2903
1740797027567 0.1 2904
1740797031069 0.1 2905
1740797034368 0.1 2906
1740797037670 0.1 2907
1740797041045 0.1 2908
1740797044467 0.1 2909
1740797047710 0.1 2910
1740797051242 0.1 2911
1740797054693 0.1 2912
1740797058232 0.1 2913
1740797061586 0.1 2914
1740797064833 0.1 2915
1740797068116 0.1 2916
1740797071361 0.1 2917
1740797074832 0.1 2918
1740797078026 0.1 2919
1740797081307 0.1 2920
1740797084834 0.1 2921
1740797088008 0.1 2922
1740797091255 0.1 2923
1740797094421 0.1 2924
1740797097674 0.1 2925
1740797100979 0.1 2926
1740797104645 0.1 2927
1740797108020 0.1 2928
1740797111340 0.1 2929
1740797114705 0.1 2930
1740797117938 0.1 2931
1740797121267 0.1 2932
1740797124501 0.1 2933
1740797127894 0.1 2934
1740797131169 0.1 2935
1740797134482 0.1 2936
1740797137970 0.1 2937
1740797142265 0.1 2938
1740797145727 0.1 2939
1740797149095 0.1 2940
1740797152326 0.1 2941
1740797155740 0.1 2942
1740797158956 0.1 2943
1740797162215 0.1 2944
1740797165733 0.1 2945
1740797169262 0.1 2946
1740797172525 0.1 2947
1740797176009 0.1 2948
1740797179284 0.1 2949
1740797182859 0.1 2950
1740797186177 0.1 2951
1740797189885 0.1 2952
1740797193058 0.1 2953
1740797196461 0.1 2954
1740797199875 0.1 2955
1740797203237 0.1 2956
1740797206590 0.1 2957
1740797210877 0.1 2958
1740797214213 0.1 2959
1740797217481 0.1 2960
1740797220779 0.1 2961
1740797223975 0.1 2962
1740797227174 0.1 2963
1740797230405 0.1 2964
1740797233829 0.1 2965
1740797237358 0.1 2966
1740797240594 0.1 2967
1740797244152 0.1 2968
1740797247516 0.1 2969
1740797253709 0.1 2970
1740797257055 0.1 2971
1740797260429 0.1 2972
1740797263947 0.1 2973
1740797271203 0.1 2974
1740797274579 0.1 2975
1740797277937 0.1 2976
1740797281278 0.1 2977
1740797284653 0.1 2978
1740797288073 0.1 2979
1740797291609 0.1 2980
1740797295113 0.1 2981
1740797298361 0.1 2982
1740797301669 0.1 2983
1740797305067 0.1 2984
1740797305730 0.1 2985
1740797309268 0.1 2986
1740797312435 0.1 2987
1740797315851 0.1 2988
1740797319195 0.1 2989
1740797322588 0.1 2990
1740797325945 0.1 2991
1740797329152 0.1 2992
1740797332380 0.1 2993
1740797335582 0.1 2994
1740797339194 0.1 2995
1740797342710 0.1 2996
1740797347301 0.1 2997
1740797350847 0.1 2998
1740797354026 0.1 2999
