1740683189780 0.999 0
1740683192888 0.998001 1
1740683195956 0.997002999 2
1740683199033 0.996005996001 3
1740683202090 0.995009990004999 4
1740683205106 0.994014980014994 5
1740683208179 0.993020965034979 6
1740683211318 0.9920279440699441 7
1740683214428 0.9910359161258742 8
1740683217556 0.9900448802097482 9
1740683220762 0.9890548353295385 10
1740683223712 0.988065780494209 11
1740683226706 0.9870777147137147 12
1740683229894 0.986090636999001 13
1740683233011 0.9851045463620021 14
1740683236207 0.98411944181564 15
1740683239350 0.9831353223738244 16
1740683242533 0.9821521870514506 17
1740683245761 0.9811700348643991 18
1740683248796 0.9801888648295347 19
1740683251798 0.9792086759647052 20
1740683254896 0.9782294672887405 21
1740683257962 0.9772512378214517 22
1740683261052 0.9762739865836303 23
1740683264291 0.9752977125970467 24
1740683267348 0.9743224148844496 25
1740683270313 0.9733480924695651 26
1740683273301 0.9723747443770956 27
1740683276710 0.9714023696327185 28
1740683279889 0.9704309672630859 29
1740683283023 0.9694605362958227 30
1740683286099 0.9684910757595269 31
1740683289109 0.9675225846837673 32
1740683292273 0.9665550620990835 33
1740683295344 0.9655885070369844 34
1740683298399 0.9646229185299474 35
1740683301480 0.9636582956114175 36
1740683304534 0.9626946373158061 37
1740683307607 0.9617319426784903 38
1740683310751 0.9607702107358118 39
1740683313710 0.959809440525076 40
1740683316917 0.9588496310845509 41
1740683320014 0.9578907814534664 42
1740683323085 0.9569328906720129 43
1740683326083 0.9559759577813409 44
1740683329157 0.9550199818235596 45
1740683332467 0.9540649618417361 46
1740683335489 0.9531108968798944 47
1740683338554 0.9521577859830145 48
1740683341631 0.9512056281970315 49
1740683344729 0.9502544225688344 50
1740683347906 0.9493041681462656 51
1740683351139 0.9483548639781193 52
1740683354305 0.9474065091141411 53
1740683357517 0.946459102605027 54
1740683360775 0.9455126435024219 55
1740683363882 0.9445671308589195 56
1740683367155 0.9436225637280606 57
1740683370327 0.9426789411643326 58
1740683373502 0.9417362622231683 59
1740683376671 0.9407945259609451 60
1740683379872 0.9398537314349842 61
1740683383152 0.9389138777035492 62
1740683386435 0.9379749638258457 63
1740683389582 0.9370369888620198 64
1740683392767 0.9360999518731578 65
1740683395914 0.9351638519212846 66
1740683399160 0.9342286880693633 67
1740683402267 0.933294459381294 68
1740683405435 0.9323611649219127 69
1740683408792 0.9314288037569908 70
1740683411861 0.9304973749532338 71
1740683415326 0.9295668775782806 72
1740683418557 0.9286373107007023 73
1740683421850 0.9277086733900016 74
1740683425089 0.9267809647166116 75
1740683428536 0.925854183751895 76
1740683431828 0.9249283295681431 77
1740683434992 0.9240034012385749 78
1740683438390 0.9230793978373364 79
1740683441678 0.9221563184394991 80
1740683445053 0.9212341621210596 81
1740683448452 0.9203129279589385 82
1740683451835 0.9193926150309796 83
1740683455153 0.9184732224159486 84
1740683458559 0.9175547491935327 85
1740683461767 0.9166371944443392 86
1740683465138 0.9157205572498949 87
1740683468442 0.914804836692645 88
1740683472033 0.9138900318559524 89
1740683475373 0.9129761418240965 90
1740683478702 0.9120631656822724 91
1740683482193 0.9111511025165902 92
1740683485638 0.9102399514140735 93
1740683489103 0.9093297114626595 94
1740683492788 0.9084203817511969 95
1740683496162 0.9075119613694457 96
1740683499740 0.9066044494080763 97
1740683502944 0.9056978449586682 98
1740683506152 0.9047921471137096 99
1740683509551 0.9038873549665959 100
1740683512831 0.9029834676116293 101
1740683516092 0.9020804841440176 102
1740683519211 0.9011784036598737 103
1740683522500 0.9002772252562138 104
1740683526003 0.8993769480309576 105
1740683529100 0.8984775710829266 106
1740683532491 0.8975790935118436 107
1740683535770 0.8966815144183318 108
1740683539093 0.8957848329039134 109
1740683542384 0.8948890480710096 110
1740683545675 0.8939941590229386 111
1740683548868 0.8931001648639156 112
1740683552212 0.8922070646990518 113
1740683555943 0.8913148576343527 114
1740683559447 0.8904235427767183 115
1740683562736 0.8895331192339416 116
1740683566429 0.8886435861147077 117
1740683570041 0.887754942528593 118
1740683573457 0.8868671875860644 119
1740683577024 0.8859803203984784 120
1740683580399 0.88509434007808 121
1740683583777 0.8842092457380019 122
1740683584316 0.8842092457380019 123
1740683587739 0.8833250364922639 124
1740683591039 0.8824417114557717 125
1740683594533 0.8815592697443159 126
1740683597756 0.8806777104745716 127
1740683600974 0.8797970327640969 128
1740683604157 0.8789172357313328 129
1740683607267 0.8780383184956015 130
1740683610837 0.8771602801771059 131
1740683614310 0.8762831198969288 132
1740683618006 0.8754068367770318 133
1740683621574 0.8745314299402548 134
1740683625199 0.8736568985103146 135
1740683629060 0.8727832416118043 136
1740683632220 0.8719104583701925 137
1740683635691 0.8710385479118223 138
1740683638998 0.8701675093639105 139
1740683642234 0.8692973418545467 140
1740683645413 0.8684280445126921 141
1740683648571 0.8675596164681794 142
1740683651825 0.8666920568517111 143
1740683655288 0.8658253647948594 144
1740683658749 0.8649595394300645 145
1740683661933 0.8640945798906344 146
1740683665336 0.8632304853107438 147
1740683668480 0.862367254825433 148
1740683671785 0.8615048875706075 149
1740683675027 0.8606433826830369 150
1740683678541 0.8597827393003539 151
1740683681996 0.8589229565610536 152
1740683685214 0.8580640336044925 153
1740683688439 0.857205969570888 154
1740683691621 0.8563487636013172 155
1740683695037 0.8554924148377159 156
1740683698455 0.8546369224228781 157
1740683702206 0.8537822855004553 158
1740683705562 0.8529285032149548 159
1740683708946 0.8520755747117399 160
1740683712351 0.8512234991370281 161
1740683715749 0.8503722756378911 162
1740683719063 0.8495219033622532 163
1740683722253 0.8486723814588909 164
1740683725384 0.847823709077432 165
1740683728863 0.8469758853683546 166
1740683732131 0.8461289094829862 167
1740683735428 0.8452827805735033 168
1740683738858 0.8444374977929298 169
1740683742163 0.8435930602951368 170
1740683745344 0.8427494672348417 171
1740683748449 0.8419067177676068 172
1740683751616 0.8410648110498392 173
1740683754746 0.8402237462387894 174
1740683757969 0.8393835224925505 175
1740683761705 0.838544138970058 176
1740683764891 0.8377055948310879 177
1740683768104 0.8368678892362568 178
1740683771359 0.8360310213470206 179
1740683774602 0.8351949903256736 180
1740683777709 0.8343597953353479 181
1740683780829 0.8335254355400126 182
1740683784420 0.8326919101044725 183
1740683787869 0.831859218194368 184
1740683791289 0.8310273589761736 185
1740683794618 0.8301963316171974 186
1740683797908 0.8293661352855802 187
1740683801245 0.8285367691502946 188
1740683804638 0.8277082323811443 189
1740683807798 0.8268805241487632 190
1740683810971 0.8260536436246144 191
1740683814188 0.8252275899809898 192
1740683817452 0.8244023623910088 193
1740683820667 0.8235779600286178 194
1740683823923 0.8227543820685892 195
1740683827398 0.8219316276865206 196
1740683830632 0.8211096960588341 197
1740683834055 0.8202885863627752 198
1740683837350 0.8194682977764125 199
1740683840544 0.818648829478636 200
1740683843973 0.8178301806491574 201
1740683847147 0.8170123504685082 202
1740683850467 0.8161953381180397 203
1740683853715 0.8153791427799216 204
1740683856866 0.8145637636371417 205
1740683859987 0.8137491998735046 206
1740683863476 0.812935450673631 207
1740683866778 0.8121225152229574 208
1740683869953 0.8113103927077344 209
1740683873326 0.8104990823150267 210
1740683876621 0.8096885832327116 211
1740683880187 0.8088788946494789 212
1740683883366 0.8080700157548294 213
1740683886802 0.8072619457390746 214
1740683889985 0.8064546837933355 215
1740683893257 0.8056482291095421 216
1740683896641 0.8048425808804326 217
1740683899948 0.8040377382995522 218
1740683903039 0.8032337005612527 219
1740683906349 0.8024304668606914 220
1740683909782 0.8016280363938307 221
1740683912920 0.8008264083574369 222
1740683916178 0.8000255819490795 223
1740683919428 0.7992255563671304 224
1740683922419 0.7984263308107633 225
1740683926021 0.7976279044799526 226
1740683929339 0.7968302765754727 227
1740683932403 0.7960334462988972 228
1740683935723 0.7952374128525983 229
1740683939122 0.7944421754397457 230
1740683942205 0.7936477332643059 231
1740683945495 0.7928540855310416 232
1740683948669 0.7920612314455105 233
1740683951883 0.7912691702140651 234
1740683955243 0.790477901043851 235
1740683958674 0.7896874231428072 236
1740683961938 0.7888977357196644 237
1740683965288 0.7881088379839447 238
1740683968871 0.7873207291459607 239
1740683972326 0.7865334084168147 240
1740683975619 0.7857468750083979 241
1740683978798 0.7849611281333895 242
1740683981726 0.784176167005256 243
1740683985031 0.7833919908382508 244
1740683988416 0.7826085988474126 245
1740683991632 0.7818259902485653 246
1740683995057 0.7810441642583167 247
1740683998339 0.7802631200940584 248
1740684001578 0.7794828569739644 249
1740684004704 0.7787033741169904 250
1740684008143 0.7779246707428734 251
1740684011461 0.7771467460721305 252
1740684014828 0.7763695993260584 253
1740684018215 0.7755932297267324 254
1740684021559 0.7748176364970056 255
1740684024815 0.7740428188605086 256
1740684027957 0.7732687760416481 257
1740684031263 0.7724955072656065 258
1740684034701 0.7717230117583408 259
1740684038052 0.7709512887465825 260
1740684041279 0.7701803374578359 261
1740684044450 0.7694101571203781 262
1740684047639 0.7686407469632577 263
1740684050825 0.7678721062162944 264
1740684054133 0.7671042341100781 265
1740684057340 0.766337129875968 266
1740684060597 0.7655707927460921 267
1740684063817 0.764805221953346 268
1740684066764 0.7640404167313927 269
1740684070217 0.7632763763146613 270
1740684073329 0.7625130999383466 271
1740684076536 0.7617505868384082 272
1740684079570 0.7609888362515699 273
1740684082787 0.7602278474153183 274
1740684085957 0.759467619567903 275
1740684089346 0.7587081519483351 276
1740684092425 0.7579494437963867 277
1740684095673 0.7571914943525904 278
1740684098844 0.7564343028582378 279
1740684102046 0.7556778685553796 280
1740684105020 0.7549221906868242 281
1740684108290 0.7541672684961374 282
1740684111452 0.7534131012276413 283
1740684114613 0.7526596881264136 284
1740684117761 0.7519070284382872 285
1740684120821 0.7511551214098489 286
1740684123881 0.750403966288439 287
1740684127118 0.7496535623221505 288
1740684130307 0.7489039087598284 289
1740684133501 0.7481550048510686 290
1740684136423 0.7474068498462175 291
1740684139517 0.7466594429963713 292
1740684142503 0.745912783553375 293
1740684145723 0.7451668707698216 294
1740684148927 0.7444217038990517 295
1740684151897 0.7436772821951526 296
1740684154923 0.7429336049129575 297
1740684157961 0.7421906713080445 298
1740684160873 0.7414484806367364 299
1740684163945 0.7407070321560997 300
1740684167327 0.7399663251239436 301
1740684170440 0.7392263587988196 302
1740684173427 0.7384871324400207 303
1740684176521 0.7377486453075807 304
1740684179510 0.737010896662273 305
1740684182683 0.7362738857656108 306
1740684186064 0.7355376118798452 307
1740684189299 0.7348020742679654 308
1740684192567 0.7340672721936974 309
1740684195802 0.7333332049215037 310
1740684198749 0.7325998717165821 311
1740684201916 0.7318672718448656 312
1740684204977 0.7311354045730207 313
1740684208133 0.7304042691684477 314
1740684211359 0.7296738648992792 315
1740684214412 0.7289441910343799 316
1740684217542 0.7282152468433455 317
1740684220658 0.7274870315965022 318
1740684223821 0.7267595445649057 319
1740684226993 0.7260327850203407 320
1740684229993 0.7253067522353204 321
1740684233325 0.724581445483085 322
1740684236515 0.723856864037602 323
1740684239552 0.7231330071735643 324
1740684242531 0.7224098741663908 325
1740684245861 0.7216874642922244 326
1740684249105 0.7209657768279322 327
1740684252500 0.7202448110511043 328
1740684255544 0.7195245662400531 329
1740684258620 0.7188050416738131 330
1740684261725 0.7180862366321393 331
1740684264952 0.7173681503955072 332
1740684268138 0.7166507822451117 333
1740684271276 0.7159341314628666 334
1740684274741 0.7152181973314037 335
1740684278059 0.7145029791340722 336
1740684281268 0.7137884761549381 337
1740684284545 0.7130746876787832 338
1740684287768 0.7123616129911045 339
1740684290777 0.7116492513781133 340
1740684293968 0.7109376021267352 341
1740684297243 0.7102266645246085 342
1740684300198 0.7095164378600839 343
1740684303196 0.7088069214222238 344
1740684306389 0.7080981145008015 345
1740684309736 0.7073900163863007 346
1740684313139 0.7066826263699144 347
1740684316215 0.7059759437435444 348
1740684319242 0.7052699677998009 349
1740684322443 0.704564697832001 350
1740684325774 0.7038601331341691 351
1740684329140 0.7031562730010349 352
1740684332268 0.7024531167280339 353
1740684335264 0.7017506636113059 354
1740684338597 0.7010489129476946 355
1740684341525 0.7003478640347469 356
1740684344791 0.6996475161707122 357
1740684347720 0.6989478686545415 358
1740684350971 0.698248920785887 359
1740684353908 0.6975506718651011 360
1740684356885 0.6968531211932361 361
1740684359987 0.6961562680720428 362
1740684362999 0.6954601118039707 363
1740684365957 0.6947646516921667 364
1740684369191 0.6940698870404746 365
1740684372420 0.6933758171534341 366
1740684375357 0.6926824413362807 367
1740684378473 0.6919897588949444 368
1740684381906 0.6912977691360495 369
1740684385070 0.6906064713669134 370
1740684388020 0.6899158648955466 371
1740684391023 0.689225949030651 372
1740684394100 0.6885367230816204 373
1740684397187 0.6878481863585387 374
1740684400239 0.6871603381721801 375
1740684403531 0.686473177834008 376
1740684406838 0.685786704656174 377
1740684410240 0.6851009179515178 378
1740684413744 0.6844158170335664 379
1740684417016 0.6837314012165328 380
1740684420462 0.6830476698153162 381
1740684423811 0.6823646221455009 382
1740684426894 0.6816822575233553 383
1740684430071 0.6810005752658319 384
1740684433003 0.680319574690566 385
1740684436345 0.6796392551158754 386
1740684439335 0.6789596158607596 387
1740684442491 0.6782806562448989 388
1740684445979 0.677602375588654 389
1740684449257 0.6769247732130653 390
1740684452331 0.6762478484398523 391
1740684455344 0.6755716005914124 392
1740684458351 0.674896028990821 393
1740684461627 0.6742211329618302 394
1740684464878 0.6735469118288684 395
1740684468022 0.6728733649170395 396
1740684470971 0.6722004915521225 397
1740684474035 0.6715282910605703 398
1740684477306 0.6708567627695098 399
1740684480658 0.6701859060067403 400
1740684483840 0.6695157201007336 401
1740684486928 0.6688462043806328 402
1740684491334 0.6681773581762521 403
1740684494608 0.6675091808180759 404
1740684497654 0.6668416716372578 405
1740684500758 0.6661748299656206 406
1740684504234 0.6655086551356549 407
1740684507429 0.6648431464805192 408
1740684510832 0.6641783033340387 409
1740684513809 0.6635141250307047 410
1740684516935 0.662850610905674 411
1740684520071 0.6621877602947683 412
1740684523376 0.6615255725344735 413
1740684526542 0.660864046961939 414
1740684529656 0.660203182914977 415
1740684532669 0.6595429797320621 416
1740684535874 0.6588834367523301 417
1740684539417 0.6582245533155777 418
1740684542858 0.6575663287622622 419
1740684546003 0.6569087624334999 420
1740684549152 0.6562518536710664 421
1740684552532 0.6555956018173954 422
1740684555751 0.654940006215578 423
1740684558913 0.6542850662093624 424
1740684561951 0.6536307811431531 425
1740684565356 0.65297715036201 426
1740684568577 0.6523241732116479 427
1740684570498 0.6523241732116479 428
1740684573476 0.6516718490384363 429
1740684576451 0.6510201771893979 430
1740684579570 0.6503691570122084 431
1740684583110 0.6497187878551962 432
1740684586142 0.649069069067341 433
1740684589111 0.6484199999982736 434
1740684592069 0.6477715799982753 435
1740684595349 0.647123808418277 436
1740684598670 0.6464766846098587 437
1740684602134 0.6458302079252489 438
1740684605131 0.6451843777173236 439
1740684608367 0.6445391933396063 440
1740684611625 0.6438946541462667 441
1740684614972 0.6432507594921204 442
1740684618142 0.6426075087326283 443
1740684621233 0.6419649012238956 444
1740684624528 0.6413229363226717 445
1740684627864 0.640681613386349 446
1740684631162 0.6400409317729626 447
1740684634215 0.6394008908411897 448
1740684637232 0.6387614899503485 449
1740684640672 0.6381227284603982 450
1740684644046 0.6374846057319378 451
1740684647133 0.6368471211262058 452
1740684650205 0.6362102740050796 453
1740684653190 0.6355740637310745 454
1740684656520 0.6349384896673435 455
1740684659753 0.6343035511776761 456
1740684663092 0.6336692476264985 457
1740684666279 0.6330355783788719 458
1740684669506 0.632402542800493 459
1740684672846 0.6317701402576925 460
1740684676186 0.6311383701174348 461
1740684679357 0.6305072317473174 462
1740684682446 0.6298767245155701 463
1740684685685 0.6292468477910546 464
1740684688901 0.6286176009432635 465
1740684692202 0.6279889833423202 466
1740684695193 0.6273609943589779 467
1740684698405 0.6267336333646188 468
1740684701820 0.6261068997312542 469
1740684705183 0.6254807928315229 470
1740684708278 0.6248553120386914 471
1740684711260 0.6242304567266527 472
1740684714394 0.623606226269926 473
1740684717850 0.6229826200436561 474
1740684721261 0.6223596374236124 475
1740684724294 0.6217372777861888 476
1740684727390 0.6211155405084027 477
1740684730706 0.6204944249678943 478
1740684733769 0.6198739305429264 479
1740684736982 0.6192540566123834 480
1740684740129 0.6186348025557711 481
1740684743517 0.6180161677532153 482
1740684746945 0.6173981515854621 483
1740684750198 0.6167807534338766 484
1740684753284 0.6161639726804428 485
1740684756314 0.6155478087077623 486
1740684759499 0.6149322608990545 487
1740684762930 0.6143173286381555 488
1740684766214 0.6137030113095173 489
1740684769204 0.6130893082982078 490
1740684772168 0.6124762189899097 491
1740684775560 0.6118637427709198 492
1740684779024 0.6112518790281489 493
1740684782249 0.6106406271491208 494
1740684785241 0.6100299865219717 495
1740684788355 0.6094199565354498 496
1740684791597 0.6088105365789144 497
1740684794895 0.6082017260423355 498
1740684798129 0.6075935243162931 499
1740684801611 0.6069859307919768 500
1740684804973 0.6063789448611848 501
1740684808360 0.6057725659163237 502
1740684811594 0.6051667933504074 503
1740684814721 0.6045616265570569 504
1740684817878 0.6039570649304998 505
1740684821116 0.6033531078655693 506
1740684824516 0.6027497547577038 507
1740684827846 0.602147005002946 508
1740684831009 0.6015448579979431 509
1740684834061 0.6009433131399452 510
1740684837478 0.6003423698268052 511
1740684840664 0.5997420274569785 512
1740684843729 0.5991422854295215 513
1740684846696 0.598543143144092 514
1740684850145 0.5979446000009478 515
1740684853324 0.5973466554009469 516
1740684856421 0.596749308745546 517
1740684859379 0.5961525594368005 518
1740684862590 0.5955564068773637 519
1740684866237 0.5949608504704863 520
1740684869700 0.5943658896200158 521
1740684872621 0.5937715237303958 522
1740684875704 0.5931777522066654 523
1740684878957 0.5925845744544587 524
1740684882335 0.5919919898800042 525
1740684885629 0.5913999978901242 526
1740684888754 0.590808597892234 527
1740684891717 0.5902177892943418 528
1740684895037 0.5896275715050474 529
1740684898356 0.5890379439335424 530
1740684901827 0.5884489059896089 531
1740684904736 0.5878604570836192 532
1740684907733 0.5872725966265356 533
1740684911111 0.5866853240299091 534
1740684914513 0.5860986387058792 535
1740684917508 0.5855125400671733 536
1740684920697 0.5849270275271061 537
1740684923958 0.584342100499579 538
1740684927310 0.5837577583990794 539
1740684930470 0.5831740006406804 540
1740684933574 0.5825908266400397 541
1740684936628 0.5820082358133997 542
1740684939847 0.5814262275775862 543
1740684943360 0.5808448013500086 544
1740684946579 0.5802639565486586 545
1740684949550 0.57968369259211 546
1740684952457 0.5791040088995179 547
1740684955736 0.5785249048906184 548
1740684959074 0.5779463799857277 549
1740684962249 0.577368433605742 550
1740684965329 0.5767910651721362 551
1740684968474 0.576214274106964 552
1740684971442 0.5756380598328571 553
1740684974672 0.5750624217730242 554
1740684977662 0.5744873593512512 555
1740684980717 0.5739128719918999 556
1740684983939 0.573338959119908 557
1740684987352 0.572765620160788 558
1740684990453 0.5721928545406272 559
1740684993534 0.5716206616860866 560
1740684996744 0.5710490410244006 561
1740685000148 0.5704779919833761 562
1740685003699 0.5699075139913927 563
1740685006776 0.5693376064774013 564
1740685009847 0.5687682688709239 565
1740685012973 0.5681995006020529 566
1740685016431 0.5676313011014509 567
1740685019674 0.5670636698003494 568
1740685023125 0.5664966061305491 569
1740685026124 0.5659301095244186 570
1740685029377 0.5653641794148941 571
1740685032626 0.5647988152354793 572
1740685035957 0.5642340164202437 573
1740685038984 0.5636697824038235 574
1740685042067 0.5631061126214196 575
1740685045339 0.5625430065087982 576
1740685048700 0.5619804635022894 577
1740685051830 0.561418483038787 578
1740685055024 0.5608570645557482 579
1740685058343 0.5602962074911925 580
1740685061799 0.5597359112837013 581
1740685065044 0.5591761753724176 582
1740685068007 0.5586169991970452 583
1740685071219 0.5580583821978482 584
1740685074447 0.5575003238156504 585
1740685077911 0.5569428234918348 586
1740685081169 0.5563858806683429 587
1740685084734 0.5558294947876746 588
1740685088109 0.5552736652928869 589
1740685091348 0.5547183916275941 590
1740685094567 0.5541636732359665 591
1740685097744 0.5536095095627305 592
1740685100739 0.5530559000531677 593
1740685104171 0.5525028441531146 594
1740685107523 0.5519503413089615 595
1740685110821 0.5513983909676525 596
1740685113834 0.5508469925766849 597
1740685116773 0.5502961455841082 598
1740685120074 0.5497458494385241 599
1740685123370 0.5491961035890855 600
1740685126467 0.5486469074854965 601
1740685129520 0.548098260578011 602
1740685132555 0.547550162317433 603
1740685135756 0.5470026121551156 604
1740685139013 0.5464556095429605 605
1740685142284 0.5459091539334175 606
1740685145470 0.5453632447794842 607
1740685148711 0.5448178815347047 608
1740685151935 0.54427306365317 609
1740685155177 0.5437287905895168 610
1740685158479 0.5431850617989273 611
1740685161709 0.5426418767371284 612
1740685165002 0.5420992348603912 613
1740685168307 0.5415571356255309 614
1740685171416 0.5410155784899053 615
1740685174549 0.5404745629114154 616
1740685177880 0.539934088348504 617
1740685181220 0.5393941542601555 618
1740685184521 0.5388547601058953 619
1740685187512 0.5383159053457894 620
1740685190533 0.5377775894404436 621
1740685193825 0.5372398118510032 622
1740685197146 0.5367025720391522 623
1740685200193 0.536165869467113 624
1740685203403 0.5356297035976458 625
1740685206809 0.5350940738940482 626
1740685209951 0.5345589798201541 627
1740685213090 0.534024420840334 628
1740685216253 0.5334903964194936 629
1740685219278 0.5329569060230741 630
1740685222689 0.532423949117051 631
1740685226079 0.531891525167934 632
1740685229373 0.5313596336427661 633
1740685232569 0.5308282740091232 634
1740685235485 0.5302974457351142 635
1740685239542 0.5297671482893791 636
1740685242880 0.5292373811410898 637
1740685245888 0.5287081437599487 638
1740685249079 0.5281794356161887 639
1740685252585 0.5276512561805725 640
1740685256023 0.5271236049243919 641
1740685259290 0.5265964813194676 642
1740685262295 0.5260698848381481 643
1740685266031 0.5255438149533099 644
1740685269504 0.5250182711383566 645
1740685272746 0.5244932528672183 646
1740685275718 0.5239687596143511 647
1740685278772 0.5234447908547367 648
1740685282143 0.522921346063882 649
1740685285655 0.522398424717818 650
1740685288940 0.5218760262931003 651
1740685291975 0.5213541502668072 652
1740685295166 0.5208327961165404 653
1740685298552 0.5203119633204238 654
1740685301900 0.5197916513571034 655
1740685305180 0.5192718597057463 656
1740685308250 0.5187525878460405 657
1740685311700 0.5182338352581944 658
1740685315009 0.5177156014229363 659
1740685318112 0.5171978858215134 660
1740685321151 0.5166806879356919 661
1740685324387 0.5161640072477562 662
1740685327745 0.5156478432405085 663
1740685331160 0.515132195397268 664
1740685334369 0.5146170632018707 665
1740685337691 0.5141024461386688 666
1740685341047 0.5135883436925301 667
1740685344377 0.5130747553488376 668
1740685346368 0.5125616805934888 669
1740685349739 0.5120491189128954 670
1740685352728 0.5115370697939825 671
1740685355975 0.5110255327241885 672
1740685359102 0.5105145071914643 673
1740685362234 0.5100039926842729 674
1740685365376 0.5094939886915886 675
1740685368594 0.508984494702897 676
1740685371722 0.508475510208194 677
1740685374718 0.5079670346979859 678
1740685377801 0.5074590676632879 679
1740685380895 0.5069516085956246 680
1740685384083 0.506444656987029 681
1740685387453 0.505938212330042 682
1740685390498 0.505432274117712 683
1740685393572 0.5049268418435943 684
1740685396653 0.5044219150017507 685
1740685399820 0.5039174930867489 686
1740685402981 0.5034135755936622 687
1740685406024 0.5029101620180685 688
1740685409120 0.5024072518560504 689
1740685412155 0.5019048446041944 690
1740685415301 0.5014029397595902 691
1740685418671 0.5009015368198305 692
1740685421970 0.5004006352830107 693
1740685425380 0.4999002346477277 694
1740685428664 0.49940033441307996 695
1740685432083 0.49890093407866687 696
1740685435062 0.4984020331445882 697
1740685438215 0.4979036311114436 698
1740685441510 0.4974057274803321 699
1740685444652 0.49690832175285177 700
1740685447754 0.4964114134310989 701
1740685451057 0.4959150020176678 702
1740685454084 0.49541908701565013 703
1740685457082 0.49492366792863446 704
1740685460094 0.4944287442607058 705
1740685463446 0.4939343155164451 706
1740685466873 0.4934403812009287 707
1740685469850 0.4929469408197278 708
1740685472906 0.49245399387890804 709
1740685476097 0.4919615398850291 710
1740685479597 0.4914695783451441 711
1740685482833 0.4909781087667989 712
1740685485847 0.4904871306580321 713
1740685488984 0.4899966435273741 714
1740685492045 0.4895066468838467 715
1740685495082 0.48901714023696286 716
1740685498142 0.4885281230967259 717
1740685501536 0.48803959497362914 718
1740685504761 0.4875515553786555 719
1740685508001 0.48706400382327686 720
1740685511120 0.4865769398194536 721
1740685514268 0.48609036287963414 722
1740685517475 0.48560427251675453 723
1740685520473 0.48511866824423777 724
1740685523962 0.4846335495759935 725
1740685527169 0.4841489160264175 726
1740685530295 0.4836647671103911 727
1740685533395 0.4831811023432807 728
1740685536608 0.4826979212409374 729
1740685539612 0.48221522331969646 730
1740685542825 0.48173300809637676 731
1740685545928 0.48125127508828036 732
1740685549017 0.48077002381319206 733
1740685552086 0.48028925378937887 734
1740685555119 0.47980896453558947 735
1740685558398 0.4793291555710539 736
1740685561591 0.47884982641548285 737
1740685564848 0.47837097658906735 738
1740685567967 0.47789260561247826 739
1740685571273 0.4774147130068658 740
1740685574611 0.4769372982938589 741
1740685577619 0.47646036099556505 742
1740685580794 0.47598390063456947 743
1740685583955 0.4755079167339349 744
1740685587143 0.47503240881720094 745
1740685590481 0.47455737640838375 746
1740685593593 0.47408281903197536 747
1740685596797 0.47360873621294336 748
1740685600265 0.4731351274767304 749
1740685603350 0.4726619923492537 750
1740685606373 0.47218933035690447 751
1740685609373 0.47171714102654755 752
1740685612655 0.471245423885521 753
1740685615653 0.47077417846163544 754
1740685618617 0.4703034042831738 755
1740685621700 0.46983310087889063 756
1740685624877 0.46936326777801174 757
1740685627898 0.4688939045102337 758
1740685630871 0.4684250106057235 759
1740685633908 0.46795658559511777 760
1740685636919 0.46748862900952265 761
1740685640471 0.4670211403805131 762
1740685644602 0.4665541192401326 763
1740685647620 0.4660875651208925 764
1740685650769 0.4656214775557716 765
1740685654065 0.46515585607821586 766
1740685657045 0.46469070022213765 767
1740685660213 0.4642260095219155 768
1740685663250 0.4637617835123936 769
1740685666315 0.46329802172888124 770
1740685669394 0.46283472370715234 771
1740685672485 0.46237188898344517 772
1740685675521 0.4619095170944617 773
1740685678661 0.46144760757736725 774
1740685681821 0.46098615996978987 775
1740685684829 0.46052517380982005 776
1740685688040 0.4600646486360102 777
1740685691386 0.4596045839873742 778
1740685694598 0.45914497940338683 779
1740685697835 0.4586858344239834 780
1740685701087 0.45822714858955943 781
1740685704300 0.45776892144096987 782
1740685707640 0.4573111525195289 783
1740685710678 0.4568538413670094 784
1740685713872 0.4563969875256424 785
1740685716945 0.45594059053811675 786
1740685720367 0.45548464994757865 787
1740685723639 0.45502916529763104 788
1740685726663 0.45457413613233344 789
1740685729692 0.4541195619962011 790
1740685732908 0.4536654424342049 791
1740685736082 0.45321177699177073 792
1740685739275 0.452758565214779 793
1740685742450 0.4523058066495642 794
1740685745709 0.45185350084291465 795
1740685749123 0.4514016473420717 796
1740685752221 0.45095024569472963 797
1740685755441 0.4504992954490349 798
1740685758770 0.45004879615358584 799
1740685761909 0.44959874735743227 800
1740685765224 0.4491491486100748 801
1740685768634 0.44869999946146477 802
1740685771839 0.4482512994620033 803
1740685774980 0.4478030481625413 804
1740685778232 0.44735524511437874 805
1740685781553 0.4469078898692644 806
1740685784747 0.4464609819793951 807
1740685788035 0.44601452099741573 808
1740685791517 0.4455685064764183 809
1740685795270 0.4451229379699419 810
1740685798598 0.44467781503197196 811
1740685801953 0.44423313721693997 812
1740685805233 0.44378890407972305 813
1740685808374 0.44334511517564335 814
1740685811538 0.4429017700604677 815
1740685814800 0.44245886829040726 816
1740685817981 0.44201640942211684 817
1740685821457 0.44157439301269474 818
1740685824800 0.44113281861968207 819
1740685828239 0.4406916858010624 820
1740685831302 0.4402509941152613 821
1740685834640 0.43981074312114604 822
1740685838477 0.4393709323780249 823
1740685842892 0.4389315614456469 824
1740685846084 0.43849262988420123 825
1740685849438 0.438054137254317 826
1740685852705 0.4376160831170627 827
1740685856055 0.43717846703394564 828
1740685859556 0.4367412885669117 829
1740685863002 0.4363045472783448 830
1740685866419 0.43586824273106645 831
1740685869892 0.4354323744883354 832
1740685873079 0.43499694211384704 833
1740685876344 0.4345619451717332 834
1740685879539 0.43412738322656147 835
1740685882701 0.4336932558433349 836
1740685885893 0.43325956258749154 837
1740685889387 0.43282630302490405 838
1740685893154 0.43239347672187917 839
1740685896274 0.4319610832451573 840
1740685899398 0.43152912216191214 841
1740685901136 0.43152912216191214 842
1740685904893 0.4310975930397502 843
1740685908292 0.43066649544671043 844
1740685911544 0.4302358289512637 845
1740685914801 0.4298055931223125 846
1740685918104 0.42937578752919014 847
1740685921435 0.4289464117416609 848
1740685924954 0.42851746532991924 849
1740685928297 0.42808894786458934 850
1740685931460 0.42766085891672473 851
1740685934922 0.427233198057808 852
1740685938230 0.4268059648597502 853
1740685941330 0.4263791588948904 854
1740685944474 0.42595277973599555 855
1740685947702 0.42552682695625954 856
1740685951041 0.4251013001293033 857
1740685954357 0.424676198829174 858
1740685957549 0.4242515226303448 859
1740685960742 0.42382727110771445 860
1740685963902 0.4234034438366067 861
1740685967452 0.4229800403927701 862
1740685970537 0.42255706035237733 863
1740685973704 0.42213450329202495 864
1740685978215 0.4217123687887329 865
1740685981279 0.4212906564199442 866
1740685984401 0.42086936576352424 867
1740685987921 0.4204484963977607 868
1740685991125 0.42002804790136294 869
1740685994402 0.4196080198534616 870
1740685997455 0.4191884118336081 871
1740686000506 0.41876922342177453 872
1740686003792 0.41835045419835276 873
1740686007196 0.4179321037441544 874
1740686010365 0.41751417164041027 875
1740686013720 0.41709665746876984 876
1740686017076 0.4166795608113011 877
1740686020069 0.41626288125048977 878
1740686023160 0.41584661836923925 879
1740686026437 0.41543077175087 880
1740686029484 0.41501534097911913 881
1740686032690 0.41460032563814003 882
1740686035881 0.4141857253125019 883
1740686038989 0.41377153958718943 884
1740686042368 0.4133577680476022 885
1740686045710 0.4129444102795546 886
1740686049007 0.412531465869275 887
1740686052233 0.41211893440340575 888
1740686055482 0.41170681546900234 889
1740686058611 0.41129510865353336 890
1740686061749 0.41088381354487985 891
1740686064812 0.410472929731335 892
1740686067962 0.41006245680160364 893
1740686071205 0.40965239434480205 894
1740686074658 0.40924274195045723 895
1740686077959 0.40883349920850676 896
1740686081184 0.40842466570929825 897
1740686084469 0.40801624104358897 898
1740686087760 0.4076082248025454 899
1740686090839 0.4072006165777428 900
1740686094197 0.4067934159611651 901
1740686095790 0.4067934159611651 902
1740686099161 0.4063866225452039 903
1740686102361 0.4059802359226587 904
1740686105611 0.40557425568673605 905
1740686108906 0.40516868143104934 906
1740686112237 0.4047635127496183 907
1740686115619 0.4043587492368687 908
1740686118909 0.4039543904876318 909
1740686122089 0.4035504360971442 910
1740686125498 0.40314688566104706 911
1740686129010 0.402743738775386 912
1740686132415 0.4023409950366106 913
1740686135741 0.401938654041574 914
1740686139090 0.4015367153875324 915
1740686142098 0.4011351786721449 916
1740686145228 0.40073404349347275 917
1740686148849 0.40033330944997925 918
1740686152092 0.39993297614052925 919
1740686155374 0.3995330431643887 920
1740686158682 0.39913351012122433 921
1740686161965 0.3987343766111031 922
1740686165206 0.398335642234492 923
1740686168524 0.3979373065922575 924
1740686171907 0.39753936928566525 925
1740686175585 0.3971418299163796 926
1740686178961 0.3967446880864632 927
1740686182206 0.3963479433983767 928
1740686185462 0.3959515954549783 929
1740686189006 0.39555564385952335 930
1740686192443 0.39516008821566384 931
1740686195619 0.3947649281274482 932
1740686203104 0.3943701631993207 933
1740686206068 0.3939757930361214 934
1740686209147 0.3935818172430853 935
1740686212635 0.3931882354258422 936
1740686215962 0.39279504719041636 937
1740686219151 0.39240225214322594 938
1740686222238 0.39200984989108273 939
1740686225452 0.39161784004119166 940
1740686228637 0.39122622220115044 941
1740686231802 0.3908349959789493 942
1740686235067 0.3904441609829703 943
1740686238201 0.3900537168219873 944
1740686241547 0.3896636631051653 945
1740686244767 0.38927399944206015 946
1740686247946 0.3888847254426181 947
1740686250883 0.38849584071717547 948
1740686254188 0.3881073448764583 949
1740686257267 0.3877192375315819 950
1740686260683 0.3873315182940503 951
1740686263735 0.38694418677575626 952
1740686266801 0.3865572425889805 953
1740686270048 0.38617068534639154 954
1740686273088 0.38578451466104513 955
1740686276100 0.3853987301463841 956
1740686279468 0.3850133314162377 957
1740686282662 0.3846283180848215 958
1740686286150 0.3842436897667367 959
1740686289439 0.3838594460769699 960
1740686292732 0.38347558663089293 961
1740686296010 0.38309211104426205 962
1740686299208 0.3827090189332178 963
1740686302369 0.38232630991428457 964
1740686305605 0.38194398360437026 965
1740686308840 0.3815620396207659 966
1740686311994 0.38118047758114515 967
1740686315291 0.380799297103564 968
1740686318446 0.3804184978064605 969
1740686321633 0.380038079308654 970
1740686324660 0.3796580412293454 971
1740686327662 0.379278383188116 972
1740686330712 0.3788991048049279 973
1740686334288 0.37852020570012296 974
1740686335592 0.37814168549442284 975
1740686338623 0.3777635438089284 976
1740686342048 0.3773857802651195 977
1740686345320 0.37700839448485435 978
1740686348509 0.3766313860903695 979
1740686351785 0.37625475470427916 980
1740686354828 0.3758784999495749 981
1740686357865 0.3755026214496253 982
1740686360970 0.3751271188281757 983
1740686364151 0.3747519917093475 984
1740686367368 0.37437723971763814 985
1740686370557 0.37400286247792053 986
1740686373928 0.3736288596154426 987
1740686377223 0.37325523075582717 988
1740686380517 0.37288197552507135 989
1740686383709 0.37250909354954626 990
1740686387077 0.37213658445599673 991
1740686390570 0.3717644478715407 992
1740686394424 0.3713926834236692 993
1740686397443 0.37102129074024554 994
1740686400597 0.3706502694495053 995
1740686403655 0.3702796191800558 996
1740686406742 0.36990933956087574 997
1740686409971 0.36953943022131486 998
1740686413330 0.3691698907910935 999
