1740683189780 0.9873034879565239 0
1740683192888 1.5195856280624866 1
1740683195956 0.870097553357482 2
1740683199033 0.5488884523510933 3
1740683202090 0.38839487032964826 4
1740683205106 0.3162696720100939 5
1740683208179 0.21926679904572666 6
1740683211318 0.1402305825613439 7
1740683214428 0.13310058088973165 8
1740683217556 0.1312979890499264 9
1740683220762 0.09669557155575603 10
1740683223712 0.08941025496460497 11
1740683226706 0.10342911386396736 12
1740683229894 0.09969029622152448 13
1740683233011 0.0891694164602086 14
1740683236207 0.09094527515117079 15
1740683239350 0.0802605472272262 16
1740683242533 0.07564725074917078 17
1740683245761 0.061494601832237095 18
1740683248796 0.07393851422239095 19
1740683251798 0.06426644453313202 20
1740683254896 0.07182660244870931 21
1740683257962 0.06450274575036019 22
1740683261052 0.06274169677635655 23
1740683264291 0.06912534276489168 24
1740683267348 0.2052867899183184 25
1740683270313 0.09556429635267705 26
1740683273301 0.08671054930891842 27
1740683276710 0.07868164440151304 28
1740683279889 0.10483166656922549 29
1740683283023 0.08429511892609298 30
1740683286099 0.07260514213703573 31
1740683289109 0.14278633974026889 32
1740683292273 0.1773365797707811 33
1740683295344 0.14598501613363624 34
1740683298399 0.12408426986075938 35
1740683301480 0.14233529579360038 36
1740683304534 0.14436894084792584 37
1740683307607 0.1473373678745702 38
1740683310751 0.13051712117157876 39
1740683313710 0.13161651650443673 40
1740683316917 0.10679075494408607 41
1740683320014 0.13391971902456135 42
1740683323085 0.12175623374059796 43
1740683326083 0.08720338367857039 44
1740683329157 0.14177012152504176 45
1740683332467 0.14068131922977045 46
1740683335489 0.12285737809725106 47
1740683338554 0.1225698726484552 48
1740683341631 0.0805794196203351 49
1740683344729 0.2625934991519898 50
1740683347906 0.16961055528372526 51
1740683351139 0.12338822113815695 52
1740683354305 0.13582529674749821 53
1740683357517 0.1092734420672059 54
1740683360775 0.09951353911310434 55
1740683363882 0.12555217201588675 56
1740683367155 0.1427027762401849 57
1740683370327 0.11150751647073776 58
1740683373502 0.16614716325420886 59
1740683376671 0.12665543681941926 60
1740683379872 0.12252838484710082 61
1740683383152 0.14856852818047628 62
1740683386435 0.12398710154229775 63
1740683389582 0.14166717079933733 64
1740683392767 0.13291453971760347 65
1740683395914 0.10006532270926982 66
1740683399160 0.11588432430289686 67
1740683402267 0.11537107138428837 68
1740683405435 0.09952411707490683 69
1740683408792 0.12814938311930746 70
1740683411861 0.13427797163603827 71
1740683415326 0.12692290282575414 72
1740683418557 0.0832929487223737 73
1740683421850 0.12138343398692086 74
1740683425089 0.20056458632461727 75
1740683428536 0.12845869112061337 76
1740683431828 0.13196542049990967 77
1740683434992 0.14048956095939502 78
1740683438390 0.13791954680345953 79
1740683441678 0.16318202344700694 80
1740683445053 0.20484790205955505 81
1740683448452 0.1483308516908437 82
1740683451835 0.17492590635083616 83
1740683455153 0.10616556624881923 84
1740683458559 0.11978944664588198 85
1740683461767 0.19364422012586147 86
1740683465138 0.14793855173047632 87
1740683468442 0.1461020054994151 88
1740683472033 0.14182945986976847 89
1740683475373 0.15545701002702117 90
1740683478702 0.18251571158180013 91
1740683482193 0.1361140008084476 92
1740683485638 0.143429811228998 93
1740683489103 0.13600920920725912 94
1740683492788 0.12930067564593628 95
1740683496162 0.1900777801638469 96
1740683499740 0.12663238507229835 97
1740683502944 0.11681387037970126 98
1740683506152 0.1526236404897645 99
1740683509551 0.23181670671328902 100
1740683512831 0.20432654698379338 101
1740683516092 0.13687628728803247 102
1740683519211 0.17357109859585762 103
1740683522500 0.15764760959427804 104
1740683526003 0.19822584255598485 105
1740683529100 0.20986267609987408 106
1740683532491 0.16952377546112984 107
1740683535770 0.1609506747336127 108
1740683539093 0.12657641037367284 109
1740683542384 0.1599907181225717 110
1740683545675 0.23702270432841033 111
1740683548868 0.1753735925303772 112
1740683552212 0.24714769457932562 113
1740683555943 0.2557695140130818 114
1740683559447 0.2071105414070189 115
1740683562736 0.21391014498658478 116
1740683566429 0.1566189689328894 117
1740683570041 0.22613380115944892 118
1740683573457 0.19514069391880184 119
1740683577024 0.2209174633026123 120
1740683580399 0.17294839781243354 121
1740683583777 0.25263993302360177 122
1740683584316 0.0 123
1740683587739 0.15329609450418502 124
1740683591039 0.19596998067572713 125
1740683594533 0.26928675454109907 126
1740683597756 0.2753875100752339 127
1740683600974 0.1749348274897784 128
1740683604157 0.2084900380577892 129
1740683607267 0.20883993385359645 130
1740683610837 0.23668498953338712 131
1740683614310 0.2359935287386179 132
1740683618006 0.2398507526377216 133
1740683621574 0.16074173693777993 134
1740683625199 0.1958670689491555 135
1740683629060 0.20829733437858522 136
1740683632220 0.16905214497819543 137
1740683635691 0.16794823249801993 138
1740683638998 0.18137291737366468 139
1740683642234 0.22385584225412458 140
1740683645413 0.20330015721265227 141
1740683648571 0.1845586532726884 142
1740683651825 0.18334086262620986 143
1740683655288 0.1894220266258344 144
1740683658749 0.15551276376936585 145
1740683661933 0.20713378302752972 146
1740683665336 0.1816801642999053 147
1740683668480 0.18398312316276133 148
1740683671785 0.22629158769268543 149
1740683675027 0.178675391478464 150
1740683678541 0.3424839968793094 151
1740683681996 0.3870437052100897 152
1740683685214 0.2658517141826451 153
1740683688439 0.25231360853649676 154
1740683691621 0.2604616191238165 155
1740683695037 0.30308195343241096 156
1740683698455 0.23867258802056313 157
1740683702206 0.27002873411402106 158
1740683705562 0.24898104823660105 159
1740683708946 0.28106559242587537 160
1740683712351 0.3688986802008003 161
1740683715749 0.3154714801348746 162
1740683719063 0.2971136011183262 163
1740683722253 0.26681393454782665 164
1740683725384 0.1898359132464975 165
1740683728863 0.27154720132239163 166
1740683732131 0.27076639188453555 167
1740683735428 0.3024046710925177 168
1740683738858 0.3359970949823037 169
1740683742163 0.22782837226986885 170
1740683745344 0.23225301783531904 171
1740683748449 0.2692052402999252 172
1740683751616 0.2966128510888666 173
1740683754746 0.18836151727009565 174
1740683757969 0.28225418960209936 175
1740683761705 0.293476878432557 176
1740683764891 0.35578363155946136 177
1740683768104 0.3680266391020268 178
1740683771359 0.29453826835379004 179
1740683774602 0.31658136448822916 180
1740683777709 0.2904763960978016 181
1740683780829 0.2871938527096063 182
1740683784420 0.2232817766489461 183
1740683787869 0.28295509051531553 184
1740683791289 0.38448597793467343 185
1740683794618 0.3582567065022886 186
1740683797908 0.29834720003418624 187
1740683801245 0.2724745605373755 188
1740683804638 0.3028028942644596 189
1740683807798 0.3509814578574151 190
1740683810971 0.28604850836563855 191
1740683814188 0.33756624814122915 192
1740683817452 0.4251024262048304 193
1740683820667 0.3679796332726255 194
1740683823923 0.36827041977085173 195
1740683827398 0.31820098333992064 196
1740683830632 0.33627101592719555 197
1740683834055 0.3151545529253781 198
1740683837350 0.3187844263156876 199
1740683840544 0.353029660647735 200
1740683843973 0.5406324113719165 201
1740683847147 0.3955504964105785 202
1740683850467 0.4299761534202844 203
1740683853715 0.48234907968435436 204
1740683856866 0.35791846737265587 205
1740683859987 0.4033018114278093 206
1740683863476 0.35956190491560847 207
1740683866778 0.33235761197283864 208
1740683869953 0.3961751536699012 209
1740683873326 0.3155838993843645 210
1740683876621 0.4268113891594112 211
1740683880187 0.29265034291893244 212
1740683883366 0.4625082884449512 213
1740683886802 0.3680311031639576 214
1740683889985 0.358743175631389 215
1740683893257 0.32809677068144083 216
1740683896641 0.3503013545414433 217
1740683899948 0.3456025975756347 218
1740683903039 0.4168391285929829 219
1740683906349 0.38229764555580914 220
1740683909782 0.24911706254351884 221
1740683912920 0.3569025653414428 222
1740683916178 0.3863540339516476 223
1740683919428 0.37783487827982754 224
1740683922419 0.31853138911537826 225
1740683926021 0.4800174531992525 226
1740683929339 0.270769422641024 227
1740683932403 0.42329443292692304 228
1740683935723 0.3777838663663715 229
1740683939122 0.46326177078299224 230
1740683942205 0.3572578008752316 231
1740683945495 0.40872287284582853 232
1740683948669 0.46449096559081227 233
1740683951883 0.36619383259676397 234
1740683955243 0.350264523178339 235
1740683958674 0.35690668411552906 236
1740683961938 0.4721612219000235 237
1740683965288 0.37423756590578705 238
1740683968871 0.46294498071074486 239
1740683972326 0.4062290503643453 240
1740683975619 0.46846708736848086 241
1740683978798 0.3919853996485472 242
1740683981726 0.39393669948913157 243
1740683985031 0.3777560219168663 244
1740683988416 0.3418314747978002 245
1740683991632 0.373281066538766 246
1740683995057 0.4171387222595513 247
1740683998339 0.4990195277496241 248
1740684001578 0.47129393566865474 249
1740684004704 0.5022460573818535 250
1740684008143 0.7131882985122502 251
1740684011461 0.5973554844968021 252
1740684014828 0.5286621593404561 253
1740684018215 0.5112559138797224 254
1740684021559 0.6101946355774999 255
1740684024815 0.5896008878480643 256
1740684027957 0.4367180000990629 257
1740684031263 0.3474539270391688 258
1740684034701 0.36717798409517854 259
1740684038052 0.4197851970093325 260
1740684041279 0.39059019926935434 261
1740684044450 0.46296980988699943 262
1740684047639 0.42175216681789607 263
1740684050825 0.4204511633142829 264
1740684054133 0.6017848070478067 265
1740684057340 0.585645220708102 266
1740684060597 0.47437440068461 267
1740684063817 0.48981454281602055 268
1740684066764 0.3522861774545163 269
1740684070217 0.5575687313685194 270
1740684073329 0.43245899432804435 271
1740684076536 0.44252678391058 272
1740684079570 0.5179158785613254 273
1740684082787 0.5781831783242524 274
1740684085957 0.4282167998608202 275
1740684089346 0.6971958144567907 276
1740684092425 0.5109860299853608 277
1740684095673 0.5193521287292242 278
1740684098844 0.5860649116802961 279
1740684102046 0.5821548886597157 280
1740684105020 0.3801589129725471 281
1740684108290 0.5042576750274748 282
1740684111452 0.5564056613948196 283
1740684114613 0.5240913339657709 284
1740684117761 0.627927694702521 285
1740684120821 0.6058587853331119 286
1740684123881 0.7926940442994237 287
1740684127118 0.6705930319149047 288
1740684130307 0.6602803445421159 289
1740684133501 0.4913158518029377 290
1740684136423 0.38390261901076883 291
1740684139517 0.5156453478848562 292
1740684142503 0.6701310161734 293
1740684145723 0.6458296953933313 294
1740684148927 0.45938254438806325 295
1740684151897 0.39771193847991526 296
1740684154923 0.545445337658748 297
1740684157961 0.6124546825303696 298
1740684160873 0.5257382509298623 299
1740684163945 0.5029776288429275 300
1740684167327 0.7400985679123551 301
1740684170440 0.7341133400332183 302
1740684173427 0.5422127689234912 303
1740684176521 0.6451421567471698 304
1740684179510 0.5759639133466408 305
1740684182683 0.7248364489059895 306
1740684186064 0.40060615993570536 307
1740684189299 0.49013321893289685 308
1740684192567 0.5251628622063436 309
1740684195802 0.7769978404976428 310
1740684198749 0.6700334737543017 311
1740684201916 0.6784056407632306 312
1740684204977 0.5309344074921682 313
1740684208133 0.7078695187810808 314
1740684211359 0.7438245237572119 315
1740684214412 0.4420552992960438 316
1740684217542 0.7034527164651081 317
1740684220658 0.7741502765566111 318
1740684223821 0.5890831903088838 319
1740684226993 0.7385798324248753 320
1740684229993 0.5564592657610774 321
1740684233325 0.6863379683345556 322
1740684236515 0.8889124126289971 323
1740684239552 0.5936890296870843 324
1740684242531 0.6083531751064584 325
1740684245861 0.8436124469153583 326
1740684249105 0.9523403035709634 327
1740684252500 0.5120270987972617 328
1740684255544 0.5788711338536814 329
1740684258620 0.5901824042666703 330
1740684261725 0.7107423996785656 331
1740684264952 0.7533896239474416 332
1740684268138 0.7757749352604151 333
1740684271276 0.5097272320417687 334
1740684274741 0.7751969057135284 335
1740684278059 0.8086964981630445 336
1740684281268 0.48987935902550817 337
1740684284545 0.5821775818476453 338
1740684287768 0.6231064713210799 339
1740684290777 0.85393061558716 340
1740684293968 0.5576213081367314 341
1740684297243 0.8254044769564644 342
1740684300198 0.8450043877819553 343
1740684303196 0.3607176389778033 344
1740684306389 0.8867609605658799 345
1740684309736 0.6031409105053172 346
1740684313139 0.903711894992739 347
1740684316215 0.8650172227062285 348
1740684319242 0.8547331788577139 349
1740684322443 0.9642586845438927 350
1740684325774 0.7245659113395959 351
1740684329140 0.6837562615983188 352
1740684332268 1.0506932638818398 353
1740684335264 0.8599302568472922 354
1740684338597 0.8914756755111739 355
1740684341525 0.7940582414157689 356
1740684344791 0.9413444170495495 357
1740684347720 0.7637093001976609 358
1740684350971 0.6006788106169552 359
1740684353908 0.7833455710206181 360
1740684356885 0.6004973349627107 361
1740684359987 0.9629459453281015 362
1740684362999 1.1260709930211306 363
1740684365957 0.8294631256721914 364
1740684369191 0.7503698962973431 365
1740684372420 1.0276715805521235 366
1740684375357 0.7780182383721694 367
1740684378473 0.7351844625081867 368
1740684381906 0.6746282005915418 369
1740684385070 0.8511986150406301 370
1740684388020 0.7774482099339366 371
1740684391023 0.9144688753876835 372
1740684394100 0.7748509999364614 373
1740684397187 0.7671644141664729 374
1740684400239 1.167455913266167 375
1740684403531 0.7179372748360038 376
1740684406838 0.952366198063828 377
1740684410240 0.9129931788193062 378
1740684413744 0.9334428566507995 379
1740684417016 0.8425443962914869 380
1740684420462 1.1080254695843905 381
1740684423811 0.7070639822632074 382
1740684426894 1.247490571346134 383
1740684430071 0.9423955308739096 384
1740684433003 0.8317855325294659 385
1740684436345 1.1328905569389462 386
1740684439335 1.0648601098218933 387
1740684442491 1.1684763366356492 388
1740684445979 1.0653054000576958 389
1740684449257 0.8861536165932193 390
1740684452331 1.165326222544536 391
1740684455344 0.8139408617280424 392
1740684458351 0.7601153434952721 393
1740684461627 0.9852367339190096 394
1740684464878 0.5609525768086314 395
1740684468022 0.7287161670392379 396
1740684470971 1.0785559751093388 397
1740684474035 1.1329513187520206 398
1740684477306 0.6831778840860352 399
1740684480658 0.7994396982248873 400
1740684483840 0.9428957183845341 401
1740684486928 0.6509255361743271 402
1740684491334 0.9701687934575602 403
1740684494608 0.77143873879686 404
1740684497654 0.9798494181595743 405
1740684500758 1.1093392549082637 406
1740684504234 1.3426436120644212 407
1740684507429 0.6301795730832964 408
1740684510832 0.8622664667200297 409
1740684513809 0.8604071664158255 410
1740684516935 0.8345342921093106 411
1740684520071 0.7838155407225713 412
1740684523376 1.1157530439086258 413
1740684526542 1.1654808892635629 414
1740684529656 0.7813672930933535 415
1740684532669 1.3347488899016753 416
1740684535874 0.8197112712077796 417
1740684539417 0.9012379203923047 418
1740684542858 0.7906974048819393 419
1740684546003 1.4915804730262607 420
1740684549152 0.9566938912030309 421
1740684552532 1.027896906947717 422
1740684555751 0.9420992454979569 423
1740684558913 1.1643289499916136 424
1740684561951 1.2141623365459964 425
1740684565356 1.270278999581933 426
1740684568577 1.2883486638311297 427
1740684570498 0.8196911932900548 428
1740684573476 1.17691061925143 429
1740684576451 1.1007041158154607 430
1740684579570 0.7950907679041848 431
1740684583110 1.3753141097258776 432
1740684586142 1.3936510749626905 433
1740684589111 1.1615851045353338 434
1740684592069 1.2351513947360218 435
1740684595349 1.6745599487330765 436
1740684598670 0.8514559350442141 437
1740684602134 1.299723526230082 438
1740684605131 1.2036622836021706 439
1740684608367 1.1530058578355238 440
1740684611625 0.9179052835097536 441
1740684614972 0.9324372857809067 442
1740684618142 0.7770560948411003 443
1740684621233 1.1399290882982314 444
1740684624528 1.0336237479932606 445
1740684627864 1.6026255353353918 446
1740684631162 1.0167572582140565 447
1740684634215 1.200529863475822 448
1740684637232 1.3112573185935616 449
1740684640672 1.040163926081732 450
1740684644046 1.4175970723154023 451
1740684647133 1.3974033461418003 452
1740684650205 1.0811956312973052 453
1740684653190 1.3909968638326973 454
1740684656520 0.8346610134467483 455
1740684659753 1.4280406655743718 456
1740684663092 1.4221360650844872 457
1740684666279 1.2298028245568275 458
1740684669506 1.6685533407144248 459
1740684672846 1.1446153611177579 460
1740684676186 0.8757370957173407 461
1740684679357 1.582171711488627 462
1740684682446 1.4078467861982062 463
1740684685685 0.9432137836702168 464
1740684688901 0.9039010388078168 465
1740684692202 1.3311549259815365 466
1740684695193 1.4734342731535435 467
1740684698405 1.5341746980557218 468
1740684701820 1.3964585666544735 469
1740684705183 1.632744655595161 470
1740684708278 1.1967797068646178 471
1740684711260 1.228034624364227 472
1740684714394 1.5013204189017415 473
1740684717850 0.8073064821073785 474
1740684721261 1.2422940030228347 475
1740684724294 1.624185084598139 476
1740684727390 1.1700808079913259 477
1740684730706 1.3038978017866611 478
1740684733769 2.0419540426228195 479
1740684736982 1.2959664519876242 480
1740684740129 2.2474790662527084 481
1740684743517 1.425591520499438 482
1740684746945 1.4790898230858147 483
1740684750198 1.094273923896253 484
1740684753284 1.1102211547549814 485
1740684756314 1.882740080356598 486
1740684759499 1.2888935613445938 487
1740684762930 1.1922319333534688 488
1740684766214 1.8528128364123404 489
1740684769204 1.4416262488812208 490
1740684772168 1.172582256840542 491
1740684775560 1.9102224987000227 492
1740684779024 1.7204819447360933 493
1740684782249 1.2795258057303727 494
1740684785241 1.2392021277919412 495
1740684788355 1.3367511228425428 496
1740684791597 1.592308220686391 497
1740684794895 1.2216588206356391 498
1740684798129 1.431957394699566 499
1740684801611 1.3830558662302792 500
1740684804973 1.1907589146867394 501
1740684808360 2.174891143105924 502
1740684811594 1.6125006701331586 503
1740684814721 1.2758634267374873 504
1740684817878 1.3478775136172771 505
1740684821116 2.0258561361115426 506
1740684824516 1.5670464998111129 507
1740684827846 0.9406068450771272 508
1740684831009 1.2584998086094856 509
1740684834061 0.9846145119518042 510
1740684837478 1.2320206088479608 511
1740684840664 1.0112306969240308 512
1740684843729 0.7632476864382625 513
1740684846696 1.2759536965750158 514
1740684850145 1.3998670732835308 515
1740684853324 1.3896488971076906 516
1740684856421 1.5205292340833694 517
1740684859379 1.8179048534948379 518
1740684862590 1.3160415780730546 519
1740684866237 1.8420890050474554 520
1740684869700 1.3359374010469764 521
1740684872621 1.78715387172997 522
1740684875704 1.570076261414215 523
1740684878957 1.394815274514258 524
1740684882335 1.4200194790028036 525
1740684885629 1.6426380723714828 526
1740684888754 1.0405133184976876 527
1740684891717 1.431188226211816 528
1740684895037 1.9118140824139118 529
1740684898356 1.4833245258778334 530
1740684901827 1.254603810608387 531
1740684904736 1.6026275312760845 532
1740684907733 1.386847343761474 533
1740684911111 1.2266511777415872 534
1740684914513 1.2912265709601343 535
1740684917508 2.207883902359754 536
1740684920697 1.526298529934138 537
1740684923958 1.6118752654874697 538
1740684927310 1.1606664883438498 539
1740684930470 1.1145852329209447 540
1740684933574 1.3887235205620527 541
1740684936628 1.3349748111795634 542
1740684939847 1.6211096849292517 543
1740684943360 1.5363441254012287 544
1740684946579 1.3594206210691482 545
1740684949550 2.375796641688794 546
1740684952457 2.065429942216724 547
1740684955736 1.2683565812185407 548
1740684959074 1.903681166935712 549
1740684962249 0.7964028094429523 550
1740684965329 2.0612911377102137 551
1740684968474 1.2731667924672365 552
1740684971442 1.5344398566521704 553
1740684974672 2.087981469463557 554
1740684977662 1.6119804745540023 555
1740684980717 2.0545340622775257 556
1740684983939 1.7090081996284425 557
1740684987352 1.9188896310515702 558
1740684990453 1.9509070098865777 559
1740684993534 1.8483894006349146 560
1740684996744 2.7180376208852977 561
1740685000148 1.6004032236523926 562
1740685003699 1.4653529358329251 563
1740685006776 1.7507901948411018 564
1740685009847 1.8986054442357272 565
1740685012973 2.1780178246553987 566
1740685016431 1.6543684140779078 567
1740685019674 1.8013722656760365 568
1740685023125 1.261553980410099 569
1740685026124 1.6872832304798067 570
1740685029377 1.4535101987421513 571
1740685032626 1.5510421227663755 572
1740685035957 1.151524754241109 573
1740685038984 1.7882900242693722 574
1740685042067 2.021111676003784 575
1740685045339 1.8980095309671015 576
1740685048700 1.4045719732530415 577
1740685051830 1.7762870974838734 578
1740685055024 1.5297245192341506 579
1740685058343 2.1062063531717286 580
1740685061799 1.6813544328324497 581
1740685065044 2.3878077906556427 582
1740685068007 1.2841169151943177 583
1740685071219 1.4151681668590754 584
1740685074447 1.94232057640329 585
1740685077911 2.904577700421214 586
1740685081169 1.917646008078009 587
1740685084734 1.2902335199760273 588
1740685088109 2.050771952373907 589
1740685091348 2.2983730654232204 590
1740685094567 2.236611539265141 591
1740685097744 2.167196753202006 592
1740685100739 1.947764537180774 593
1740685104171 1.7813926471862942 594
1740685107523 2.180696782656014 595
1740685110821 2.188041469315067 596
1740685113834 2.1883184635080397 597
1740685116773 2.0236772829666734 598
1740685120074 1.8391026561148465 599
1740685123370 2.4995304332114756 600
1740685126467 1.6832908305805176 601
1740685129520 1.9213339518755674 602
1740685132555 2.699301974847913 603
1740685135756 2.0089846034534276 604
1740685139013 2.4490194227546453 605
1740685142284 1.9722062724176794 606
1740685145470 1.5051564986351877 607
1740685148711 1.0259897571522743 608
1740685151935 1.400111327180639 609
1740685155177 2.1908388638403267 610
1740685158479 2.447927895700559 611
1740685161709 1.8549666027538478 612
1740685165002 1.518147946568206 613
1740685168307 2.8097411184571683 614
1740685171416 1.9958855824079365 615
1740685174549 1.6401285221800208 616
1740685177880 2.1828549946658313 617
1740685181220 2.1455527506768703 618
1740685184521 1.8515481734648347 619
1740685187512 2.2536061508581042 620
1740685190533 1.9431956347543746 621
1740685193825 2.0286558447405696 622
1740685197146 1.839269702322781 623
1740685200193 2.136263106483966 624
1740685203403 2.3532077956479043 625
1740685206809 1.7587921330705285 626
1740685209951 2.238796027144417 627
1740685213090 2.818690354935825 628
1740685216253 1.8363685777876526 629
1740685219278 1.702692320337519 630
1740685222689 2.471861597849056 631
1740685226079 2.1185667137615383 632
1740685229373 2.3774084420874715 633
1740685232569 1.5788377248682082 634
1740685235485 2.0083576190518215 635
1740685239542 2.3330602711066604 636
1740685242880 3.002122638048604 637
1740685245888 2.32860596338287 638
1740685249079 1.0179482493549585 639
1740685252585 2.5880947872065008 640
1740685256023 1.7352152692619711 641
1740685259290 2.085597521625459 642
1740685262295 2.9232407363597304 643
1740685266031 2.619229239411652 644
1740685269504 2.104482836322859 645
1740685272746 2.2998992316424847 646
1740685275718 2.178079016855918 647
1740685278772 2.088313841028139 648
1740685282143 2.595325310830958 649
1740685285655 2.8621635362505913 650
1740685288940 2.2811406292021275 651
1740685291975 1.7274984610266984 652
1740685295166 1.5931157355662435 653
1740685298552 2.138288534944877 654
1740685301900 1.6019448721781373 655
1740685305180 1.8052709749899805 656
1740685308250 2.1584897593129426 657
1740685311700 3.3987281776499003 658
1740685315009 2.421368050388992 659
1740685318112 2.695481319911778 660
1740685321151 1.4674005471169949 661
1740685324387 2.9414805532433093 662
1740685327745 1.8389814549591392 663
1740685331160 1.8210271927528083 664
1740685334369 2.68763712560758 665
1740685337691 2.222077066777274 666
1740685341047 2.248062684200704 667
1740685344377 3.8597109438851476 668
1740685346368 1.1636333195492625 669
1740685349739 2.0258614509366453 670
1740685352728 2.207304217386991 671
1740685355975 1.8397889891639352 672
1740685359102 3.257121999748051 673
1740685362234 2.8886127779260278 674
1740685365376 2.536045087967068 675
1740685368594 2.078951100818813 676
1740685371722 2.940215479116887 677
1740685374718 3.3879990314599127 678
1740685377801 2.399172662291676 679
1740685380895 2.7145098419860005 680
1740685384083 2.5512124344240874 681
1740685387453 1.8498866835143417 682
1740685390498 1.722718820674345 683
1740685393572 2.928369631059468 684
1740685396653 2.1747043358627707 685
1740685399820 2.439215073827654 686
1740685402981 2.135053605074063 687
1740685406024 1.612668106565252 688
1740685409120 1.4412149819545448 689
1740685412155 3.6941645150072873 690
1740685415301 2.6352927430998534 691
1740685418671 1.9332625046372414 692
1740685421970 2.4630491863936186 693
1740685425380 2.2307608011178672 694
1740685428664 2.9458066169172525 695
1740685432083 3.223693953361362 696
1740685435062 2.8901199041865766 697
1740685438215 3.4374910723417997 698
1740685441510 2.910925735719502 699
1740685444652 2.53282371442765 700
1740685447754 1.5761898511555046 701
1740685451057 2.380579810589552 702
1740685454084 2.5470531641039997 703
1740685457082 3.103038443485275 704
1740685460094 2.9741893196478486 705
1740685463446 2.078304615803063 706
1740685466873 3.116910364944488 707
1740685469850 2.9693483107257634 708
1740685472906 3.3189393170177937 709
1740685476097 2.3264000210911036 710
1740685479597 2.6906046350486577 711
1740685482833 3.0830274298787117 712
1740685485847 2.548913657432422 713
1740685488984 2.8281365646980703 714
1740685492045 1.3563946299254894 715
1740685495082 2.825658111833036 716
1740685498142 3.395596124464646 717
1740685501536 4.175640100613236 718
1740685504761 1.9939811043441296 719
1740685508001 3.3009143858216703 720
1740685511120 2.6655816663987935 721
1740685514268 3.7217256473377347 722
1740685517475 2.4880403936840594 723
1740685520473 2.5316632874310017 724
1740685523962 3.242128064855933 725
1740685527169 2.7704879571683705 726
1740685530295 2.719461165368557 727
1740685533395 3.2288248520344496 728
1740685536608 2.2462595750112087 729
1740685539612 2.177534292684868 730
1740685542825 2.7124194828793406 731
1740685545928 3.308652949286625 732
1740685549017 2.8700818801298738 733
1740685552086 2.598736288724467 734
1740685555119 3.0878911674953997 735
1740685558398 2.301064963452518 736
1740685561591 1.8098084735684097 737
1740685564848 2.757380279712379 738
1740685567967 3.5300818579271436 739
1740685571273 2.982473412062973 740
1740685574611 2.0024774810299277 741
1740685577619 3.007922748103738 742
1740685580794 2.995296344626695 743
1740685583955 2.2949438381474465 744
1740685587143 2.9784912737086415 745
1740685590481 4.166053861845285 746
1740685593593 2.3940466758795083 747
1740685596797 2.6552782552316785 748
1740685600265 2.106594179291278 749
1740685603350 2.4943538112565875 750
1740685606373 3.221566873602569 751
1740685609373 1.851845947559923 752
1740685612655 2.5609175057616085 753
1740685615653 2.539950994774699 754
1740685618617 3.226600667461753 755
1740685621700 3.637837997637689 756
1740685624877 4.226582357659936 757
1740685627898 4.6956289750523865 758
1740685630871 2.506018616259098 759
1740685633908 2.3727395250461996 760
1740685636919 2.1194096226245165 761
1740685640471 2.3816039417870343 762
1740685644602 2.6224036796484143 763
1740685647620 2.210540695581585 764
1740685650769 3.0602368228137493 765
1740685654065 4.541445597540587 766
1740685657045 3.8204992483370006 767
1740685660213 4.701692102942616 768
1740685663250 3.3401795588433743 769
1740685666315 3.111482486128807 770
1740685669394 2.8710640254430473 771
1740685672485 2.3632737016305327 772
1740685675521 2.3057493530213833 773
1740685678661 2.6198474750854075 774
1740685681821 3.0472473865374923 775
1740685684829 4.178764959797263 776
1740685688040 1.840068134944886 777
1740685691386 3.2319384501315653 778
1740685694598 3.362824862357229 779
1740685697835 3.7176138716749847 780
1740685701087 2.4815798783674836 781
1740685704300 4.66424165898934 782
1740685707640 2.353337397798896 783
1740685710678 3.417414266616106 784
1740685713872 3.6777888610959053 785
1740685716945 3.0501419324427843 786
1740685720367 3.7904644128866494 787
1740685723639 3.6117760138586164 788
1740685726663 3.299336602911353 789
1740685729692 2.867758847773075 790
1740685732908 3.2058533136732876 791
1740685736082 4.480074097868055 792
1740685739275 2.1156523511745036 793
1740685742450 3.4384250740986317 794
1740685745709 4.595643847249448 795
1740685749123 2.671113019809127 796
1740685752221 3.754994999617338 797
1740685755441 2.7477776370942593 798
1740685758770 2.4609220172278583 799
1740685761909 3.2261504493653774 800
1740685765224 3.5875390507280827 801
1740685768634 2.8290014937520027 802
1740685771839 2.3578169345855713 803
1740685774980 5.1121150853578 804
1740685778232 4.040469410829246 805
1740685781553 2.455000118352473 806
1740685784747 2.365453289821744 807
1740685788035 2.7979390774853528 808
1740685791517 4.121729514328763 809
1740685795270 3.901892245747149 810
1740685798598 3.869159058202058 811
1740685801953 3.629082064377144 812
1740685805233 3.21263815369457 813
1740685808374 4.928767846431583 814
1740685811538 3.401522343978286 815
1740685814800 4.213655443396419 816
1740685817981 3.1869005137123168 817
1740685821457 3.4815796457696706 818
1740685824800 4.5149649837985635 819
1740685828239 3.1834834835026413 820
1740685831302 4.557338733226061 821
1740685834640 3.8031976448837668 822
1740685838477 2.628982327878475 823
1740685842892 2.34389621950686 824
1740685846084 3.685304828453809 825
1740685849438 3.419932059943676 826
1740685852705 4.154056144878268 827
1740685856055 4.32793435966596 828
1740685859556 3.444383188150823 829
1740685863002 4.109837595373392 830
1740685866419 3.6700475888792425 831
1740685869892 5.316463208757341 832
1740685873079 4.097951916977763 833
1740685876344 5.353277325630188 834
1740685879539 4.541238597594202 835
1740685882701 4.049669821746647 836
1740685885893 3.771585026755929 837
1740685889387 5.530020751990378 838
1740685893154 4.476751196198165 839
1740685896274 3.1018674261868 840
1740685899398 2.9623652631416917 841
1740685901136 1.3115008301101625 842
1740685904893 3.182418488431722 843
1740685908292 4.4266889966093 844
1740685911544 2.696902777766809 845
1740685914801 2.9533582711592317 846
1740685918104 3.5029182233847678 847
1740685921435 4.178591500967741 848
1740685924954 3.9927385908085853 849
1740685928297 4.095133430324495 850
1740685931460 4.268022217787802 851
1740685934922 5.165674469433725 852
1740685938230 4.011665571946651 853
1740685941330 4.851686374284327 854
1740685944474 4.998943756334484 855
1740685947702 2.6741313035599887 856
1740685951041 3.072196672204882 857
1740685954357 3.953778922557831 858
1740685957549 3.934960789512843 859
1740685960742 3.706744826864451 860
1740685963902 5.466775130480528 861
1740685967452 5.66626137541607 862
1740685970537 2.48869201913476 863
1740685973704 3.9409265811555088 864
1740685978215 5.959919302724302 865
1740685981279 5.3156508300453424 866
1740685984401 3.5845715212635696 867
1740685987921 3.9886181694455445 868
1740685991125 5.024545535445213 869
1740685994402 3.79825724568218 870
1740685997455 6.302690977230668 871
1740686000506 3.6163089186884463 872
1740686003792 4.21761248097755 873
1740686007196 3.7876018919050694 874
1740686010365 3.014408395625651 875
1740686013720 4.3667612774297595 876
1740686017076 4.994166516698897 877
1740686020069 4.873074335977435 878
1740686023160 4.752674439921975 879
1740686026437 4.38338808901608 880
1740686029484 3.3799226465635 881
1740686032690 3.0643554530106485 882
1740686035881 4.025259143207222 883
1740686038989 5.060320542193949 884
1740686042368 5.27016814192757 885
1740686045710 4.367108142003417 886
1740686049007 5.174838465638459 887
1740686052233 3.516769534442574 888
1740686055482 4.744500315282494 889
1740686058611 5.4626849088817835 890
1740686061749 4.83930339012295 891
1740686064812 5.530353625304997 892
1740686067962 5.547251801006496 893
1740686071205 5.84597510099411 894
1740686074658 3.708900671452284 895
1740686077959 4.166103385388851 896
1740686081184 4.310145889408886 897
1740686084469 5.9054908929392695 898
1740686087760 4.172699276357889 899
1740686090839 4.342837147414684 900
1740686094197 3.934275607811287 901
1740686095790 2.0313451956026256 902
1740686099161 5.34847707208246 903
1740686102361 4.924884734675288 904
1740686105611 4.037847878411412 905
1740686108906 4.777414394076914 906
1740686112237 2.968063933774829 907
1740686115619 4.383553540799767 908
1740686118909 6.703512188978493 909
1740686122089 4.662876622751355 910
1740686125498 3.4816474560648203 911
1740686129010 4.3029210227541625 912
1740686132415 8.189212081953883 913
1740686135741 2.7473764386959374 914
1740686139090 5.179443089757115 915
1740686142098 5.16216654330492 916
1740686145228 4.501956918276846 917
1740686148849 4.661449977196753 918
1740686152092 3.857245832681656 919
1740686155374 3.0224115373566747 920
1740686158682 5.385756876319647 921
1740686161965 4.959483680315316 922
1740686165206 4.363340427167714 923
1740686168524 5.64567600376904 924
1740686171907 6.017760991118848 925
1740686175585 4.933336666785181 926
1740686178961 3.413530943915248 927
1740686182206 4.69736224738881 928
1740686185462 3.0615755077451468 929
1740686189006 4.801290336064994 930
1740686192443 5.441063700243831 931
1740686195619 6.141424814704806 932
1740686203104 5.721444014459848 933
1740686206068 4.600815459154546 934
1740686209147 5.1118806060403585 935
1740686212635 4.352388579398394 936
1740686215962 5.670633457135409 937
1740686219151 6.3919016271829605 938
1740686222238 4.46086223050952 939
1740686225452 4.795978229492903 940
1740686228637 3.2525062141939998 941
1740686231802 5.4830600610002875 942
1740686235067 5.116582626476884 943
1740686238201 3.845020467415452 944
1740686241547 5.090106173418462 945
1740686244767 4.904311744496226 946
1740686247946 6.295308588072658 947
1740686250883 5.60876233689487 948
1740686254188 6.026108380407095 949
1740686257267 3.322131236549467 950
1740686260683 6.729691275395453 951
1740686263735 4.713805319741368 952
1740686266801 7.261454832740128 953
1740686270048 6.376031702384353 954
1740686273088 3.849462430924177 955
1740686276100 6.617625665850937 956
1740686279468 6.216581252403557 957
1740686282662 7.733489439822733 958
1740686286150 6.357417743653059 959
1740686289439 5.185310008004308 960
1740686292732 6.529954323545098 961
1740686296010 6.746777718886733 962
1740686299208 5.381761482916772 963
1740686302369 6.3047256749123335 964
1740686305605 7.982816100120544 965
1740686308840 5.974673973862082 966
1740686311994 7.296985841356218 967
1740686315291 5.237868059426546 968
1740686318446 5.051245074719191 969
1740686321633 5.1487818248569965 970
1740686324660 3.2611252646893263 971
1740686327662 3.612000341527164 972
1740686330712 4.307138201780617 973
1740686334288 7.970102856401354 974
1740686335592 2.0045855529606342 975
1740686338623 8.149485878646374 976
1740686342048 8.130251376889646 977
1740686345320 7.077511433511972 978
1740686348509 6.128668908029795 979
1740686351785 6.872979450039566 980
1740686354828 5.719838920049369 981
1740686357865 5.649366290774196 982
1740686360970 5.876282999292016 983
1740686364151 3.9765706788748503 984
1740686367368 6.034992119297385 985
1740686370557 4.360708923079073 986
1740686373928 6.696405160240829 987
1740686377223 3.4944918607361615 988
1740686380517 4.244863141328096 989
1740686383709 3.1981737539172173 990
1740686387077 7.483865570044145 991
1740686390570 6.298772839829326 992
1740686394424 4.101791778579354 993
1740686397443 3.8885583532974124 994
1740686400597 5.396384086459875 995
1740686403655 4.383056564256549 996
1740686406742 4.908575797453523 997
1740686409971 5.199594003614038 998
1740686413330 6.308217539452016 999
