1740683189780 0.18746720932429356 0
1740683192888 0.05450708529594566 1
1740683195956 0.06805845042746768 2
1740683199033 0.06825266646281686 3
1740683202090 0.053441293850344546 4
1740683205106 0.14442021022476056 5
1740683208179 0.042720943229985604 6
1740683211318 0.12868386512311863 7
1740683214428 0.0766859828647542 8
1740683217556 0.09125748318362145 9
1740683220762 0.04214838582205775 10
1740683223712 0.06581619724934597 11
1740683226706 0.10488284733378375 12
1740683229894 0.05266552334553098 13
1740683233011 0.042512526248705065 14
1740683236207 0.08717922141001816 15
1740683239350 0.10210491469627934 16
1740683242533 0.048861008594051764 17
1740683245761 0.03989486712739379 18
1740683248796 0.07152325944387436 19
1740683251798 0.06963456203862625 20
1740683254896 0.0477219498327548 21
1740683257962 0.09383538032174174 22
1740683261052 0.046938934017377344 23
1740683264291 0.12450956758953723 24
1740683267348 0.04675122451680107 25
1740683270313 0.17156000157042312 26
1740683273301 0.053320894122444014 27
1740683276710 0.05678725527265092 28
1740683279889 0.11391674942998252 29
1740683283023 0.12378105046466935 30
1740683286099 0.09846906969068338 31
1740683289109 0.2903827291533389 32
1740683292273 0.036008040232294876 33
1740683295344 0.0724818860088346 34
1740683298399 0.07190737468407973 35
1740683301480 0.0484407666507426 36
1740683304534 0.18458347780811046 37
1740683307607 0.042764972604865656 38
1740683310751 0.08207613251055652 39
1740683313710 0.06476494425874785 40
1740683316917 0.10592638881584868 41
1740683320014 0.04267766924912996 42
1740683323085 0.06556198490389592 43
1740683326083 0.09634508952703451 44
1740683329157 0.11652207007269476 45
1740683332467 0.0662191465056165 46
1740683335489 0.06795871558651695 47
1740683338554 0.04880259559825561 48
1740683341631 0.043741229471988365 49
1740683344729 0.04790023055287656 50
1740683347906 0.05064184963588841 51
1740683351139 0.05109266324146112 52
1740683354305 0.07334364492091634 53
1740683357517 0.10370736375464955 54
1740683360775 0.1346311480123588 55
1740683363882 0.07358818152333974 56
1740683367155 0.052692744174203755 57
1740683370327 0.06883188282094907 58
1740683373502 0.05327790952766654 59
1740683376671 0.07538168634645054 60
1740683379872 0.08355400296447278 61
1740683383152 0.11693381313848039 62
1740683386435 0.11300631456351694 63
1740683389582 0.052332268148921945 64
1740683392767 0.08341517770599455 65
1740683395914 0.07294566188315775 66
1740683399160 0.062067628437454045 67
1740683402267 0.05324611914466054 68
1740683405435 0.06818997482688777 69
1740683408792 0.1148616613795977 70
1740683411861 0.07470620019973545 71
1740683415326 0.051287687403542837 72
1740683418557 0.09399474340103442 73
1740683421850 0.08926078173850849 74
1740683425089 0.05009266736782481 75
1740683428536 0.09471920687807735 76
1740683431828 0.07052513639920402 77
1740683434992 0.2208039328151621 78
1740683438390 0.4798387621455986 79
1740683441678 0.051271909928632814 80
1740683445053 0.04260388428888074 81
1740683448452 0.09504363207421913 82
1740683451835 0.06524413718813542 83
1740683455153 0.08707644666104503 84
1740683458559 0.11523984341009033 85
1740683461767 0.07425214791185207 86
1740683465138 0.035386232111065154 87
1740683468442 0.07123903331192491 88
1740683472033 0.09126442980778232 89
1740683475373 0.06088423058194628 90
1740683478702 0.1736388428641333 91
1740683482193 0.08228062494654108 92
1740683485638 0.08713692414848204 93
1740683489103 0.08238495044541544 94
1740683492788 0.05181489674076402 95
1740683496162 0.10318513749158686 96
1740683499740 0.054527931498205236 97
1740683502944 0.09704172837423246 98
1740683506152 0.15430775647208037 99
1740683509551 0.10317429366031204 100
1740683512831 0.07131391990428773 101
1740683516092 0.13899457382092156 102
1740683519211 0.09476797937122995 103
1740683522500 0.12609161756183498 104
1740683526003 0.08833781141497908 105
1740683529100 0.1510986897270842 106
1740683532491 0.05603182763657461 107
1740683535770 0.05787871045255063 108
1740683539093 0.15356481053458457 109
1740683542384 0.07558525565972855 110
1740683545675 0.26379898756433096 111
1740683548868 0.12016784635131021 112
1740683552212 0.11005975601343856 113
1740683555943 0.051160519329169735 114
1740683559447 0.06117623540977707 115
1740683562736 0.05053735394571184 116
1740683566429 0.08403596018115785 117
1740683570041 0.15059173081744995 118
1740683573457 0.12058784504203093 119
1740683577024 0.09034635454496553 120
1740683580399 0.06807233922894756 121
1740683583777 0.05289237451543747 122
1740683584316 1.0929374184199365 123
1740683587739 0.09656629111563539 124
1740683591039 0.08209635542172514 125
1740683594533 0.05269021418698015 126
1740683597756 0.08266325278961104 127
1740683600974 0.11415002819710163 128
1740683604157 0.09055622631631641 129
1740683607267 0.10476142923876106 130
1740683610837 0.04156787870208117 131
1740683614310 0.055017406372709535 132
1740683618006 0.12750281957463427 133
1740683621574 0.05380893261011226 134
1740683625199 0.19622198756948564 135
1740683629060 0.05213371125239838 136
1740683632220 0.15993334352787492 137
1740683635691 0.08520979495627408 138
1740683638998 0.064736889420888 139
1740683642234 0.05213313385046203 140
1740683645413 0.04911624442861585 141
1740683648571 0.09398279006358896 142
1740683651825 0.1616642179494987 143
1740683655288 0.07128740128185682 144
1740683658749 0.05275030765147111 145
1740683661933 0.06528071913586186 146
1740683665336 0.06938512274998546 147
1740683668480 0.07932267868485378 148
1740683671785 0.15651916990354742 149
1740683675027 0.09322793759304565 150
1740683678541 0.1812508716038287 151
1740683681996 0.23958150852093887 152
1740683685214 0.0934250078177936 153
1740683688439 0.13712092316013674 154
1740683691621 0.11850961818982693 155
1740683695037 0.3104645907061579 156
1740683698455 0.10618859019931066 157
1740683702206 0.07993146357522911 158
1740683705562 0.28880226606341863 159
1740683708946 0.08236201186734324 160
1740683712351 0.14930728179706146 161
1740683715749 0.06421062785053185 162
1740683719063 0.05566957610744441 163
1740683722253 0.06954251282109461 164
1740683725384 0.07535410912736672 165
1740683728863 0.049382501678542835 166
1740683732131 0.0683083487574836 167
1740683735428 0.07871355454931772 168
1740683738858 0.06941977906106703 169
1740683742163 0.08677084817028571 170
1740683745344 0.17963351736333558 171
1740683748449 0.08057677194037177 172
1740683751616 0.08654896917473001 173
1740683754746 0.12294067974883478 174
1740683757969 0.052133203330948376 175
1740683761705 0.08577614245913086 176
1740683764891 0.05535377065025235 177
1740683768104 0.1427140247538237 178
1740683771359 0.17106623295940934 179
1740683774602 0.3139571432814736 180
1740683777709 0.0889781395026858 181
1740683780829 0.05197230993826772 182
1740683784420 0.0998905757449588 183
1740683787869 0.06934672099325793 184
1740683791289 0.1347968752055142 185
1740683794618 0.1079766472134586 186
1740683797908 0.19371620977275325 187
1740683801245 0.05861429393095616 188
1740683804638 0.11795992029597797 189
1740683807798 0.0449002471142556 190
1740683810971 0.06205142147005624 191
1740683814188 0.060205035394710824 192
1740683817452 0.0954949463835822 193
1740683820667 0.03841868926817077 194
1740683823923 0.23733435225876384 195
1740683827398 0.08919236412689731 196
1740683830632 0.11225181684264159 197
1740683834055 0.15183759190364232 198
1740683837350 0.07292761531220283 199
1740683840544 0.24964396820611476 200
1740683843973 0.11547010613292855 201
1740683847147 0.08776670745152101 202
1740683850467 0.05214200009845305 203
1740683853715 0.04450228890940737 204
1740683856866 0.06904922451748714 205
1740683859987 0.28673666081037635 206
1740683863476 0.25136086427540955 207
1740683866778 0.0776339477819182 208
1740683869953 0.06578239339293343 209
1740683873326 0.1656640758427402 210
1740683876621 0.07113470530046331 211
1740683880187 0.11180760593511324 212
1740683883366 0.054791856824009756 213
1740683886802 0.10140111209628312 214
1740683889985 0.05934360604072593 215
1740683893257 0.09111693998556848 216
1740683896641 0.08476450843258825 217
1740683899948 0.0864251103353146 218
1740683903039 0.17712269703347736 219
1740683906349 0.11533200165877376 220
1740683909782 0.06573691823861476 221
1740683912920 0.1848565612191314 222
1740683916178 0.07248082038289652 223
1740683919428 0.04602862348392537 224
1740683922419 0.04270878361141103 225
1740683926021 0.17127007935456312 226
1740683929339 0.10677112847325317 227
1740683932403 0.05074543095816947 228
1740683935723 0.10585994214353839 229
1740683939122 0.1476759667678915 230
1740683942205 0.09319613950708788 231
1740683945495 0.09933407107797368 232
1740683948669 0.10913148707927858 233
1740683951883 0.04587840588135604 234
1740683955243 0.08388201713867753 235
1740683958674 0.08724495810687971 236
1740683961938 0.07287563839813595 237
1740683965288 0.13932152478291196 238
1740683968871 0.15192041140293253 239
1740683972326 0.09639897592650884 240
1740683975619 0.06937969759258912 241
1740683978798 0.07196477221617506 242
1740683981726 0.07073906901222102 243
1740683985031 0.08971287822991908 244
1740683988416 0.21022831242924042 245
1740683991632 0.05308023164862312 246
1740683995057 0.1039866863664252 247
1740683998339 0.3438795145683763 248
1740684001578 0.06637479518457648 249
1740684004704 0.11559201799571178 250
1740684008143 0.08696227679494166 251
1740684011461 0.09720896310081266 252
1740684014828 0.1081601340581169 253
1740684018215 0.09107834201630488 254
1740684021559 0.077983734142745 255
1740684024815 0.09884609162466576 256
1740684027957 0.05780517787604689 257
1740684031263 0.17132708308903724 258
1740684034701 0.04815916640034654 259
1740684038052 0.05139790913446636 260
1740684041279 0.11784888744649225 261
1740684044450 0.09517054669665309 262
1740684047639 0.08370989845887294 263
1740684050825 0.08438625378963056 264
1740684054133 0.04847055046051811 265
1740684057340 0.10615685478880041 266
1740684060597 0.10429005617119318 267
1740684063817 0.06812588436841485 268
1740684066764 0.07682170420585764 269
1740684070217 0.09909493284040277 270
1740684073329 0.07101004366497814 271
1740684076536 0.19881414902497663 272
1740684079570 0.046913013529070284 273
1740684082787 0.13503917963446108 274
1740684085957 0.05631399000418752 275
1740684089346 0.08518421761220135 276
1740684092425 0.11601729344322567 277
1740684095673 0.08128460943382693 278
1740684098844 0.13193651128351153 279
1740684102046 0.07085157398609275 280
1740684105020 0.0800643411484481 281
1740684108290 0.06721791256294965 282
1740684111452 0.09599954862071773 283
1740684114613 0.0738010769759373 284
1740684117761 0.09743068557975139 285
1740684120821 0.07676174915470062 286
1740684123881 0.08132799905069726 287
1740684127118 0.1449210699773345 288
1740684130307 0.04373295907589089 289
1740684133501 0.09031871543532434 290
1740684136423 0.09862682575485157 291
1740684139517 0.08652917437351113 292
1740684142503 0.05356961214935381 293
1740684145723 0.23966156274051034 294
1740684148927 0.07152752962888001 295
1740684151897 0.07390046729541878 296
1740684154923 0.1124754574322574 297
1740684157961 0.07642197651578918 298
1740684160873 0.055387344996387186 299
1740684163945 0.11074333737975223 300
1740684167327 0.1246634174286284 301
1740684170440 0.07944109931800172 302
1740684173427 0.13742235553540863 303
1740684176521 0.0844342478283094 304
1740684179510 0.06007728917791538 305
1740684182683 0.1228826044823675 306
1740684186064 0.09116277777317562 307
1740684189299 0.17328479300300473 308
1740684192567 0.13333135414766584 309
1740684195802 0.08544340178887078 310
1740684198749 0.12544645834578574 311
1740684201916 0.13675203786456774 312
1740684204977 0.13313095954156082 313
1740684208133 0.14122401356328823 314
1740684211359 0.05825850438610248 315
1740684214412 0.20324212880581777 316
1740684217542 0.1034313798352954 317
1740684220658 0.12528767262447016 318
1740684223821 0.14087325327944722 319
1740684226993 0.08958078401925393 320
1740684229993 0.06900685382177113 321
1740684233325 0.18998779635291563 322
1740684236515 0.12134555438822014 323
1740684239552 0.10660704984188389 324
1740684242531 0.09122547118114495 325
1740684245861 0.11830591094372815 326
1740684249105 0.0777011054163184 327
1740684252500 0.1390420149099705 328
1740684255544 0.26100904960602356 329
1740684258620 0.11059732758604633 330
1740684261725 0.08377817951825867 331
1740684264952 0.0779349003495983 332
1740684268138 0.09422173177810132 333
1740684271276 0.1207101575628106 334
1740684274741 0.1475826750787378 335
1740684278059 0.10001707790502458 336
1740684281268 0.060781569732373156 337
1740684284545 0.07714229569526179 338
1740684287768 0.19960299280704358 339
1740684290777 0.08522028190206302 340
1740684293968 0.08843713525742315 341
1740684297243 0.05740427527865253 342
1740684300198 0.1519845679288693 343
1740684303196 0.08545809166607564 344
1740684306389 0.054032227830576575 345
1740684309736 0.14627253459082978 346
1740684313139 0.08184598469358509 347
1740684316215 0.15698391789455862 348
1740684319242 0.08571655429524895 349
1740684322443 0.1658793531170486 350
1740684325774 0.05942516493597671 351
1740684329140 0.21478221014891502 352
1740684332268 0.05545919693861968 353
1740684335264 0.08741509296015147 354
1740684338597 0.1600622332472812 355
1740684341525 0.11362757622636079 356
1740684344791 0.18231164089658933 357
1740684347720 0.10169884040807835 358
1740684350971 0.08795460557375735 359
1740684353908 0.09628682300404938 360
1740684356885 0.1522511957759454 361
1740684359987 0.14038761182328 362
1740684362999 0.1934675316756881 363
1740684365957 0.0756390898197051 364
1740684369191 0.07843813756429292 365
1740684372420 0.1484038441851619 366
1740684375357 0.051927157719848384 367
1740684378473 0.08280282076076656 368
1740684381906 0.10861852812927802 369
1740684385070 0.2830952501151306 370
1740684388020 0.09221429478914853 371
1740684391023 0.08835911557294943 372
1740684394100 0.0807002435210627 373
1740684397187 0.06515892894259082 374
1740684400239 0.06926621483093412 375
1740684403531 0.07159183664631082 376
1740684406838 0.11261654983560122 377
1740684410240 0.16110206709428612 378
1740684413744 0.09225116706875834 379
1740684417016 0.04790116610411498 380
1740684420462 0.12715180899511855 381
1740684423811 0.11941449907037277 382
1740684426894 0.09345118740308585 383
1740684430071 0.15292892945654382 384
1740684433003 0.08958840485309334 385
1740684436345 0.09421725255110212 386
1740684439335 0.07355496070228837 387
1740684442491 0.0797741927978858 388
1740684445979 0.22103921820075875 389
1740684449257 0.06437730765844925 390
1740684452331 0.07526444447367103 391
1740684455344 0.04729420738601176 392
1740684458351 0.12735581690291972 393
1740684461627 0.07383908346807826 394
1740684464878 0.0789837535778114 395
1740684468022 0.14251473556822034 396
1740684470971 0.1833914328057661 397
1740684474035 0.14804019849505812 398
1740684477306 0.11868445453016205 399
1740684480658 0.1523356100955146 400
1740684483840 0.10338729905155768 401
1740684486928 0.24520918474770353 402
1740684491334 0.32068392725975026 403
1740684494608 0.1842933916477297 404
1740684497654 0.2586919576228951 405
1740684500758 0.07629031168490771 406
1740684504234 0.14413652751149972 407
1740684507429 0.07052369387455473 408
1740684510832 0.09292292900069744 409
1740684513809 0.20958678625716679 410
1740684516935 0.1791400995937494 411
1740684520071 0.137015348590513 412
1740684523376 0.17339026351600004 413
1740684526542 0.12152736879731912 414
1740684529656 0.09820589969435474 415
1740684532669 0.11413326424265492 416
1740684535874 0.11946709326580147 417
1740684539417 0.1184873401095615 418
1740684542858 0.07085592252337501 419
1740684546003 0.0967351625801711 420
1740684549152 0.056593416271561045 421
1740684552532 0.08188510680116495 422
1740684555751 0.09462357245320417 423
1740684558913 0.1252796306091223 424
1740684561951 0.19078198212374273 425
1740684565356 0.15021448133828832 426
1740684568577 0.1722533361989997 427
1740684570498 0.2627889844675065 428
1740684573476 0.06655771165218591 429
1740684576451 0.06052600585783236 430
1740684579570 0.0764334390765441 431
1740684583110 0.10806593575682555 432
1740684586142 0.05491195142563285 433
1740684589111 0.06280994299005237 434
1740684592069 0.11360144430950044 435
1740684595349 0.09091374743883555 436
1740684598670 0.13515468223996874 437
1740684602134 0.2556010167424179 438
1740684605131 0.07591910549211535 439
1740684608367 0.11668502700712689 440
1740684611625 0.08102338850421927 441
1740684614972 0.15438889825574675 442
1740684618142 0.08620923754226756 443
1740684621233 0.0805843563121659 444
1740684624528 0.17059742910062967 445
1740684627864 0.09366176721120326 446
1740684631162 0.09440325548715828 447
1740684634215 0.21014539292024637 448
1740684637232 0.07963476117797214 449
1740684640672 0.0867773272853211 450
1740684644046 0.09340790537257153 451
1740684647133 0.09676279750744426 452
1740684650205 0.05639513430409208 453
1740684653190 0.19652461188180287 454
1740684656520 0.11481043025571079 455
1740684659753 0.0823589676927279 456
1740684663092 0.10582126149278809 457
1740684666279 0.14198598372812066 458
1740684669506 0.21395774603402593 459
1740684672846 0.09441135272756071 460
1740684676186 0.10038151051413552 461
1740684679357 0.16099791735007446 462
1740684682446 0.12269141735818487 463
1740684685685 0.1176094356696656 464
1740684688901 0.13120399576416608 465
1740684692202 0.1940293916676911 466
1740684695193 0.08079165212214409 467
1740684698405 0.10872364047459486 468
1740684701820 0.10457585765887284 469
1740684705183 0.07033740794354298 470
1740684708278 0.19391051561436515 471
1740684711260 0.11584355552755772 472
1740684714394 0.15941584948535506 473
1740684717850 0.05950920238303031 474
1740684721261 0.08885719788737259 475
1740684724294 0.1280788779021133 476
1740684727390 0.5323503901810437 477
1740684730706 0.10608817994916744 478
1740684733769 0.09698201022459928 479
1740684736982 0.10432143845584459 480
1740684740129 0.09556905035343696 481
1740684743517 0.09643003086756227 482
1740684746945 0.09010958713773286 483
1740684750198 0.13055736211283528 484
1740684753284 0.22345766958572408 485
1740684756314 0.09272221557419208 486
1740684759499 0.12879619841873696 487
1740684762930 0.11497322007028213 488
1740684766214 0.12593615946654993 489
1740684769204 0.18813318064359727 490
1740684772168 0.07075339391588872 491
1740684775560 0.17811555739297213 492
1740684779024 0.10249861989039691 493
1740684782249 0.07918392412968042 494
1740684785241 0.10874300485796896 495
1740684788355 0.11876366910996515 496
1740684791597 0.10404794144615279 497
1740684794895 0.13044028523582077 498
1740684798129 0.1936881537042003 499
1740684801611 0.26725717360468326 500
1740684804973 0.09570085633234797 501
1740684808360 0.049504080835635164 502
1740684811594 0.14750190887172682 503
1740684814721 0.14154846421190106 504
1740684817878 0.08290451453793914 505
1740684821116 0.15597617950204032 506
1740684824516 0.1316614148717036 507
1740684827846 0.0909392073992819 508
1740684831009 0.16200218121817966 509
1740684834061 0.07327037485093504 510
1740684837478 0.1756763560879751 511
1740684840664 0.12579933723270262 512
1740684843729 0.21241808597238024 513
1740684846696 0.07421516530924889 514
1740684850145 0.12280838831420401 515
1740684853324 0.0703459291055497 516
1740684856421 0.15557808523098957 517
1740684859379 0.07991274653497274 518
1740684862590 0.12554094671051758 519
1740684866237 0.15120881548158002 520
1740684869700 0.1360802766131948 521
1740684872621 0.13020673305461108 522
1740684875704 0.13506277811902634 523
1740684878957 0.07959218488053053 524
1740684882335 0.08744648743838061 525
1740684885629 0.2353295571027269 526
1740684888754 0.1433174132217276 527
1740684891717 0.11990318513574134 528
1740684895037 0.08245768815129383 529
1740684898356 0.105674212065531 530
1740684901827 0.10307392578367315 531
1740684904736 0.09174949977645712 532
1740684907733 0.07005467629084168 533
1740684911111 0.10560546216294155 534
1740684914513 0.08751723570521433 535
1740684917508 0.12238096275889303 536
1740684920697 0.15102053307115162 537
1740684923958 0.11520477258173592 538
1740684927310 0.057094047329417134 539
1740684930470 0.07851713011789523 540
1740684933574 0.0808278347730648 541
1740684936628 0.08633991596757744 542
1740684939847 0.08869302836030533 543
1740684943360 0.14480914416820215 544
1740684946579 0.24600967017317152 545
1740684949550 0.18327754879180255 546
1740684952457 0.0747334706020968 547
1740684955736 0.13448289127986757 548
1740684959074 0.2000983177806715 549
1740684962249 0.14659902301734282 550
1740684965329 0.18687224736277736 551
1740684968474 0.10115672609728774 552
1740684971442 0.13303495265069928 553
1740684974672 0.10570662559856524 554
1740684977662 0.09207522377000625 555
1740684980717 0.10188063813769692 556
1740684983939 0.12390232243301069 557
1740684987352 0.08590564728243805 558
1740684990453 0.1327695605564831 559
1740684993534 0.19761698273027672 560
1740684996744 0.15156962334660673 561
1740685000148 0.1363539261940774 562
1740685003699 0.36143136880227444 563
1740685006776 0.07821474777114375 564
1740685009847 0.16240252775867833 565
1740685012973 0.12548447422032813 566
1740685016431 0.11521524575164101 567
1740685019674 0.12964663411114877 568
1740685023125 0.11419704960198411 569
1740685026124 0.09440160216045843 570
1740685029377 0.17555385685029015 571
1740685032626 0.11363998307688356 572
1740685035957 0.11757024943236184 573
1740685038984 0.09702892543098915 574
1740685042067 0.06968024450072685 575
1740685045339 0.058037270532796344 576
1740685048700 0.07784475073998007 577
1740685051830 0.11645828897462779 578
1740685055024 0.12026025085324553 579
1740685058343 0.06385119180117234 580
1740685061799 0.3996872923062721 581
1740685065044 0.06708006855175352 582
1740685068007 0.14524112661956792 583
1740685071219 0.17729445067867 584
1740685074447 0.06574152377325103 585
1740685077911 0.10194927774683915 586
1740685081169 0.06691819937361046 587
1740685084734 0.08115636777162831 588
1740685088109 0.10084699024517986 589
1740685091348 0.13529937243249845 590
1740685094567 0.19301635847200901 591
1740685097744 0.07421690291880076 592
1740685100739 0.09949535987627314 593
1740685104171 0.28259573252058046 594
1740685107523 0.094956779177213 595
1740685110821 0.2655119364931495 596
1740685113834 0.07939744812063598 597
1740685116773 0.10371629429281816 598
1740685120074 0.11391992264254021 599
1740685123370 0.08627967221654811 600
1740685126467 0.1109825656227117 601
1740685129520 0.0965150502791418 602
1740685132555 0.1550684762272716 603
1740685135756 0.1926172873201866 604
1740685139013 0.11438748595862828 605
1740685142284 0.12485197087633138 606
1740685145470 0.07632486841154258 607
1740685148711 0.08101185526043447 608
1740685151935 0.07750639374961261 609
1740685155177 0.15056046353535807 610
1740685158479 0.129351493337535 611
1740685161709 0.11634109590721778 612
1740685165002 0.13692633248405184 613
1740685168307 0.10969502326750437 614
1740685171416 0.09859738937915205 615
1740685174549 0.06543133786706373 616
1740685177880 0.11795261527622483 617
1740685181220 0.04596017096907865 618
1740685184521 0.1271357666314353 619
1740685187512 0.0919541998911032 620
1740685190533 0.0723296579797847 621
1740685193825 0.06760496574327655 622
1740685197146 0.12331363123048326 623
1740685200193 0.21329662024342702 624
1740685203403 0.07252724512597718 625
1740685206809 0.10094439451958886 626
1740685209951 0.12522693596327436 627
1740685213090 0.10930404427171342 628
1740685216253 0.07921987877540732 629
1740685219278 0.06061208121129231 630
1740685222689 0.19197225862513936 631
1740685226079 0.13277092790851094 632
1740685229373 0.09938927223365333 633
1740685232569 0.10616265957886883 634
1740685235485 0.07166543442710903 635
1740685239542 0.24471295989910463 636
1740685242880 0.12019111649598865 637
1740685245888 0.16081312788567564 638
1740685249079 0.0647750177404003 639
1740685252585 0.1977433720312628 640
1740685256023 0.392827161449224 641
1740685259290 0.14642637064696098 642
1740685262295 0.08587402761728898 643
1740685266031 0.18005091406371143 644
1740685269504 0.0961373884245333 645
1740685272746 0.0927388662710605 646
1740685275718 0.07985980793555951 647
1740685278772 0.10017372323084528 648
1740685282143 0.08322794586441373 649
1740685285655 0.12594463860170202 650
1740685288940 0.17460610605476226 651
1740685291975 0.10673025393356117 652
1740685295166 0.12357720762311458 653
1740685298552 0.122698655356043 654
1740685301900 0.08747986892902126 655
1740685305180 0.09888953563741301 656
1740685308250 0.2578831468859411 657
1740685311700 0.16982198823452563 658
1740685315009 0.15666962170468787 659
1740685318112 0.2462196781402766 660
1740685321151 0.1808633203910607 661
1740685324387 0.36102562049940423 662
1740685327745 0.18412332490046146 663
1740685331160 0.0635875537441683 664
1740685334369 0.10026577148314392 665
1740685337691 0.17314135538511924 666
1740685341047 0.20917284225631858 667
1740685344377 0.07031857521404182 668
1740685346368 0.4999925515355259 669
1740685349739 0.24698859197746514 670
1740685352728 0.09739952087235743 671
1740685355975 0.16800143126950265 672
1740685359102 0.09808224505398613 673
1740685362234 0.09648776338244001 674
1740685365376 0.09027483701100042 675
1740685368594 0.10722640194354714 676
1740685371722 0.09659515974405815 677
1740685374718 0.05467158655759105 678
1740685377801 0.110159620432091 679
1740685380895 0.11501439982631285 680
1740685384083 0.06112269498346728 681
1740685387453 0.09447314502518703 682
1740685390498 0.11007761947149029 683
1740685393572 0.07727882840701743 684
1740685396653 0.09371975164105255 685
1740685399820 0.20577091513208653 686
1740685402981 0.09866295043128266 687
1740685406024 0.26900334712820806 688
1740685409120 0.09935799215514861 689
1740685412155 0.4672619367827241 690
1740685415301 0.09660054962659913 691
1740685418671 0.06263740755168247 692
1740685421970 0.08957029165081896 693
1740685425380 0.07727573185258033 694
1740685428664 0.17578307525154227 695
1740685432083 0.2156800639018187 696
1740685435062 0.1214502234899924 697
1740685438215 0.2372086731794106 698
1740685441510 0.1595442806089478 699
1740685444652 0.1530273345380884 700
1740685447754 0.0876696021337787 701
1740685451057 0.14199427015971147 702
1740685454084 0.08524103360624363 703
1740685457082 0.10768481714376624 704
1740685460094 0.08626475304761179 705
1740685463446 0.08196051169471788 706
1740685466873 0.21479086887704862 707
1740685469850 0.09766430627815305 708
1740685472906 0.10523480634872275 709
1740685476097 0.14601828592430505 710
1740685479597 0.3434739768406847 711
1740685482833 0.13504222306854405 712
1740685485847 0.07560355931538383 713
1740685488984 0.12042138180294273 714
1740685492045 0.12098621140833683 715
1740685495082 0.23451633866472313 716
1740685498142 0.13404710520399032 717
1740685501536 0.10520923495045643 718
1740685504761 0.13716133792310495 719
1740685508001 0.13083043521030555 720
1740685511120 0.09995769481825204 721
1740685514268 0.09481993625547895 722
1740685517475 0.16832009785040977 723
1740685520473 0.1861203739413992 724
1740685523962 0.1129002869522044 725
1740685527169 0.10721617456478537 726
1740685530295 0.09249714502785573 727
1740685533395 0.10333964348788147 728
1740685536608 0.16855151923283998 729
1740685539612 0.10610031757118704 730
1740685542825 0.29195840554399966 731
1740685545928 0.15501358511181362 732
1740685549017 0.12963243299892432 733
1740685552086 0.10502846249845446 734
1740685555119 0.1092907570647043 735
1740685558398 0.09912912758623342 736
1740685561591 0.1415233318173732 737
1740685564848 0.10631744676190362 738
1740685567967 0.1369022069722325 739
1740685571273 0.10080005067753847 740
1740685574611 0.12452377764605789 741
1740685577619 0.07384300276708805 742
1740685580794 0.09165417672456194 743
1740685583955 0.1103972524697038 744
1740685587143 0.6587680735333816 745
1740685590481 0.09032892181705371 746
1740685593593 0.10813197988038124 747
1740685596797 0.10343602550360931 748
1740685600265 0.10704745424751114 749
1740685603350 0.08502489291421529 750
1740685606373 0.09286025578742682 751
1740685609373 0.14586460704505547 752
1740685612655 0.5402997626926345 753
1740685615653 0.2150098253096587 754
1740685618617 0.07716539664586507 755
1740685621700 0.0938386808140006 756
1740685624877 0.13329830952936028 757
1740685627898 0.10364470670627712 758
1740685630871 0.11392719820552706 759
1740685633908 0.10311197527230903 760
1740685636919 0.15124835499911013 761
1740685640471 0.16113469835576677 762
1740685644602 0.14363513382251725 763
1740685647620 0.07481308781335513 764
1740685650769 0.0786228660221783 765
1740685654065 0.26094009382225813 766
1740685657045 0.11281395629782397 767
1740685660213 0.13556969968127525 768
1740685663250 0.2334654648725031 769
1740685666315 0.08819124694344314 770
1740685669394 0.2006342687870245 771
1740685672485 0.10689141812515611 772
1740685675521 0.07260571643553716 773
1740685678661 0.25549327135012695 774
1740685681821 0.1368383098275446 775
1740685684829 0.1161728671595855 776
1740685688040 0.2560018639360685 777
1740685691386 0.1421093050269442 778
1740685694598 0.20267979369799258 779
1740685697835 0.10958558539773473 780
1740685701087 0.24204717117791966 781
1740685704300 0.06718618752897096 782
1740685707640 0.10962084758187199 783
1740685710678 0.08066165964011639 784
1740685713872 0.16502494740921267 785
1740685716945 0.12824653812222583 786
1740685720367 0.1804552538538796 787
1740685723639 0.09471038849470775 788
1740685726663 0.09428774785637759 789
1740685729692 0.1387348009770846 790
1740685732908 0.2532189379830976 791
1740685736082 0.13016555403926813 792
1740685739275 0.09076770169186643 793
1740685742450 0.26250609322000035 794
1740685745709 0.12354002460562392 795
1740685749123 0.09728150684756676 796
1740685752221 0.07776926259546313 797
1740685755441 0.10808217556857999 798
1740685758770 0.10940027562260181 799
1740685761909 0.31204558766142587 800
1740685765224 0.08818796116263675 801
1740685768634 0.2504630183936411 802
1740685771839 0.06271633222802564 803
1740685774980 0.10384900039481923 804
1740685778232 0.13242445680195572 805
1740685781553 0.09685411492951156 806
1740685784747 0.24730427668695448 807
1740685788035 0.18799044340363882 808
1740685791517 0.296689595807703 809
1740685795270 0.19589962438165792 810
1740685798598 0.10023672337648266 811
1740685801953 0.10621957221544698 812
1740685805233 0.1271631403987384 813
1740685808374 0.17924777813057896 814
1740685811538 0.2640487748279154 815
1740685814800 0.18638775952972414 816
1740685817981 0.21007605453043068 817
1740685821457 0.07974954621771342 818
1740685824800 0.07802523362177641 819
1740685828239 0.24172477029046532 820
1740685831302 0.12734110187471934 821
1740685834640 0.08916466411395131 822
1740685838477 0.16310570654987866 823
1740685842892 0.25295813477627915 824
1740685846084 0.1872253842183696 825
1740685849438 0.2261891808834261 826
1740685852705 0.08938054617228337 827
1740685856055 0.242811518318107 828
1740685859556 0.18732814530202815 829
1740685863002 0.23346746353720568 830
1740685866419 0.26237604248280916 831
1740685869892 0.10985071670929632 832
1740685873079 0.0940383882544295 833
1740685876344 0.06664097888432907 834
1740685879539 0.09833781365401933 835
1740685882701 0.26245630437189466 836
1740685885893 0.13095548330232082 837
1740685889387 0.28964501530443715 838
1740685893154 0.1660064543437287 839
1740685896274 0.10019772293584914 840
1740685899398 0.1084555633872044 841
1740685901136 0.24392199705458256 842
1740685904893 0.17017185793781306 843
1740685908292 0.26220273704631497 844
1740685911544 0.10899853787095999 845
1740685914801 0.1096494055614515 846
1740685918104 0.16864929760084962 847
1740685921435 0.15872993175681452 848
1740685924954 0.1706617491779469 849
1740685928297 0.5533041428340865 850
1740685931460 0.14627707101168835 851
1740685934922 0.10213945975792005 852
1740685938230 0.11459619815992225 853
1740685941330 0.1187283097521936 854
1740685944474 0.27889122472243677 855
1740685947702 0.1328618000703421 856
1740685951041 0.1426523443894186 857
1740685954357 0.3558197194902769 858
1740685957549 0.09526852338185073 859
1740685960742 0.10817552511674351 860
1740685963902 0.10054802535630741 861
1740685967452 0.17583500335220406 862
1740685970537 0.2245391681073124 863
1740685973704 0.5690745823283615 864
1740685978215 0.20554639971771255 865
1740685981279 0.12173845769596112 866
1740685984401 0.15523356530771548 867
1740685987921 0.1383187541574541 868
1740685991125 0.20229748905738276 869
1740685994402 0.15384234847606137 870
1740685997455 0.23102962075348446 871
1740686000506 0.18427673727048918 872
1740686003792 0.14205792513396406 873
1740686007196 0.12626246885910053 874
1740686010365 0.31681602428207595 875
1740686013720 0.07360313110938439 876
1740686017076 0.1268493401156432 877
1740686020069 0.1737923175729891 878
1740686023160 0.11759667224290843 879
1740686026437 0.115584597564543 880
1740686029484 0.07872838844830075 881
1740686032690 0.09146379572217093 882
1740686035881 0.24426733596928119 883
1740686038989 0.22847970518407976 884
1740686042368 0.40027928455076034 885
1740686045710 0.1356434107590988 886
1740686049007 0.11179948405376587 887
1740686052233 0.17970715389458639 888
1740686055482 0.3191539511271107 889
1740686058611 0.14207443368758646 890
1740686061749 0.12095219429056629 891
1740686064812 0.30378488926765007 892
1740686067962 0.10254324120199744 893
1740686071205 0.16496946024020345 894
1740686074658 0.1533955055926011 895
1740686077959 0.10778691363930727 896
1740686081184 0.09482321302770672 897
1740686084469 0.16043521497446028 898
1740686087760 0.28207722426209725 899
1740686090839 0.20110309540063817 900
1740686094197 0.14921214510446665 901
1740686095790 0.19680494457096284 902
1740686099161 0.29640694266972933 903
1740686102361 0.0915571263643708 904
1740686105611 0.14519501554618428 905
1740686108906 0.10245748706726157 906
1740686112237 0.13778436648618084 907
1740686115619 0.3205753964919957 908
1740686118909 0.20515455906053057 909
1740686122089 0.09386708910817171 910
1740686125498 0.12867575497603334 911
1740686129010 0.4740335268161928 912
1740686132415 0.16032375413063776 913
1740686135741 0.346953340816146 914
1740686139090 0.388133956722635 915
1740686142098 0.14408419878980777 916
1740686145228 0.13651756960336112 917
1740686148849 0.17772000789542441 918
1740686152092 0.1506063336027981 919
1740686155374 0.14093099630287154 920
1740686158682 0.1153927346361445 921
1740686161965 0.20008326786212813 922
1740686165206 0.08899838526405969 923
1740686168524 0.22162003241608721 924
1740686171907 0.07221670148174486 925
1740686175585 0.3278738946040871 926
1740686178961 0.23390440426193662 927
1740686182206 0.13527556004639435 928
1740686185462 0.10288413781111994 929
1740686189006 0.18473415050760145 930
1740686192443 0.1947599746036937 931
1740686195619 0.10943814332124976 932
1740686203104 0.30834499442259267 933
1740686206068 0.280854115157377 934
1740686209147 0.09493645671022222 935
1740686212635 0.1919986239234598 936
1740686215962 0.3654841763007036 937
1740686219151 0.13217830309114015 938
1740686222238 0.18647271649388317 939
1740686225452 0.1603165603829089 940
1740686228637 0.0965605097712402 941
1740686231802 0.22042183838430277 942
1740686235067 0.13817250763429462 943
1740686238201 0.09820780349986531 944
1740686241547 0.18954785877656644 945
1740686244767 0.22090596245386895 946
1740686247946 0.16383901147918362 947
1740686250883 0.24853123836145133 948
1740686254188 0.09787624254075102 949
1740686257267 0.15591898318466926 950
1740686260683 0.2715173300487138 951
1740686263735 0.38233230351826647 952
1740686266801 0.09257103157104879 953
1740686270048 0.1546990642879116 954
1740686273088 0.11291742604688397 955
1740686276100 0.09121437399277817 956
1740686279468 0.1789745093690133 957
1740686282662 0.16095831620404663 958
1740686286150 0.17903190820414858 959
1740686289439 0.17182137711112136 960
1740686292732 0.1387561173734274 961
1740686296010 0.10181609334497126 962
1740686299208 0.09334379719714934 963
1740686302369 0.08978600601590342 964
1740686305605 0.11967081035358738 965
1740686308840 0.3301621133456756 966
1740686311994 0.10104666746600298 967
1740686315291 0.3197962741746617 968
1740686318446 0.20397210320871095 969
1740686321633 0.2822248426003862 970
1740686324660 0.08881040521266886 971
1740686327662 0.09066638607633762 972
1740686330712 0.109370746200715 973
1740686334288 0.23623860925250453 974
1740686335592 0.23925285745082212 975
1740686338623 0.10836444570130188 976
1740686342048 0.12118750175752076 977
1740686345320 0.13425397644741127 978
1740686348509 0.11184007285738502 979
1740686351785 0.17382235798380058 980
1740686354828 0.15809073383871508 981
1740686357865 0.2217879437961665 982
1740686360970 0.19410579949522788 983
1740686364151 0.11381559688622384 984
1740686367368 0.12390306225708876 985
1740686370557 0.06489921939845546 986
1740686373928 0.21463158080427786 987
1740686377223 0.19313224774384902 988
1740686380517 0.10039052214536272 989
1740686383709 0.11442363034213157 990
1740686387077 0.3341701014784871 991
1740686390570 0.16164319336561053 992
1740686394424 0.4452593720096143 993
1740686397443 0.12421930474538753 994
1740686400597 0.08502271453358601 995
1740686403655 0.3362265445168831 996
1740686406742 0.22704774508438555 997
1740686409971 0.14953909473339785 998
1740686413330 0.2847672813954608 999
