1740683189780 18.746720932429355 0
1740683192888 5.450708529594566 1
1740683195956 6.8058450427467685 2
1740683199033 6.825266646281686 3
1740683202090 5.344129385034455 4
1740683205106 14.442021022476055 5
1740683208179 4.27209432299856 6
1740683211318 12.868386512311863 7
1740683214428 7.66859828647542 8
1740683217556 9.125748318362145 9
1740683220762 4.2148385822057755 10
1740683223712 6.581619724934597 11
1740683226706 10.488284733378375 12
1740683229894 5.266552334553098 13
1740683233011 4.2512526248705065 14
1740683236207 8.717922141001816 15
1740683239350 10.210491469627934 16
1740683242533 4.886100859405176 17
1740683245761 3.9894867127393794 18
1740683248796 7.152325944387436 19
1740683251798 6.963456203862625 20
1740683254896 4.77219498327548 21
1740683257962 9.383538032174174 22
1740683261052 4.693893401737735 23
1740683264291 12.450956758953723 24
1740683267348 4.675122451680107 25
1740683270313 17.15600015704231 26
1740683273301 5.332089412244401 27
1740683276710 5.678725527265092 28
1740683279889 11.391674942998252 29
1740683283023 12.378105046466935 30
1740683286099 9.846906969068337 31
1740683289109 29.03827291533389 32
1740683292273 3.6008040232294873 33
1740683295344 7.24818860088346 34
1740683298399 7.190737468407973 35
1740683301480 4.84407666507426 36
1740683304534 18.458347780811046 37
1740683307607 4.276497260486566 38
1740683310751 8.207613251055653 39
1740683313710 6.476494425874785 40
1740683316917 10.592638881584868 41
1740683320014 4.267766924912996 42
1740683323085 6.556198490389591 43
1740683326083 9.63450895270345 44
1740683329157 11.652207007269476 45
1740683332467 6.621914650561649 46
1740683335489 6.795871558651696 47
1740683338554 4.880259559825561 48
1740683341631 4.3741229471988365 49
1740683344729 4.790023055287656 50
1740683347906 5.064184963588841 51
1740683351139 5.109266324146112 52
1740683354305 7.334364492091635 53
1740683357517 10.370736375464954 54
1740683360775 13.463114801235879 55
1740683363882 7.358818152333973 56
1740683367155 5.269274417420376 57
1740683370327 6.883188282094907 58
1740683373502 5.327790952766654 59
1740683376671 7.5381686346450545 60
1740683379872 8.355400296447279 61
1740683383152 11.69338131384804 62
1740683386435 11.300631456351693 63
1740683389582 5.233226814892195 64
1740683392767 8.341517770599454 65
1740683395914 7.294566188315775 66
1740683399160 6.2067628437454045 67
1740683402267 5.324611914466054 68
1740683405435 6.818997482688777 69
1740683408792 11.48616613795977 70
1740683411861 7.470620019973545 71
1740683415326 5.128768740354284 72
1740683418557 9.399474340103442 73
1740683421850 8.926078173850849 74
1740683425089 5.0092667367824815 75
1740683428536 9.471920687807735 76
1740683431828 7.052513639920401 77
1740683434992 22.080393281516212 78
1740683438390 47.983876214559864 79
1740683441678 5.127190992863281 80
1740683445053 4.260388428888074 81
1740683448452 9.504363207421914 82
1740683451835 6.524413718813542 83
1740683455153 8.707644666104503 84
1740683458559 11.523984341009033 85
1740683461767 7.4252147911852076 86
1740683465138 3.5386232111065157 87
1740683468442 7.123903331192491 88
1740683472033 9.126442980778233 89
1740683475373 6.088423058194628 90
1740683478702 17.36388428641333 91
1740683482193 8.228062494654107 92
1740683485638 8.713692414848204 93
1740683489103 8.238495044541544 94
1740683492788 5.181489674076402 95
1740683496162 10.318513749158686 96
1740683499740 5.452793149820524 97
1740683502944 9.704172837423245 98
1740683506152 15.430775647208035 99
1740683509551 10.317429366031204 100
1740683512831 7.131391990428773 101
1740683516092 13.899457382092157 102
1740683519211 9.476797937122996 103
1740683522500 12.609161756183498 104
1740683526003 8.833781141497909 105
1740683529100 15.109868972708421 106
1740683532491 5.603182763657461 107
1740683535770 5.787871045255063 108
1740683539093 15.356481053458456 109
1740683542384 7.558525565972856 110
1740683545675 26.379898756433096 111
1740683548868 12.016784635131021 112
1740683552212 11.005975601343856 113
1740683555943 5.116051932916974 114
1740683559447 6.117623540977707 115
1740683562736 5.053735394571184 116
1740683566429 8.403596018115785 117
1740683570041 15.059173081744994 118
1740683573457 12.058784504203093 119
1740683577024 9.034635454496554 120
1740683580399 6.807233922894757 121
1740683583777 5.289237451543747 122
1740683584316 1.0929374184199365 123
1740683587739 9.65662911156354 124
1740683591039 8.209635542172514 125
1740683594533 5.269021418698015 126
1740683597756 8.266325278961103 127
1740683600974 11.415002819710162 128
1740683604157 9.05562263163164 129
1740683607267 10.476142923876106 130
1740683610837 4.156787870208117 131
1740683614310 5.501740637270953 132
1740683618006 12.750281957463429 133
1740683621574 5.380893261011226 134
1740683625199 19.622198756948563 135
1740683629060 5.213371125239838 136
1740683632220 15.99333435278749 137
1740683635691 8.520979495627408 138
1740683638998 6.473688942088799 139
1740683642234 5.213313385046203 140
1740683645413 4.9116244428615845 141
1740683648571 9.398279006358896 142
1740683651825 16.16642179494987 143
1740683655288 7.128740128185682 144
1740683658749 5.275030765147111 145
1740683661933 6.528071913586187 146
1740683665336 6.938512274998545 147
1740683668480 7.932267868485378 148
1740683671785 15.65191699035474 149
1740683675027 9.322793759304565 150
1740683678541 18.12508716038287 151
1740683681996 23.958150852093887 152
1740683685214 9.34250078177936 153
1740683688439 13.712092316013674 154
1740683691621 11.850961818982693 155
1740683695037 31.04645907061579 156
1740683698455 10.618859019931067 157
1740683702206 7.99314635752291 158
1740683705562 28.880226606341864 159
1740683708946 8.236201186734323 160
1740683712351 14.930728179706147 161
1740683715749 6.421062785053185 162
1740683719063 5.566957610744441 163
1740683722253 6.95425128210946 164
1740683725384 7.535410912736672 165
1740683728863 4.938250167854283 166
1740683732131 6.8308348757483595 167
1740683735428 7.871355454931772 168
1740683738858 6.941977906106703 169
1740683742163 8.677084817028572 170
1740683745344 17.963351736333557 171
1740683748449 8.057677194037177 172
1740683751616 8.654896917473001 173
1740683754746 12.294067974883479 174
1740683757969 5.2133203330948374 175
1740683761705 8.577614245913086 176
1740683764891 5.5353770650252345 177
1740683768104 14.27140247538237 178
1740683771359 17.106623295940935 179
1740683774602 31.39571432814736 180
1740683777709 8.89781395026858 181
1740683780829 5.197230993826772 182
1740683784420 9.98905757449588 183
1740683787869 6.934672099325793 184
1740683791289 13.47968752055142 185
1740683794618 10.797664721345859 186
1740683797908 19.371620977275324 187
1740683801245 5.861429393095616 188
1740683804638 11.795992029597798 189
1740683807798 4.49002471142556 190
1740683810971 6.205142147005624 191
1740683814188 6.020503539471083 192
1740683817452 9.54949463835822 193
1740683820667 3.8418689268170767 194
1740683823923 23.733435225876384 195
1740683827398 8.919236412689731 196
1740683830632 11.22518168426416 197
1740683834055 15.183759190364233 198
1740683837350 7.292761531220283 199
1740683840544 24.964396820611476 200
1740683843973 11.547010613292855 201
1740683847147 8.776670745152101 202
1740683850467 5.214200009845305 203
1740683853715 4.450228890940737 204
1740683856866 6.904922451748714 205
1740683859987 28.673666081037634 206
1740683863476 25.136086427540956 207
1740683866778 7.763394778191821 208
1740683869953 6.578239339293343 209
1740683873326 16.56640758427402 210
1740683876621 7.113470530046331 211
1740683880187 11.180760593511325 212
1740683883366 5.479185682400976 213
1740683886802 10.140111209628312 214
1740683889985 5.934360604072593 215
1740683893257 9.111693998556849 216
1740683896641 8.476450843258824 217
1740683899948 8.64251103353146 218
1740683903039 17.712269703347737 219
1740683906349 11.533200165877377 220
1740683909782 6.573691823861475 221
1740683912920 18.48565612191314 222
1740683916178 7.2480820382896525 223
1740683919428 4.602862348392537 224
1740683922419 4.270878361141103 225
1740683926021 17.127007935456312 226
1740683929339 10.677112847325317 227
1740683932403 5.074543095816947 228
1740683935723 10.585994214353839 229
1740683939122 14.76759667678915 230
1740683942205 9.319613950708789 231
1740683945495 9.933407107797368 232
1740683948669 10.913148707927858 233
1740683951883 4.587840588135604 234
1740683955243 8.388201713867753 235
1740683958674 8.724495810687971 236
1740683961938 7.287563839813594 237
1740683965288 13.932152478291195 238
1740683968871 15.192041140293252 239
1740683972326 9.639897592650884 240
1740683975619 6.9379697592589125 241
1740683978798 7.1964772216175055 242
1740683981726 7.073906901222101 243
1740683985031 8.971287822991908 244
1740683988416 21.022831242924042 245
1740683991632 5.308023164862312 246
1740683995057 10.39866863664252 247
1740683998339 34.38795145683763 248
1740684001578 6.637479518457648 249
1740684004704 11.559201799571179 250
1740684008143 8.696227679494166 251
1740684011461 9.720896310081265 252
1740684014828 10.81601340581169 253
1740684018215 9.107834201630489 254
1740684021559 7.7983734142745 255
1740684024815 9.884609162466576 256
1740684027957 5.780517787604689 257
1740684031263 17.132708308903723 258
1740684034701 4.815916640034653 259
1740684038052 5.139790913446636 260
1740684041279 11.784888744649225 261
1740684044450 9.51705466966531 262
1740684047639 8.370989845887294 263
1740684050825 8.438625378963057 264
1740684054133 4.847055046051811 265
1740684057340 10.61568547888004 266
1740684060597 10.429005617119318 267
1740684063817 6.8125884368414855 268
1740684066764 7.682170420585765 269
1740684070217 9.909493284040277 270
1740684073329 7.101004366497813 271
1740684076536 19.881414902497664 272
1740684079570 4.691301352907028 273
1740684082787 13.503917963446106 274
1740684085957 5.631399000418752 275
1740684089346 8.518421761220136 276
1740684092425 11.601729344322568 277
1740684095673 8.128460943382693 278
1740684098844 13.193651128351153 279
1740684102046 7.085157398609275 280
1740684105020 8.00643411484481 281
1740684108290 6.721791256294964 282
1740684111452 9.599954862071773 283
1740684114613 7.380107697593729 284
1740684117761 9.743068557975139 285
1740684120821 7.676174915470061 286
1740684123881 8.132799905069726 287
1740684127118 14.49210699773345 288
1740684130307 4.373295907589089 289
1740684133501 9.031871543532434 290
1740684136423 9.862682575485158 291
1740684139517 8.652917437351112 292
1740684142503 5.356961214935381 293
1740684145723 23.966156274051034 294
1740684148927 7.152752962888001 295
1740684151897 7.390046729541878 296
1740684154923 11.24754574322574 297
1740684157961 7.642197651578918 298
1740684160873 5.538734499638719 299
1740684163945 11.074333737975223 300
1740684167327 12.46634174286284 301
1740684170440 7.944109931800172 302
1740684173427 13.742235553540862 303
1740684176521 8.44342478283094 304
1740684179510 6.007728917791538 305
1740684182683 12.28826044823675 306
1740684186064 9.116277777317562 307
1740684189299 17.328479300300472 308
1740684192567 13.333135414766584 309
1740684195802 8.544340178887078 310
1740684198749 12.544645834578574 311
1740684201916 13.675203786456775 312
1740684204977 13.313095954156081 313
1740684208133 14.122401356328822 314
1740684211359 5.825850438610248 315
1740684214412 20.324212880581776 316
1740684217542 10.343137983529541 317
1740684220658 12.528767262447017 318
1740684223821 14.087325327944722 319
1740684226993 8.958078401925393 320
1740684229993 6.900685382177112 321
1740684233325 18.998779635291562 322
1740684236515 12.134555438822014 323
1740684239552 10.660704984188389 324
1740684242531 9.122547118114495 325
1740684245861 11.830591094372815 326
1740684249105 7.77011054163184 327
1740684252500 13.904201490997051 328
1740684255544 26.100904960602353 329
1740684258620 11.059732758604634 330
1740684261725 8.377817951825866 331
1740684264952 7.79349003495983 332
1740684268138 9.422173177810132 333
1740684271276 12.07101575628106 334
1740684274741 14.758267507873779 335
1740684278059 10.001707790502458 336
1740684281268 6.0781569732373155 337
1740684284545 7.714229569526179 338
1740684287768 19.96029928070436 339
1740684290777 8.522028190206301 340
1740684293968 8.843713525742315 341
1740684297243 5.740427527865253 342
1740684300198 15.198456792886931 343
1740684303196 8.545809166607564 344
1740684306389 5.403222783057657 345
1740684309736 14.627253459082977 346
1740684313139 8.184598469358509 347
1740684316215 15.698391789455862 348
1740684319242 8.571655429524895 349
1740684322443 16.58793531170486 350
1740684325774 5.942516493597671 351
1740684329140 21.478221014891503 352
1740684332268 5.5459196938619675 353
1740684335264 8.741509296015147 354
1740684338597 16.00622332472812 355
1740684341525 11.362757622636078 356
1740684344791 18.231164089658932 357
1740684347720 10.169884040807835 358
1740684350971 8.795460557375735 359
1740684353908 9.628682300404938 360
1740684356885 15.225119577594539 361
1740684359987 14.038761182327999 362
1740684362999 19.34675316756881 363
1740684365957 7.563908981970511 364
1740684369191 7.8438137564292925 365
1740684372420 14.840384418516189 366
1740684375357 5.1927157719848385 367
1740684378473 8.280282076076656 368
1740684381906 10.861852812927802 369
1740684385070 28.30952501151306 370
1740684388020 9.221429478914853 371
1740684391023 8.835911557294942 372
1740684394100 8.07002435210627 373
1740684397187 6.515892894259081 374
1740684400239 6.926621483093411 375
1740684403531 7.159183664631081 376
1740684406838 11.261654983560122 377
1740684410240 16.110206709428613 378
1740684413744 9.225116706875834 379
1740684417016 4.7901166104114985 380
1740684420462 12.715180899511855 381
1740684423811 11.941449907037278 382
1740684426894 9.345118740308585 383
1740684430071 15.292892945654383 384
1740684433003 8.958840485309334 385
1740684436345 9.421725255110212 386
1740684439335 7.3554960702288374 387
1740684442491 7.977419279788581 388
1740684445979 22.103921820075875 389
1740684449257 6.437730765844925 390
1740684452331 7.526444447367104 391
1740684455344 4.729420738601176 392
1740684458351 12.735581690291971 393
1740684461627 7.383908346807825 394
1740684464878 7.8983753577811395 395
1740684468022 14.251473556822035 396
1740684470971 18.33914328057661 397
1740684474035 14.804019849505812 398
1740684477306 11.868445453016205 399
1740684480658 15.23356100955146 400
1740684483840 10.338729905155768 401
1740684486928 24.520918474770355 402
1740684491334 32.06839272597502 403
1740684494608 18.42933916477297 404
1740684497654 25.869195762289507 405
1740684500758 7.629031168490771 406
1740684504234 14.413652751149971 407
1740684507429 7.052369387455474 408
1740684510832 9.292292900069745 409
1740684513809 20.95867862571668 410
1740684516935 17.91400995937494 411
1740684520071 13.7015348590513 412
1740684523376 17.339026351600005 413
1740684526542 12.152736879731913 414
1740684529656 9.820589969435474 415
1740684532669 11.413326424265492 416
1740684535874 11.946709326580148 417
1740684539417 11.84873401095615 418
1740684542858 7.085592252337501 419
1740684546003 9.673516258017111 420
1740684549152 5.659341627156104 421
1740684552532 8.188510680116496 422
1740684555751 9.462357245320417 423
1740684558913 12.527963060912231 424
1740684561951 19.07819821237427 425
1740684565356 15.021448133828834 426
1740684568577 17.22533361989997 427
1740684570498 13.40223820784283 428
1740684573476 6.6557711652185905 429
1740684576451 6.052600585783236 430
1740684579570 7.643343907654409 431
1740684583110 10.806593575682555 432
1740684586142 5.491195142563285 433
1740684589111 6.280994299005236 434
1740684592069 11.360144430950044 435
1740684595349 9.091374743883556 436
1740684598670 13.515468223996875 437
1740684602134 25.560101674241793 438
1740684605131 7.591910549211535 439
1740684608367 11.66850270071269 440
1740684611625 8.102338850421926 441
1740684614972 15.438889825574675 442
1740684618142 8.620923754226755 443
1740684621233 8.05843563121659 444
1740684624528 17.059742910062965 445
1740684627864 9.366176721120326 446
1740684631162 9.440325548715828 447
1740684634215 21.014539292024637 448
1740684637232 7.963476117797213 449
1740684640672 8.67773272853211 450
1740684644046 9.340790537257153 451
1740684647133 9.676279750744426 452
1740684650205 5.639513430409208 453
1740684653190 19.652461188180286 454
1740684656520 11.48104302557108 455
1740684659753 8.23589676927279 456
1740684663092 10.582126149278809 457
1740684666279 14.198598372812066 458
1740684669506 21.395774603402593 459
1740684672846 9.441135272756071 460
1740684676186 10.038151051413552 461
1740684679357 16.099791735007447 462
1740684682446 12.269141735818486 463
1740684685685 11.76094356696656 464
1740684688901 13.120399576416608 465
1740684692202 19.40293916676911 466
1740684695193 8.07916521221441 467
1740684698405 10.872364047459486 468
1740684701820 10.457585765887284 469
1740684705183 7.033740794354299 470
1740684708278 19.391051561436516 471
1740684711260 11.584355552755772 472
1740684714394 15.941584948535507 473
1740684717850 5.9509202383030315 474
1740684721261 8.885719788737259 475
1740684724294 12.80788779021133 476
1740684727390 53.23503901810437 477
1740684730706 10.608817994916745 478
1740684733769 9.698201022459928 479
1740684736982 10.43214384558446 480
1740684740129 9.556905035343696 481
1740684743517 9.643003086756227 482
1740684746945 9.010958713773286 483
1740684750198 13.055736211283529 484
1740684753284 22.34576695857241 485
1740684756314 9.272221557419208 486
1740684759499 12.879619841873696 487
1740684762930 11.497322007028213 488
1740684766214 12.593615946654992 489
1740684769204 18.813318064359727 490
1740684772168 7.075339391588872 491
1740684775560 17.811555739297212 492
1740684779024 10.24986198903969 493
1740684782249 7.918392412968043 494
1740684785241 10.874300485796896 495
1740684788355 11.876366910996515 496
1740684791597 10.404794144615279 497
1740684794895 13.044028523582076 498
1740684798129 19.36881537042003 499
1740684801611 26.725717360468327 500
1740684804973 9.570085633234797 501
1740684808360 4.9504080835635165 502
1740684811594 14.750190887172682 503
1740684814721 14.154846421190108 504
1740684817878 8.290451453793914 505
1740684821116 15.59761795020403 506
1740684824516 13.16614148717036 507
1740684827846 9.093920739928189 508
1740684831009 16.200218121817965 509
1740684834061 7.327037485093505 510
1740684837478 17.56763560879751 511
1740684840664 12.579933723270262 512
1740684843729 21.241808597238023 513
1740684846696 7.421516530924889 514
1740684850145 12.280838831420402 515
1740684853324 7.034592910554969 516
1740684856421 15.557808523098956 517
1740684859379 7.991274653497274 518
1740684862590 12.554094671051757 519
1740684866237 15.120881548158001 520
1740684869700 13.608027661319479 521
1740684872621 13.020673305461107 522
1740684875704 13.506277811902633 523
1740684878957 7.959218488053054 524
1740684882335 8.744648743838061 525
1740684885629 23.53295571027269 526
1740684888754 14.33174132217276 527
1740684891717 11.990318513574135 528
1740684895037 8.245768815129383 529
1740684898356 10.5674212065531 530
1740684901827 10.307392578367315 531
1740684904736 9.174949977645712 532
1740684907733 7.005467629084168 533
1740684911111 10.560546216294155 534
1740684914513 8.751723570521433 535
1740684917508 12.238096275889303 536
1740684920697 15.102053307115161 537
1740684923958 11.520477258173592 538
1740684927310 5.709404732941714 539
1740684930470 7.851713011789522 540
1740684933574 8.08278347730648 541
1740684936628 8.633991596757744 542
1740684939847 8.869302836030533 543
1740684943360 14.480914416820216 544
1740684946579 24.600967017317153 545
1740684949550 18.327754879180254 546
1740684952457 7.473347060209679 547
1740684955736 13.448289127986756 548
1740684959074 20.00983177806715 549
1740684962249 14.659902301734283 550
1740684965329 18.687224736277734 551
1740684968474 10.115672609728774 552
1740684971442 13.303495265069929 553
1740684974672 10.570662559856524 554
1740684977662 9.207522377000625 555
1740684980717 10.188063813769691 556
1740684983939 12.39023224330107 557
1740684987352 8.590564728243805 558
1740684990453 13.27695605564831 559
1740684993534 19.761698273027672 560
1740684996744 15.156962334660674 561
1740685000148 13.63539261940774 562
1740685003699 36.143136880227445 563
1740685006776 7.821474777114375 564
1740685009847 16.240252775867834 565
1740685012973 12.548447422032813 566
1740685016431 11.5215245751641 567
1740685019674 12.964663411114877 568
1740685023125 11.41970496019841 569
1740685026124 9.440160216045843 570
1740685029377 17.555385685029016 571
1740685032626 11.363998307688355 572
1740685035957 11.757024943236184 573
1740685038984 9.702892543098915 574
1740685042067 6.968024450072685 575
1740685045339 5.803727053279634 576
1740685048700 7.784475073998006 577
1740685051830 11.64582889746278 578
1740685055024 12.026025085324553 579
1740685058343 6.3851191801172344 580
1740685061799 39.96872923062721 581
1740685065044 6.708006855175353 582
1740685068007 14.524112661956792 583
1740685071219 17.729445067867 584
1740685074447 6.574152377325103 585
1740685077911 10.194927774683915 586
1740685081169 6.691819937361046 587
1740685084734 8.11563677716283 588
1740685088109 10.084699024517986 589
1740685091348 13.529937243249845 590
1740685094567 19.301635847200902 591
1740685097744 7.421690291880076 592
1740685100739 9.949535987627314 593
1740685104171 28.259573252058043 594
1740685107523 9.4956779177213 595
1740685110821 26.55119364931495 596
1740685113834 7.939744812063598 597
1740685116773 10.371629429281816 598
1740685120074 11.391992264254021 599
1740685123370 8.627967221654812 600
1740685126467 11.098256562271171 601
1740685129520 9.65150502791418 602
1740685132555 15.50684762272716 603
1740685135756 19.26172873201866 604
1740685139013 11.438748595862828 605
1740685142284 12.485197087633138 606
1740685145470 7.632486841154258 607
1740685148711 8.101185526043448 608
1740685151935 7.750639374961262 609
1740685155177 15.056046353535807 610
1740685158479 12.935149333753502 611
1740685161709 11.634109590721778 612
1740685165002 13.692633248405185 613
1740685168307 10.969502326750437 614
1740685171416 9.859738937915205 615
1740685174549 6.543133786706373 616
1740685177880 11.795261527622483 617
1740685181220 4.5960170969078655 618
1740685184521 12.71357666314353 619
1740685187512 9.19541998911032 620
1740685190533 7.232965797978471 621
1740685193825 6.7604965743276555 622
1740685197146 12.331363123048327 623
1740685200193 21.329662024342703 624
1740685203403 7.252724512597718 625
1740685206809 10.094439451958886 626
1740685209951 12.522693596327436 627
1740685213090 10.930404427171341 628
1740685216253 7.921987877540731 629
1740685219278 6.061208121129231 630
1740685222689 19.197225862513935 631
1740685226079 13.277092790851095 632
1740685229373 9.938927223365333 633
1740685232569 10.616265957886883 634
1740685235485 7.1665434427109025 635
1740685239542 24.471295989910463 636
1740685242880 12.019111649598866 637
1740685245888 16.081312788567566 638
1740685249079 6.4775017740400305 639
1740685252585 19.77433720312628 640
1740685256023 39.282716144922404 641
1740685259290 14.6426370646961 642
1740685262295 8.587402761728898 643
1740685266031 18.005091406371143 644
1740685269504 9.61373884245333 645
1740685272746 9.27388662710605 646
1740685275718 7.98598079355595 647
1740685278772 10.017372323084528 648
1740685282143 8.322794586441374 649
1740685285655 12.594463860170203 650
1740685288940 17.460610605476226 651
1740685291975 10.673025393356117 652
1740685295166 12.357720762311459 653
1740685298552 12.2698655356043 654
1740685301900 8.747986892902126 655
1740685305180 9.888953563741302 656
1740685308250 25.788314688594113 657
1740685311700 16.982198823452563 658
1740685315009 15.666962170468787 659
1740685318112 24.62196781402766 660
1740685321151 18.086332039106072 661
1740685324387 36.102562049940424 662
1740685327745 18.412332490046147 663
1740685331160 6.3587553744168295 664
1740685334369 10.026577148314392 665
1740685337691 17.314135538511923 666
1740685341047 20.917284225631857 667
1740685344377 7.031857521404182 668
1740685346368 24.999627576776295 669
1740685349739 24.698859197746515 670
1740685352728 9.739952087235743 671
1740685355975 16.800143126950264 672
1740685359102 9.808224505398613 673
1740685362234 9.648776338244001 674
1740685365376 9.027483701100042 675
1740685368594 10.722640194354714 676
1740685371722 9.659515974405815 677
1740685374718 5.467158655759105 678
1740685377801 11.0159620432091 679
1740685380895 11.501439982631286 680
1740685384083 6.112269498346728 681
1740685387453 9.447314502518703 682
1740685390498 11.00776194714903 683
1740685393572 7.727882840701743 684
1740685396653 9.371975164105255 685
1740685399820 20.577091513208654 686
1740685402981 9.866295043128266 687
1740685406024 26.900334712820804 688
1740685409120 9.93579921551486 689
1740685412155 46.72619367827241 690
1740685415301 9.660054962659913 691
1740685418671 6.263740755168247 692
1740685421970 8.957029165081897 693
1740685425380 7.7275731852580325 694
1740685428664 17.578307525154226 695
1740685432083 21.56800639018187 696
1740685435062 12.145022348999241 697
1740685438215 23.72086731794106 698
1740685441510 15.954428060894779 699
1740685444652 15.30273345380884 700
1740685447754 8.76696021337787 701
1740685451057 14.199427015971148 702
1740685454084 8.524103360624363 703
1740685457082 10.768481714376623 704
1740685460094 8.626475304761179 705
1740685463446 8.196051169471788 706
1740685466873 21.479086887704863 707
1740685469850 9.766430627815305 708
1740685472906 10.523480634872275 709
1740685476097 14.601828592430506 710
1740685479597 34.34739768406847 711
1740685482833 13.504222306854405 712
1740685485847 7.560355931538383 713
1740685488984 12.042138180294273 714
1740685492045 12.098621140833684 715
1740685495082 23.451633866472314 716
1740685498142 13.404710520399034 717
1740685501536 10.520923495045643 718
1740685504761 13.716133792310496 719
1740685508001 13.083043521030554 720
1740685511120 9.995769481825203 721
1740685514268 9.481993625547895 722
1740685517475 16.832009785040977 723
1740685520473 18.612037394139918 724
1740685523962 11.29002869522044 725
1740685527169 10.721617456478537 726
1740685530295 9.249714502785574 727
1740685533395 10.333964348788147 728
1740685536608 16.855151923283998 729
1740685539612 10.610031757118705 730
1740685542825 29.195840554399968 731
1740685545928 15.501358511181362 732
1740685549017 12.963243299892433 733
1740685552086 10.502846249845446 734
1740685555119 10.92907570647043 735
1740685558398 9.912912758623342 736
1740685561591 14.152333181737319 737
1740685564848 10.631744676190362 738
1740685567967 13.69022069722325 739
1740685571273 10.080005067753847 740
1740685574611 12.452377764605789 741
1740685577619 7.384300276708805 742
1740685580794 9.165417672456194 743
1740685583955 11.03972524697038 744
1740685587143 65.87680735333817 745
1740685590481 9.032892181705371 746
1740685593593 10.813197988038125 747
1740685596797 10.34360255036093 748
1740685600265 10.704745424751113 749
1740685603350 8.50248929142153 750
1740685606373 9.286025578742683 751
1740685609373 14.586460704505546 752
1740685612655 54.02997626926344 753
1740685615653 21.50098253096587 754
1740685618617 7.716539664586507 755
1740685621700 9.38386808140006 756
1740685624877 13.329830952936028 757
1740685627898 10.364470670627712 758
1740685630871 11.392719820552706 759
1740685633908 10.311197527230902 760
1740685636919 15.124835499911013 761
1740685640471 16.113469835576677 762
1740685644602 14.363513382251725 763
1740685647620 7.481308781335513 764
1740685650769 7.86228660221783 765
1740685654065 26.094009382225813 766
1740685657045 11.281395629782397 767
1740685660213 13.556969968127524 768
1740685663250 23.34654648725031 769
1740685666315 8.819124694344314 770
1740685669394 20.06342687870245 771
1740685672485 10.689141812515611 772
1740685675521 7.260571643553717 773
1740685678661 25.549327135012696 774
1740685681821 13.68383098275446 775
1740685684829 11.61728671595855 776
1740685688040 25.600186393606847 777
1740685691386 14.210930502694419 778
1740685694598 20.267979369799257 779
1740685697835 10.958558539773474 780
1740685701087 24.204717117791965 781
1740685704300 6.718618752897096 782
1740685707640 10.9620847581872 783
1740685710678 8.066165964011638 784
1740685713872 16.502494740921268 785
1740685716945 12.824653812222582 786
1740685720367 18.045525385387958 787
1740685723639 9.471038849470775 788
1740685726663 9.428774785637758 789
1740685729692 13.873480097708459 790
1740685732908 25.32189379830976 791
1740685736082 13.016555403926812 792
1740685739275 9.076770169186643 793
1740685742450 26.250609322000034 794
1740685745709 12.354002460562393 795
1740685749123 9.728150684756676 796
1740685752221 7.776926259546313 797
1740685755441 10.808217556857999 798
1740685758770 10.94002756226018 799
1740685761909 31.20455876614259 800
1740685765224 8.818796116263675 801
1740685768634 25.046301839364112 802
1740685771839 6.271633222802564 803
1740685774980 10.384900039481924 804
1740685778232 13.242445680195571 805
1740685781553 9.685411492951156 806
1740685784747 24.730427668695448 807
1740685788035 18.79904434036388 808
1740685791517 29.6689595807703 809
1740685795270 19.58996243816579 810
1740685798598 10.023672337648266 811
1740685801953 10.621957221544697 812
1740685805233 12.716314039873842 813
1740685808374 17.924777813057897 814
1740685811538 26.40487748279154 815
1740685814800 18.638775952972413 816
1740685817981 21.00760545304307 817
1740685821457 7.974954621771342 818
1740685824800 7.802523362177641 819
1740685828239 24.172477029046533 820
1740685831302 12.734110187471934 821
1740685834640 8.916466411395131 822
1740685838477 16.310570654987867 823
1740685842892 25.295813477627913 824
1740685846084 18.72253842183696 825
1740685849438 22.61891808834261 826
1740685852705 8.938054617228337 827
1740685856055 24.2811518318107 828
1740685859556 18.732814530202816 829
1740685863002 23.34674635372057 830
1740685866419 26.237604248280917 831
1740685869892 10.985071670929631 832
1740685873079 9.40383882544295 833
1740685876344 6.664097888432907 834
1740685879539 9.833781365401933 835
1740685882701 26.245630437189465 836
1740685885893 13.09554833023208 837
1740685889387 28.964501530443712 838
1740685893154 16.600645434372872 839
1740685896274 10.019772293584914 840
1740685899398 10.84555633872044 841
1740685901136 11.46433386156538 842
1740685904893 17.017185793781305 843
1740685908292 26.220273704631495 844
1740685911544 10.899853787096 845
1740685914801 10.96494055614515 846
1740685918104 16.864929760084962 847
1740685921435 15.872993175681453 848
1740685924954 17.06617491779469 849
1740685928297 55.33041428340865 850
1740685931460 14.627707101168836 851
1740685934922 10.213945975792004 852
1740685938230 11.459619815992225 853
1740685941330 11.87283097521936 854
1740685944474 27.889122472243677 855
1740685947702 13.28618000703421 856
1740685951041 14.265234438941858 857
1740685954357 35.58197194902769 858
1740685957549 9.526852338185073 859
1740685960742 10.817552511674352 860
1740685963902 10.054802535630742 861
1740685967452 17.583500335220407 862
1740685970537 22.45391681073124 863
1740685973704 56.90745823283615 864
1740685978215 20.554639971771255 865
1740685981279 12.173845769596111 866
1740685984401 15.523356530771547 867
1740685987921 13.831875415745408 868
1740685991125 20.229748905738276 869
1740685994402 15.384234847606137 870
1740685997455 23.102962075348447 871
1740686000506 18.42767372704892 872
1740686003792 14.205792513396407 873
1740686007196 12.626246885910053 874
1740686010365 31.681602428207597 875
1740686013720 7.360313110938439 876
1740686017076 12.68493401156432 877
1740686020069 17.37923175729891 878
1740686023160 11.759667224290842 879
1740686026437 11.558459756454301 880
1740686029484 7.872838844830076 881
1740686032690 9.146379572217093 882
1740686035881 24.42673359692812 883
1740686038989 22.847970518407976 884
1740686042368 40.02792845507604 885
1740686045710 13.56434107590988 886
1740686049007 11.179948405376587 887
1740686052233 17.97071538945864 888
1740686055482 31.91539511271107 889
1740686058611 14.207443368758646 890
1740686061749 12.095219429056629 891
1740686064812 30.378488926765005 892
1740686067962 10.254324120199744 893
1740686071205 16.496946024020346 894
1740686074658 15.33955055926011 895
1740686077959 10.778691363930728 896
1740686081184 9.482321302770671 897
1740686084469 16.04352149744603 898
1740686087760 28.207722426209727 899
1740686090839 20.110309540063817 900
1740686094197 14.921214510446664 901
1740686095790 7.872197782838514 902
1740686099161 29.640694266972936 903
1740686102361 9.15571263643708 904
1740686105611 14.519501554618428 905
1740686108906 10.245748706726157 906
1740686112237 13.778436648618083 907
1740686115619 32.05753964919957 908
1740686118909 20.515455906053056 909
1740686122089 9.386708910817172 910
1740686125498 12.867575497603333 911
1740686129010 47.40335268161928 912
1740686132415 16.032375413063775 913
1740686135741 34.6953340816146 914
1740686139090 38.8133956722635 915
1740686142098 14.408419878980776 916
1740686145228 13.651756960336112 917
1740686148849 17.772000789542442 918
1740686152092 15.06063336027981 919
1740686155374 14.093099630287155 920
1740686158682 11.53927346361445 921
1740686161965 20.008326786212812 922
1740686165206 8.899838526405969 923
1740686168524 22.162003241608723 924
1740686171907 7.2216701481744865 925
1740686175585 32.78738946040871 926
1740686178961 23.390440426193663 927
1740686182206 13.527556004639434 928
1740686185462 10.288413781111993 929
1740686189006 18.473415050760146 930
1740686192443 19.47599746036937 931
1740686195619 10.943814332124976 932
1740686203104 30.834499442259265 933
1740686206068 28.085411515737704 934
1740686209147 9.493645671022222 935
1740686212635 19.199862392345977 936
1740686215962 36.54841763007036 937
1740686219151 13.217830309114014 938
1740686222238 18.647271649388315 939
1740686225452 16.03165603829089 940
1740686228637 9.65605097712402 941
1740686231802 22.042183838430276 942
1740686235067 13.817250763429461 943
1740686238201 9.820780349986531 944
1740686241547 18.954785877656644 945
1740686244767 22.090596245386894 946
1740686247946 16.383901147918362 947
1740686250883 24.853123836145134 948
1740686254188 9.787624254075102 949
1740686257267 15.591898318466926 950
1740686260683 27.15173300487138 951
1740686263735 38.23323035182665 952
1740686266801 9.25710315710488 953
1740686270048 15.46990642879116 954
1740686273088 11.291742604688396 955
1740686276100 9.121437399277816 956
1740686279468 17.89745093690133 957
1740686282662 16.095831620404663 958
1740686286150 17.903190820414856 959
1740686289439 17.182137711112137 960
1740686292732 13.875611737342743 961
1740686296010 10.181609334497125 962
1740686299208 9.334379719714935 963
1740686302369 8.978600601590342 964
1740686305605 11.967081035358738 965
1740686308840 33.01621133456756 966
1740686311994 10.104666746600298 967
1740686315291 31.979627417466173 968
1740686318446 20.397210320871096 969
1740686321633 28.222484260038623 970
1740686324660 8.881040521266886 971
1740686327662 9.066638607633761 972
1740686330712 10.9370746200715 973
1740686334288 23.623860925250455 974
1740686335592 7.416838580975486 975
1740686338623 10.836444570130189 976
1740686342048 12.118750175752076 977
1740686345320 13.425397644741127 978
1740686348509 11.184007285738502 979
1740686351785 17.38223579838006 980
1740686354828 15.809073383871509 981
1740686357865 22.17879437961665 982
1740686360970 19.410579949522788 983
1740686364151 11.381559688622383 984
1740686367368 12.390306225708876 985
1740686370557 6.489921939845545 986
1740686373928 21.463158080427785 987
1740686377223 19.313224774384903 988
1740686380517 10.039052214536271 989
1740686383709 11.442363034213157 990
1740686387077 33.41701014784871 991
1740686390570 16.164319336561054 992
1740686394424 44.52593720096143 993
1740686397443 12.421930474538753 994
1740686400597 8.5022714533586 995
1740686403655 33.62265445168831 996
1740686406742 22.704774508438554 997
1740686409971 14.953909473339786 998
1740686413330 28.47672813954608 999
