1740780880648 0.999 0
1740780883882 0.998001 1
1740780887156 0.997002999 2
1740780890454 0.996005996001 3
1740780893896 0.995009990004999 4
1740780897287 0.994014980014994 5
1740780900580 0.993020965034979 6
1740780903711 0.9920279440699441 7
1740780906988 0.9910359161258742 8
1740780910518 0.9900448802097482 9
1740780913879 0.9890548353295385 10
1740780917097 0.988065780494209 11
1740780920248 0.9870777147137147 12
1740780923477 0.986090636999001 13
1740780926667 0.9851045463620021 14
1740780930127 0.98411944181564 15
1740780933460 0.9831353223738244 16
1740780936804 0.9821521870514506 17
1740780940150 0.9811700348643991 18
1740780943238 0.9801888648295347 19
1740780946483 0.9792086759647052 20
1740780949855 0.9782294672887405 21
1740780953167 0.9772512378214517 22
1740780956356 0.9762739865836303 23
1740780959532 0.9752977125970467 24
1740780962825 0.9743224148844496 25
1740780965926 0.9733480924695651 26
1740780969137 0.9723747443770956 27
1740780972467 0.9714023696327185 28
1740780975609 0.9704309672630859 29
1740780978833 0.9694605362958227 30
1740780982101 0.9684910757595269 31
1740780985420 0.9675225846837673 32
1740780988645 0.9665550620990835 33
1740780991980 0.9655885070369844 34
1740780995146 0.9646229185299474 35
1740780998491 0.9636582956114175 36
1740781001793 0.9626946373158061 37
1740781005054 0.9617319426784903 38
1740781008305 0.9607702107358118 39
1740781011843 0.959809440525076 40
1740781015213 0.9588496310845509 41
1740781018431 0.9578907814534664 42
1740781021826 0.9569328906720129 43
1740781025174 0.9559759577813409 44
1740781028500 0.9550199818235596 45
1740781031862 0.9540649618417361 46
1740781035257 0.9531108968798944 47
1740781038572 0.9521577859830145 48
1740781041832 0.9512056281970315 49
1740781045169 0.9502544225688344 50
1740781048454 0.9493041681462656 51
1740781051815 0.9483548639781193 52
1740781055107 0.9474065091141411 53
1740781058309 0.946459102605027 54
1740781061420 0.9455126435024219 55
1740781064561 0.9445671308589195 56
1740781067876 0.9436225637280606 57
1740781071478 0.9426789411643326 58
1740781074895 0.9417362622231683 59
1740781078402 0.9407945259609451 60
1740781081910 0.9398537314349842 61
1740781085320 0.9389138777035492 62
1740781088610 0.9379749638258457 63
1740781091992 0.9370369888620198 64
1740781095285 0.9360999518731578 65
1740781098622 0.9351638519212846 66
1740781101948 0.9342286880693633 67
1740781105269 0.933294459381294 68
1740781108518 0.9323611649219127 69
1740781111966 0.9314288037569908 70
1740781115182 0.9304973749532338 71
1740781118525 0.9295668775782806 72
1740781121749 0.9286373107007023 73
1740781124926 0.9277086733900016 74
1740781128165 0.9267809647166116 75
1740781131639 0.925854183751895 76
1740781134983 0.9249283295681431 77
1740781138142 0.9240034012385749 78
1740781141429 0.9230793978373364 79
1740781144588 0.9221563184394991 80
1740781147730 0.9212341621210596 81
1740781151076 0.9203129279589385 82
1740781154331 0.9193926150309796 83
1740781157642 0.9184732224159486 84
1740781160854 0.9175547491935327 85
1740781164108 0.9166371944443392 86
1740781167441 0.9157205572498949 87
1740781170660 0.914804836692645 88
1740781173949 0.9138900318559524 89
1740781177244 0.9129761418240965 90
1740781180523 0.9120631656822724 91
1740781183766 0.9111511025165902 92
1740781186878 0.9102399514140735 93
1740781190017 0.9093297114626595 94
1740781193352 0.9084203817511969 95
1740781196458 0.9075119613694457 96
1740781199737 0.9066044494080763 97
1740781202966 0.9056978449586682 98
1740781206229 0.9047921471137096 99
1740781209464 0.9038873549665959 100
1740781212877 0.9029834676116293 101
1740781216107 0.9020804841440176 102
1740781219512 0.9011784036598737 103
1740781222713 0.9002772252562138 104
1740781225854 0.8993769480309576 105
1740781229197 0.8984775710829266 106
1740781232605 0.8975790935118436 107
1740781235912 0.8966815144183318 108
1740781239083 0.8957848329039134 109
1740781242407 0.8948890480710096 110
1740781245699 0.8939941590229386 111
1740781248923 0.8931001648639156 112
1740781252143 0.8922070646990518 113
1740781255565 0.8913148576343527 114
1740781258809 0.8904235427767183 115
1740781262111 0.8895331192339416 116
1740781265434 0.8886435861147077 117
1740781268763 0.887754942528593 118
1740781272049 0.8868671875860644 119
1740781275313 0.8859803203984784 120
1740781278494 0.88509434007808 121
1740781281795 0.8842092457380019 122
1740781285081 0.8833250364922639 123
1740781288340 0.8824417114557717 124
1740781291580 0.8815592697443159 125
1740781294941 0.8806777104745716 126
1740781298076 0.8797970327640969 127
1740781301191 0.8789172357313328 128
1740781304446 0.8780383184956015 129
1740781307667 0.8771602801771059 130
1740781310855 0.8762831198969288 131
1740781314061 0.8754068367770318 132
1740781317389 0.8745314299402548 133
1740781320561 0.8736568985103146 134
1740781323725 0.8727832416118043 135
1740781326854 0.8719104583701925 136
1740781330038 0.8710385479118223 137
1740781333103 0.8701675093639105 138
1740781336474 0.8692973418545467 139
1740781339961 0.8684280445126921 140
1740781343242 0.8675596164681794 141
1740781346504 0.8666920568517111 142
1740781349602 0.8658253647948594 143
1740781353253 0.8649595394300645 144
1740781356663 0.8640945798906344 145
1740781359885 0.8632304853107438 146
1740781363201 0.862367254825433 147
1740781366344 0.8615048875706075 148
1740781369477 0.8606433826830369 149
1740781372675 0.8597827393003539 150
1740781376007 0.8589229565610536 151
1740781379285 0.8580640336044925 152
1740781382741 0.857205969570888 153
1740781386062 0.8563487636013172 154
1740781389408 0.8554924148377159 155
1740781392562 0.8546369224228781 156
1740781395763 0.8537822855004553 157
1740781398957 0.8529285032149548 158
1740781402093 0.8520755747117399 159
1740781405277 0.8512234991370281 160
1740781408462 0.8503722756378911 161
1740781411644 0.8495219033622532 162
1740781414743 0.8486723814588909 163
1740781418149 0.847823709077432 164
1740781421355 0.8469758853683546 165
1740781424510 0.8461289094829862 166
1740781427622 0.8452827805735033 167
1740781430816 0.8444374977929298 168
1740781434137 0.8435930602951368 169
1740781437507 0.8427494672348417 170
1740781440676 0.8419067177676068 171
1740781443882 0.8410648110498392 172
1740781447148 0.8402237462387894 173
1740781450309 0.8393835224925505 174
1740781453509 0.838544138970058 175
1740781456857 0.8377055948310879 176
1740781460194 0.8368678892362568 177
1740781463378 0.8360310213470206 178
1740781466719 0.8351949903256736 179
1740781469969 0.8343597953353479 180
1740781473426 0.8335254355400126 181
1740781476888 0.8326919101044725 182
1740781480235 0.831859218194368 183
1740781483474 0.8310273589761736 184
1740781486849 0.8301963316171974 185
1740781490103 0.8293661352855802 186
1740781493420 0.8285367691502946 187
1740781496565 0.8277082323811443 188
1740781499985 0.8268805241487632 189
1740781503194 0.8260536436246144 190
1740781506545 0.8252275899809898 191
1740781509789 0.8244023623910088 192
1740781513146 0.8235779600286178 193
1740781516310 0.8227543820685892 194
1740781519793 0.8219316276865206 195
1740781523077 0.8211096960588341 196
1740781526203 0.8202885863627752 197
1740781529506 0.8194682977764125 198
1740781532778 0.818648829478636 199
1740781536205 0.8178301806491574 200
1740781539679 0.8170123504685082 201
1740781543038 0.8161953381180397 202
1740781546147 0.8153791427799216 203
1740781549266 0.8145637636371417 204
1740781552538 0.8137491998735046 205
1740781555879 0.812935450673631 206
1740781559478 0.8121225152229574 207
1740781562983 0.8113103927077344 208
1740781566212 0.8104990823150267 209
1740781569740 0.8096885832327116 210
1740781573197 0.8088788946494789 211
1740781576442 0.8080700157548294 212
1740781579728 0.8072619457390746 213
1740781583344 0.8064546837933355 214
1740781586819 0.8056482291095421 215
1740781590077 0.8048425808804326 216
1740781593502 0.8040377382995522 217
1740781596823 0.8032337005612527 218
1740781600246 0.8024304668606914 219
1740781603678 0.8016280363938307 220
1740781607100 0.8008264083574369 221
1740781610410 0.8000255819490795 222
1740781613765 0.7992255563671304 223
1740781617267 0.7984263308107633 224
1740781620840 0.7976279044799526 225
1740781624539 0.7968302765754727 226
1740781627959 0.7960334462988972 227
1740781631199 0.7952374128525983 228
1740781634366 0.7944421754397457 229
1740781637767 0.7936477332643059 230
1740781641271 0.7928540855310416 231
1740781644719 0.7920612314455105 232
1740781648005 0.7912691702140651 233
1740781651435 0.790477901043851 234
1740781654804 0.7896874231428072 235
1740781658148 0.7888977357196644 236
1740781661303 0.7881088379839447 237
1740781664539 0.7873207291459607 238
1740781668071 0.7865334084168147 239
1740781671448 0.7857468750083979 240
1740781674827 0.7849611281333895 241
1740781678359 0.784176167005256 242
1740781681815 0.7833919908382508 243
1740781685176 0.7826085988474126 244
1740781688483 0.7818259902485653 245
1740781691660 0.7810441642583167 246
1740781694783 0.7802631200940584 247
1740781698022 0.7794828569739644 248
1740781701352 0.7787033741169904 249
1740781704540 0.7779246707428734 250
1740781708147 0.7771467460721305 251
1740781711694 0.7763695993260584 252
1740781714988 0.7755932297267324 253
1740781718229 0.7748176364970056 254
1740781721595 0.7740428188605086 255
1740781724803 0.7732687760416481 256
1740781728187 0.7724955072656065 257
1740781731434 0.7717230117583408 258
1740781734871 0.7709512887465825 259
1740781738196 0.7701803374578359 260
1740781741551 0.7694101571203781 261
1740781744900 0.7686407469632577 262
1740781748299 0.7678721062162944 263
1740781751802 0.7671042341100781 264
1740781754052 0.7671042341100781 265
1740781757396 0.766337129875968 266
1740781760736 0.7655707927460921 267
1740781764265 0.764805221953346 268
1740781767861 0.7640404167313927 269
1740781771169 0.7632763763146613 270
1740781774421 0.7625130999383466 271
1740781777809 0.7617505868384082 272
1740781781216 0.7609888362515699 273
1740781784422 0.7602278474153183 274
1740781787646 0.759467619567903 275
1740781791135 0.7587081519483351 276
1740781794550 0.7579494437963867 277
1740781797761 0.7571914943525904 278
1740781800945 0.7564343028582378 279
1740781804304 0.7556778685553796 280
1740781807679 0.7549221906868242 281
1740781811195 0.7541672684961374 282
1740781814467 0.7534131012276413 283
1740781817892 0.7526596881264136 284
1740781821147 0.7519070284382872 285
1740781824491 0.7511551214098489 286
1740781827780 0.750403966288439 287
1740781831430 0.7496535623221505 288
1740781834897 0.7489039087598284 289
1740781838171 0.7481550048510686 290
1740781841826 0.7474068498462175 291
1740781845272 0.7466594429963713 292
1740781848627 0.745912783553375 293
1740781851809 0.7451668707698216 294
1740781855697 0.7444217038990517 295
1740781859191 0.7436772821951526 296
1740781862602 0.7429336049129575 297
1740781866076 0.7421906713080445 298
1740781869345 0.7414484806367364 299
1740781872680 0.7407070321560997 300
1740781876164 0.7399663251239436 301
1740781879624 0.7392263587988196 302
1740781883420 0.7384871324400207 303
1740781887127 0.7377486453075807 304
1740781890320 0.737010896662273 305
1740781893780 0.7362738857656108 306
1740781897155 0.7355376118798452 307
1740781900608 0.7348020742679654 308
1740781904010 0.7340672721936974 309
1740781907301 0.7333332049215037 310
1740781910734 0.7325998717165821 311
1740781913984 0.7318672718448656 312
1740781917404 0.7311354045730207 313
1740781920966 0.7304042691684477 314
1740781924651 0.7296738648992792 315
1740781928163 0.7289441910343799 316
1740781931461 0.7282152468433455 317
1740781935184 0.7274870315965022 318
1740781938546 0.7267595445649057 319
1740781941998 0.7260327850203407 320
1740781945284 0.7253067522353204 321
1740781948841 0.724581445483085 322
1740781952378 0.723856864037602 323
1740781955707 0.7231330071735643 324
1740781958956 0.7224098741663908 325
1740781962691 0.7216874642922244 326
1740781966385 0.7209657768279322 327
1740781969897 0.7202448110511043 328
1740781973539 0.7195245662400531 329
1740781976845 0.7188050416738131 330
1740781980055 0.7180862366321393 331
1740781983463 0.7173681503955072 332
1740781986636 0.7166507822451117 333
1740781990338 0.7159341314628666 334
1740781993692 0.7152181973314037 335
1740781997058 0.7145029791340722 336
1740782000201 0.7137884761549381 337
1740782003523 0.7130746876787832 338
1740782006857 0.7123616129911045 339
1740782010262 0.7116492513781133 340
1740782013408 0.7109376021267352 341
1740782016782 0.7102266645246085 342
1740782019942 0.7095164378600839 343
1740782020479 0.7095164378600839 344
1740782023820 0.7088069214222238 345
1740782026971 0.7080981145008015 346
1740782030410 0.7073900163863007 347
1740782033807 0.7066826263699144 348
1740782034850 0.7066826263699144 349
1740782038408 0.7059759437435444 350
1740782042238 0.7052699677998009 351
1740782045627 0.704564697832001 352
1740782048816 0.7038601331341691 353
1740782052045 0.7031562730010349 354
1740782055456 0.7024531167280339 355
1740782058682 0.7017506636113059 356
1740782062021 0.7010489129476946 357
1740782065798 0.7003478640347469 358
1740782069309 0.6996475161707122 359
1740782072623 0.6989478686545415 360
1740782076033 0.698248920785887 361
1740782079330 0.6975506718651011 362
1740782082819 0.6968531211932361 363
1740782086236 0.6961562680720428 364
1740782089506 0.6954601118039707 365
1740782093277 0.6947646516921667 366
1740782096689 0.6940698870404746 367
1740782100119 0.6933758171534341 368
1740782103739 0.6926824413362807 369
1740782105949 0.6919897588949444 370
1740782109324 0.6912977691360495 371
1740782113078 0.6906064713669134 372
1740782116532 0.6899158648955466 373
1740782119773 0.689225949030651 374
1740782123075 0.6885367230816204 375
1740782127014 0.6878481863585387 376
1740782130429 0.6871603381721801 377
1740782134031 0.686473177834008 378
1740782137887 0.685786704656174 379
1740782141396 0.6851009179515178 380
1740782145003 0.6844158170335664 381
1740782148751 0.6837314012165328 382
1740782152077 0.6830476698153162 383
1740782155716 0.6823646221455009 384
1740782159461 0.6816822575233553 385
1740782162749 0.6810005752658319 386
1740782166386 0.680319574690566 387
1740782169727 0.6796392551158754 388
1740782173244 0.6789596158607596 389
1740782176718 0.6782806562448989 390
1740782180071 0.677602375588654 391
1740782183627 0.6769247732130653 392
1740782186975 0.6762478484398523 393
1740782190441 0.6755716005914124 394
1740782193826 0.674896028990821 395
1740782197018 0.6742211329618302 396
1740782200422 0.6735469118288684 397
1740782203889 0.6728733649170395 398
1740782207032 0.6722004915521225 399
1740782210447 0.6715282910605703 400
1740782214322 0.6708567627695098 401
1740782217881 0.6701859060067403 402
1740782221360 0.6695157201007336 403
1740782224695 0.6688462043806328 404
1740782228032 0.6681773581762521 405
1740782231561 0.6675091808180759 406
1740782235309 0.6668416716372578 407
1740782238966 0.6661748299656206 408
1740782242194 0.6655086551356549 409
1740782245496 0.6648431464805192 410
1740782249393 0.6641783033340387 411
1740782253012 0.6635141250307047 412
1740782256343 0.662850610905674 413
1740782259705 0.6621877602947683 414
1740782263016 0.6615255725344735 415
1740782266550 0.660864046961939 416
1740782270190 0.660203182914977 417
1740782273645 0.6595429797320621 418
1740782276905 0.6588834367523301 419
1740782280213 0.6582245533155777 420
1740782283530 0.6575663287622622 421
1740782287130 0.6569087624334999 422
1740782290777 0.6562518536710664 423
1740782294331 0.6555956018173954 424
1740782298141 0.654940006215578 425
1740782301678 0.6542850662093624 426
1740782305149 0.6536307811431531 427
1740782308534 0.65297715036201 428
1740782312007 0.6523241732116479 429
1740782315633 0.6516718490384363 430
1740782318908 0.6510201771893979 431
1740782322091 0.6503691570122084 432
1740782325728 0.6497187878551962 433
1740782329502 0.649069069067341 434
1740782332758 0.6484199999982736 435
1740782336150 0.6477715799982753 436
1740782339512 0.647123808418277 437
1740782342902 0.6464766846098587 438
1740782346232 0.6458302079252489 439
1740782349401 0.6451843777173236 440
1740782352717 0.6445391933396063 441
1740782355990 0.6438946541462667 442
1740782359194 0.6432507594921204 443
1740782362421 0.6426075087326283 444
1740782366048 0.6419649012238956 445
1740782369841 0.6413229363226717 446
1740782373038 0.640681613386349 447
1740782376233 0.6400409317729626 448
1740782380080 0.6394008908411897 449
1740782383680 0.6387614899503485 450
1740782386942 0.6381227284603982 451
1740782390461 0.6374846057319378 452
1740782394103 0.6368471211262058 453
1740782397521 0.6362102740050796 454
1740782401027 0.6355740637310745 455
1740782404473 0.6349384896673435 456
1740782407718 0.6343035511776761 457
1740782411305 0.6336692476264985 458
1740782414834 0.6330355783788719 459
1740782418139 0.632402542800493 460
1740782421461 0.6317701402576925 461
1740782424768 0.6311383701174348 462
1740782427985 0.6305072317473174 463
1740782431700 0.6298767245155701 464
1740782435009 0.6292468477910546 465
1740782438254 0.6286176009432635 466
1740782441800 0.6279889833423202 467
1740782445255 0.6273609943589779 468
1740782448612 0.6267336333646188 469
1740782451986 0.6261068997312542 470
1740782455827 0.6254807928315229 471
1740782459466 0.6248553120386914 472
1740782462634 0.6242304567266527 473
1740782465936 0.623606226269926 474
1740782469360 0.6229826200436561 475
1740782472862 0.6223596374236124 476
1740782476045 0.6217372777861888 477
1740782479169 0.6211155405084027 478
1740782482532 0.6204944249678943 479
1740782485826 0.6198739305429264 480
1740782489015 0.6192540566123834 481
1740782492537 0.6186348025557711 482
1740782495995 0.6180161677532153 483
1740782499666 0.6173981515854621 484
1740782503168 0.6167807534338766 485
1740782506540 0.6161639726804428 486
1740782509762 0.6155478087077623 487
1740782513059 0.6149322608990545 488
1740782516362 0.6143173286381555 489
1740782519700 0.6137030113095173 490
1740782523111 0.6130893082982078 491
1740782526480 0.6124762189899097 492
1740782529708 0.6118637427709198 493
1740782533022 0.6112518790281489 494
1740782536753 0.6106406271491208 495
1740782540052 0.6100299865219717 496
1740782543334 0.6094199565354498 497
1740782546595 0.6088105365789144 498
1740782549954 0.6082017260423355 499
1740782553229 0.6075935243162931 500
1740782556599 0.6069859307919768 501
1740782559871 0.6063789448611848 502
1740782563706 0.6057725659163237 503
1740782567046 0.6051667933504074 504
1740782570408 0.6045616265570569 505
1740782573828 0.6039570649304998 506
1740782577211 0.6033531078655693 507
1740782580607 0.6027497547577038 508
1740782583992 0.602147005002946 509
1740782587184 0.6015448579979431 510
1740782590600 0.6009433131399452 511
1740782593878 0.6003423698268052 512
1740782597320 0.5997420274569785 513
1740782600639 0.5991422854295215 514
1740782604613 0.598543143144092 515
1740782608194 0.5979446000009478 516
1740782611429 0.5973466554009469 517
1740782614813 0.596749308745546 518
1740782618222 0.5961525594368005 519
1740782622558 0.5955564068773637 520
1740782625810 0.5949608504704863 521
1740782628958 0.5943658896200158 522
1740782632409 0.5937715237303958 523
1740782635593 0.5931777522066654 524
1740782638762 0.5925845744544587 525
1740782642485 0.5919919898800042 526
1740782645716 0.5913999978901242 527
1740782649005 0.590808597892234 528
1740782652374 0.5902177892943418 529
1740782656037 0.5896275715050474 530
1740782659268 0.5890379439335424 531
1740782662504 0.5884489059896089 532
1740782665730 0.5878604570836192 533
1740782669623 0.5872725966265356 534
1740782672947 0.5866853240299091 535
1740782676347 0.5860986387058792 536
1740782679680 0.5855125400671733 537
1740782683306 0.5849270275271061 538
1740782686977 0.584342100499579 539
1740782690300 0.5837577583990794 540
1740782693913 0.5831740006406804 541
1740782697202 0.5825908266400397 542
1740782700636 0.5820082358133997 543
1740782703967 0.5814262275775862 544
1740782704606 0.5814262275775862 545
1740782708179 0.5808448013500086 546
1740782711400 0.5802639565486586 547
1740782714771 0.57968369259211 548
1740782717997 0.5791040088995179 549
1740782721322 0.5785249048906184 550
1740782724654 0.5779463799857277 551
1740782727850 0.577368433605742 552
1740782731211 0.5767910651721362 553
1740782734873 0.576214274106964 554
1740782738174 0.5756380598328571 555
1740782741443 0.5750624217730242 556
1740782744578 0.5744873593512512 557
1740782748460 0.5739128719918999 558
1740782751848 0.573338959119908 559
1740782755080 0.572765620160788 560
1740782758316 0.5721928545406272 561
1740782762028 0.5716206616860866 562
1740782765830 0.5710490410244006 563
1740782769229 0.5704779919833761 564
1740782772684 0.5699075139913927 565
1740782776447 0.5693376064774013 566
1740782780077 0.5687682688709239 567
1740782783405 0.5681995006020529 568
1740782786552 0.5676313011014509 569
1740782790170 0.5670636698003494 570
1740782793478 0.5664966061305491 571
1740782796955 0.5659301095244186 572
1740782800153 0.5653641794148941 573
1740782803773 0.5647988152354793 574
1740782807083 0.5642340164202437 575
1740782810528 0.5636697824038235 576
1740782813803 0.5631061126214196 577
1740782817105 0.5625430065087982 578
1740782820355 0.5619804635022894 579
1740782823682 0.561418483038787 580
1740782827061 0.5608570645557482 581
1740782830241 0.5602962074911925 582
1740782833562 0.5597359112837013 583
1740782837090 0.5591761753724176 584
1740782840502 0.5586169991970452 585
1740782843777 0.5580583821978482 586
1740782847020 0.5575003238156504 587
1740782850320 0.5569428234918348 588
1740782853834 0.5563858806683429 589
1740782857071 0.5558294947876746 590
1740782860426 0.5552736652928869 591
1740782863755 0.5547183916275941 592
1740782867001 0.5541636732359665 593
1740782872179 0.5536095095627305 594
1740782875437 0.5530559000531677 595
1740782879161 0.5525028441531146 596
1740782882634 0.5519503413089615 597
1740782885899 0.5513983909676525 598
1740782889274 0.5508469925766849 599
1740782892573 0.5502961455841082 600
1740782895796 0.5497458494385241 601
1740782899067 0.5491961035890855 602
1740782902560 0.5486469074854965 603
1740782905963 0.548098260578011 604
1740782910366 0.547550162317433 605
1740782913717 0.5470026121551156 606
1740782917219 0.5464556095429605 607
1740782920523 0.5459091539334175 608
1740782923792 0.5453632447794842 609
1740782927108 0.5448178815347047 610
1740782929991 0.54427306365317 611
1740782933367 0.5437287905895168 612
1740782936546 0.5431850617989273 613
1740782939951 0.5426418767371284 614
1740782943235 0.5420992348603912 615
1740782943779 0.5420992348603912 616
1740782947109 0.5415571356255309 617
1740782950607 0.5410155784899053 618
1740782951680 0.5410155784899053 619
1740782955246 0.5404745629114154 620
1740782958650 0.539934088348504 621
1740782962017 0.5393941542601555 622
1740782963662 0.5393941542601555 623
1740782966911 0.5388547601058953 624
1740782970392 0.5383159053457894 625
1740782973737 0.5377775894404436 626
1740782977250 0.5372398118510032 627
1740782980564 0.5367025720391522 628
1740782983945 0.536165869467113 629
1740782987302 0.5356297035976458 630
1740782990625 0.5350940738940482 631
1740782991169 0.5350940738940482 632
1740782994771 0.5345589798201541 633
1740782998141 0.534024420840334 634
1740783001378 0.5334903964194936 635
1740783004562 0.5329569060230741 636
1740783007850 0.532423949117051 637
1740783011041 0.531891525167934 638
1740783014755 0.5313596336427661 639
1740783018449 0.5308282740091232 640
1740783021806 0.5302974457351142 641
1740783025071 0.5297671482893791 642
1740783028686 0.5292373811410898 643
1740783032332 0.5287081437599487 644
1740783035569 0.5281794356161887 645
1740783039465 0.5276512561805725 646
1740783042623 0.5271236049243919 647
1740783046104 0.5265964813194676 648
1740783049544 0.5260698848381481 649
1740783053183 0.5255438149533099 650
1740783056736 0.5250182711383566 651
1740783060231 0.5244932528672183 652
1740783063612 0.5239687596143511 653
1740783066873 0.5234447908547367 654
1740783070218 0.522921346063882 655
1740783073478 0.522398424717818 656
1740783076654 0.5218760262931003 657
1740783080102 0.5213541502668072 658
1740783083345 0.5208327961165404 659
1740783086816 0.5203119633204238 660
1740783090217 0.5197916513571034 661
1740783093601 0.5192718597057463 662
1740783096767 0.5187525878460405 663
1740783100446 0.5182338352581944 664
1740783103671 0.5177156014229363 665
1740783106918 0.5171978858215134 666
1740783110151 0.5166806879356919 667
1740783113516 0.5161640072477562 668
1740783116940 0.5156478432405085 669
1740783120189 0.515132195397268 670
1740783123672 0.5146170632018707 671
1740783126909 0.5141024461386688 672
1740783130521 0.5135883436925301 673
1740783133852 0.5130747553488376 674
1740783137230 0.5125616805934888 675
1740783140459 0.5120491189128954 676
1740783144062 0.5115370697939825 677
1740783147294 0.5110255327241885 678
1740783150540 0.5105145071914643 679
1740783153753 0.5100039926842729 680
1740783157223 0.5094939886915886 681
1740783160564 0.508984494702897 682
1740783164003 0.508475510208194 683
1740783167332 0.5079670346979859 684
1740783170877 0.5074590676632879 685
1740783174645 0.5069516085956246 686
1740783177998 0.506444656987029 687
1740783181359 0.505938212330042 688
1740783184893 0.505432274117712 689
1740783188128 0.5049268418435943 690
1740783191369 0.5044219150017507 691
1740783194671 0.5039174930867489 692
1740783197923 0.5034135755936622 693
1740783201592 0.5029101620180685 694
1740783204916 0.5024072518560504 695
1740783208210 0.5019048446041944 696
1740783211607 0.5014029397595902 697
1740783214938 0.5009015368198305 698
1740783218361 0.5004006352830107 699
1740783221582 0.4999002346477277 700
1740783224717 0.49940033441307996 701
1740783228486 0.49890093407866687 702
1740783231831 0.4984020331445882 703
1740783235270 0.4979036311114436 704
1740783238583 0.4974057274803321 705
1740783242389 0.49690832175285177 706
1740783246076 0.4964114134310989 707
1740783249458 0.4959150020176678 708
1740783252957 0.49541908701565013 709
1740783256984 0.49492366792863446 710
1740783260291 0.4944287442607058 711
1740783264035 0.4939343155164451 712
1740783267476 0.4934403812009287 713
1740783271161 0.4929469408197278 714
1740783274406 0.49245399387890804 715
1740783277727 0.4919615398850291 716
1740783281075 0.4914695783451441 717
1740783284772 0.4909781087667989 718
1740783288285 0.4904871306580321 719
1740783291594 0.4899966435273741 720
1740783295320 0.4895066468838467 721
1740783298739 0.48901714023696286 722
1740783302177 0.4885281230967259 723
1740783305413 0.48803959497362914 724
1740783308904 0.4875515553786555 725
1740783312340 0.48706400382327686 726
1740783315725 0.4865769398194536 727
1740783316922 0.4865769398194536 728
1740783320252 0.48609036287963414 729
1740783323537 0.48560427251675453 730
1740783326932 0.48511866824423777 731
1740783330160 0.4846335495759935 732
1740783333388 0.4841489160264175 733
1740783336584 0.4836647671103911 734
1740783340194 0.4831811023432807 735
1740783343835 0.4826979212409374 736
1740783345709 0.48221522331969646 737
1740783349026 0.48173300809637676 738
1740783353285 0.48125127508828036 739
1740783356574 0.48077002381319206 740
1740783359750 0.48028925378937887 741
1740783363024 0.47980896453558947 742
1740783366309 0.4793291555710539 743
1740783369657 0.47884982641548285 744
1740783372873 0.47837097658906735 745
1740783376158 0.47789260561247826 746
1740783379779 0.4774147130068658 747
1740783383484 0.4769372982938589 748
1740783386774 0.47646036099556505 749
1740783390150 0.47598390063456947 750
1740783393604 0.4755079167339349 751
1740783396884 0.47503240881720094 752
1740783400368 0.47455737640838375 753
1740783403642 0.47408281903197536 754
1740783406944 0.47360873621294336 755
1740783410262 0.4731351274767304 756
1740783413875 0.4726619923492537 757
1740783417132 0.47218933035690447 758
1740783420795 0.47171714102654755 759
1740783424223 0.471245423885521 760
1740783427624 0.47077417846163544 761
1740783431278 0.4703034042831738 762
1740783434476 0.46983310087889063 763
1740783437727 0.46936326777801174 764
1740783441249 0.4688939045102337 765
1740783444505 0.4684250106057235 766
1740783448135 0.46795658559511777 767
1740783451507 0.46748862900952265 768
1740783454925 0.4670211403805131 769
1740783455468 0.4670211403805131 770
1740783459015 0.4665541192401326 771
1740783462286 0.4660875651208925 772
1740783466077 0.4656214775557716 773
1740783469727 0.46515585607821586 774
1740783473103 0.46469070022213765 775
1740783476347 0.4642260095219155 776
1740783479939 0.4637617835123936 777
1740783483192 0.46329802172888124 778
1740783486600 0.46283472370715234 779
1740783490083 0.46237188898344517 780
1740783493744 0.4619095170944617 781
1740783497019 0.46144760757736725 782
1740783500433 0.46098615996978987 783
1740783503993 0.46052517380982005 784
1740783507397 0.4600646486360102 785
1740783510796 0.4596045839873742 786
1740783514035 0.45914497940338683 787
1740783517352 0.4586858344239834 788
1740783521102 0.45822714858955943 789
1740783524686 0.45776892144096987 790
1740783528457 0.4573111525195289 791
1740783531723 0.4568538413670094 792
1740783535050 0.4563969875256424 793
1740783538302 0.45594059053811675 794
1740783541001 0.45548464994757865 795
1740783544339 0.45502916529763104 796
1740783547657 0.45457413613233344 797
1740783551465 0.4541195619962011 798
1740783554890 0.4536654424342049 799
1740783558253 0.45321177699177073 800
1740783561530 0.452758565214779 801
1740783564988 0.4523058066495642 802
1740783568434 0.45185350084291465 803
1740783571786 0.4514016473420717 804
1740783575323 0.45095024569472963 805
1740783578704 0.4504992954490349 806
1740783582065 0.45004879615358584 807
1740783585620 0.44959874735743227 808
1740783589492 0.4491491486100748 809
1740783592910 0.44869999946146477 810
1740783596322 0.4482512994620033 811
1740783600103 0.4478030481625413 812
1740783603770 0.44735524511437874 813
1740783607221 0.4469078898692644 814
1740783610549 0.4464609819793951 815
1740783614290 0.44601452099741573 816
1740783618023 0.4455685064764183 817
1740783621255 0.4451229379699419 818
1740783624849 0.44467781503197196 819
1740783628027 0.44423313721693997 820
1740783631841 0.44378890407972305 821
1740783635177 0.44334511517564335 822
1740783638464 0.4429017700604677 823
1740783641820 0.44245886829040726 824
1740783645295 0.44201640942211684 825
1740783648770 0.44157439301269474 826
1740783652121 0.44113281861968207 827
1740783655653 0.4406916858010624 828
1740783656839 0.4406916858010624 829
1740783660047 0.4402509941152613 830
1740783663429 0.43981074312114604 831
1740783666726 0.4393709323780249 832
1740783670708 0.4389315614456469 833
1740783674297 0.43849262988420123 834
1740783677499 0.438054137254317 835
1740783680753 0.4376160831170627 836
1740783684611 0.43717846703394564 837
1740783688019 0.4367412885669117 838
1740783691383 0.4363045472783448 839
1740783694802 0.43586824273106645 840
1740783698155 0.4354323744883354 841
1740783701498 0.43499694211384704 842
1740783705050 0.4345619451717332 843
1740783708515 0.43412738322656147 844
1740783711738 0.4336932558433349 845
1740783715137 0.43325956258749154 846
1740783718355 0.43282630302490405 847
1740783721512 0.43239347672187917 848
1740783725054 0.4319610832451573 849
1740783728386 0.43152912216191214 850
1740783731716 0.4310975930397502 851
1740783735309 0.43066649544671043 852
1740783738019 0.4302358289512637 853
1740783741688 0.4298055931223125 854
1740783745149 0.42937578752919014 855
1740783748678 0.4289464117416609 856
1740783752133 0.42851746532991924 857
1740783755730 0.42808894786458934 858
1740783759255 0.42766085891672473 859
1740783762771 0.427233198057808 860
1740783766229 0.4268059648597502 861
1740783769577 0.4263791588948904 862
1740783772945 0.42595277973599555 863
1740783776251 0.42552682695625954 864
1740783779644 0.4251013001293033 865
1740783783091 0.424676198829174 866
1740783786890 0.4242515226303448 867
1740783790522 0.42382727110771445 868
1740783793847 0.4234034438366067 869
1740783797532 0.4229800403927701 870
1740783801210 0.42255706035237733 871
1740783804757 0.42213450329202495 872
1740783808204 0.4217123687887329 873
1740783811634 0.4212906564199442 874
1740783814970 0.42086936576352424 875
1740783818255 0.4204484963977607 876
1740783822115 0.42002804790136294 877
1740783825647 0.4196080198534616 878
1740783828968 0.4191884118336081 879
1740783832558 0.41876922342177453 880
1740783836138 0.41835045419835276 881
1740783839550 0.4179321037441544 882
1740783842756 0.41751417164041027 883
1740783846581 0.41709665746876984 884
1740783850085 0.4166795608113011 885
1740783853575 0.41626288125048977 886
1740783857771 0.41584661836923925 887
1740783861170 0.41543077175087 888
1740783864829 0.41501534097911913 889
1740783868205 0.41460032563814003 890
1740783871395 0.4141857253125019 891
1740783874733 0.41377153958718943 892
1740783878046 0.4133577680476022 893
1740783881230 0.4129444102795546 894
1740783884672 0.412531465869275 895
1740783887857 0.41211893440340575 896
1740783891096 0.41170681546900234 897
1740783894963 0.41129510865353336 898
1740783898616 0.41088381354487985 899
1740783901872 0.410472929731335 900
1740783905133 0.41006245680160364 901
1740783908516 0.40965239434480205 902
1740783911888 0.40924274195045723 903
1740783915252 0.40883349920850676 904
1740783918608 0.40842466570929825 905
1740783922049 0.40801624104358897 906
1740783925216 0.4076082248025454 907
1740783929047 0.4072006165777428 908
1740783932543 0.4067934159611651 909
1740783935813 0.4063866225452039 910
1740783939033 0.4059802359226587 911
1740783942362 0.40557425568673605 912
1740783945685 0.40516868143104934 913
1740783949089 0.4047635127496183 914
1740783952480 0.4043587492368687 915
1740783955679 0.4039543904876318 916
1740783959117 0.4035504360971442 917
1740783962730 0.40314688566104706 918
1740783966211 0.402743738775386 919
1740783969770 0.4023409950366106 920
1740783973098 0.401938654041574 921
1740783976544 0.4015367153875324 922
1740783980009 0.4011351786721449 923
1740783983304 0.40073404349347275 924
1740783986572 0.40033330944997925 925
1740783989993 0.39993297614052925 926
1740783993387 0.3995330431643887 927
1740783996644 0.39913351012122433 928
1740783999802 0.3987343766111031 929
1740784002986 0.398335642234492 930
1740784006301 0.3979373065922575 931
1740784009712 0.39753936928566525 932
1740784013626 0.3971418299163796 933
1740784018179 0.3967446880864632 934
1740784021356 0.3963479433983767 935
1740784022068 0.3963479433983767 936
1740784025649 0.3959515954549783 937
1740784028975 0.39555564385952335 938
1740784032401 0.39516008821566384 939
1740784035679 0.3947649281274482 940
1740784039467 0.3943701631993207 941
1740784042683 0.3939757930361214 942
1740784045958 0.3935818172430853 943
1740784049339 0.3931882354258422 944
1740784052961 0.39279504719041636 945
1740784056790 0.39240225214322594 946
1740784059934 0.39200984989108273 947
1740784063336 0.39161784004119166 948
1740784067015 0.39122622220115044 949
1740784070258 0.3908349959789493 950
1740784073612 0.3904441609829703 951
1740784076816 0.3900537168219873 952
1740784080131 0.3896636631051653 953
1740784083570 0.38927399944206015 954
1740784086906 0.3888847254426181 955
1740784090128 0.38849584071717547 956
1740784093309 0.3881073448764583 957
1740784096968 0.3877192375315819 958
1740784100345 0.3873315182940503 959
1740784103661 0.38694418677575626 960
1740784106960 0.3865572425889805 961
1740784110572 0.38617068534639154 962
1740784114271 0.38578451466104513 963
1740784118121 0.3853987301463841 964
1740784121746 0.3850133314162377 965
1740784125212 0.3846283180848215 966
1740784128607 0.3842436897667367 967
1740784131800 0.3838594460769699 968
1740784135075 0.38347558663089293 969
1740784138342 0.38309211104426205 970
1740784141787 0.3827090189332178 971
1740784145168 0.38232630991428457 972
1740784148464 0.38194398360437026 973
1740784151606 0.3815620396207659 974
1740784154772 0.38118047758114515 975
1740784158060 0.380799297103564 976
1740784161420 0.3804184978064605 977
1740784164857 0.380038079308654 978
1740784168533 0.3796580412293454 979
1740784171908 0.379278383188116 980
1740784175206 0.3788991048049279 981
1740784178730 0.37852020570012296 982
1740784182571 0.37814168549442284 983
1740784187274 0.3777635438089284 984
1740784190819 0.3773857802651195 985
1740784194358 0.37700839448485435 986
1740784197608 0.3766313860903695 987
1740784200942 0.37625475470427916 988
1740784204282 0.3758784999495749 989
1740784207702 0.3755026214496253 990
1740784213273 0.3751271188281757 991
1740784216578 0.3747519917093475 992
1740784220111 0.37437723971763814 993
1740784223376 0.37400286247792053 994
1740784226625 0.3736288596154426 995
1740784230234 0.37325523075582717 996
1740784233499 0.37288197552507135 997
1740784236933 0.37250909354954626 998
1740784240228 0.37213658445599673 999
1740784243426 0.3717644478715407 1000
1740784246904 0.3713926834236692 1001
1740784250432 0.37102129074024554 1002
1740784254017 0.3706502694495053 1003
1740784254972 0.3706502694495053 1004
1740784258355 0.3702796191800558 1005
1740784261644 0.36990933956087574 1006
1740784265086 0.36953943022131486 1007
1740784268424 0.3691698907910935 1008
1740784271623 0.3688007209003024 1009
1740784275064 0.36843192017940213 1010
1740784278441 0.36806348825922275 1011
1740784281693 0.3676954247709635 1012
1740784284832 0.36732772934619257 1013
1740784288360 0.3669604016168464 1014
1740784291692 0.3665934412152296 1015
1740784295309 0.3662268477740143 1016
1740784298623 0.36586062092624033 1017
1740784301964 0.3654947603053141 1018
1740784305277 0.36512926554500874 1019
1740784308806 0.36476413627946375 1020
1740784312077 0.3643993721431843 1021
1740784315535 0.36403497277104113 1022
1740784318868 0.3636709377982701 1023
1740784322109 0.3633072668604718 1024
1740784322983 0.3633072668604718 1025
1740784326203 0.36294395959361136 1026
1740784328999 0.36258101563401773 1027
1740784332415 0.3622184346183837 1028
1740784335876 0.36185621618376534 1029
1740784339094 0.36149435996758156 1030
1740784342410 0.361132865607614 1031
1740784345693 0.36077173274200636 1032
1740784349063 0.36041096100926434 1033
1740784352381 0.3600505500482551 1034
1740784355866 0.35969049949820686 1035
1740784359399 0.3593308089987087 1036
1740784362642 0.35897147818971 1037
1740784366027 0.3586125067115203 1038
1740784369643 0.35825389420480874 1039
1740784373305 0.35789564031060395 1040
1740784376504 0.35753774467029337 1041
1740784379806 0.3571802069256231 1042
1740784383107 0.3568230267186975 1043
1740784386351 0.3564662036919788 1044
1740784389647 0.35610973748828684 1045
1740784392877 0.35575362775079855 1046
1740784396345 0.35539787412304774 1047
1740784399723 0.3550424762489247 1048
1740784402952 0.3546874337726758 1049
1740784406396 0.35433274633890316 1050
1740784409687 0.35397841359256427 1051
1740784413010 0.3536244351789717 1052
1740784416327 0.35327081074379274 1053
1740784419630 0.352917539933049 1054
1740784423243 0.3525646223931159 1055
1740784426496 0.3522120577707228 1056
1740784429944 0.3518598457129521 1057
1740784433309 0.35150798586723914 1058
1740784437035 0.3511564778813719 1059
1740784441040 0.3508053214034905 1060
1740784444452 0.35045451608208705 1061
1740784447849 0.350104061566005 1062
1740784451211 0.349753957504439 1063
