1740780880648 0.11393934053679307 0
1740780883882 0.018396472632884978 1
1740780887156 0.0031005807779729364 2
1740780890454 0.0010555620712693781 3
1740780893896 0.001449678677599877 4
1740780897287 0.0014617509150411934 5
1740780900580 0.0010029646172188223 6
1740780903711 0.0012139687372837217 7
1740780906988 0.0009703826194163412 8
1740780910518 0.0008043040358461439 9
1740780913879 0.0009545127465389668 10
1740780917097 0.0009898438793607056 11
1740780920248 0.0011717642389703542 12
1740780923477 0.001641973634250462 13
1740780926667 0.0024210336816031484 14
1740780930127 0.0010029288858640938 15
1740780933460 0.00098452995182015 16
1740780936804 0.0020327867014566436 17
1740780940150 0.001674949221778661 18
1740780943238 0.001963295944733545 19
1740780946483 0.0011708498082589358 20
1740780949855 0.0012932145659578964 21
1740780953167 0.0010438150761183352 22
1740780956356 0.0009524437988875433 23
1740780959532 0.0031261703337077053 24
1740780962825 0.0010881377197802067 25
1740780965926 0.002612529033794999 26
1740780969137 0.001876016283640638 27
1740780972467 0.002264001583098434 28
1740780975609 0.0019046279916074126 29
1740780978833 0.0016747770371148363 30
1740780982101 0.0012265796307474376 31
1740780985420 0.0011522376828361303 32
1740780988645 0.001020622350042686 33
1740780991980 0.0018186877190601082 34
1740780995146 0.0017010227649006992 35
1740780998491 0.0007073405233677477 36
1740781001793 0.002207830279949121 37
1740781005054 0.0032769820606335996 38
1740781008305 0.0010533021058654413 39
1740781011843 0.0010585120558971538 40
1740781015213 0.0011703490468789822 41
1740781018431 0.0011710447311634197 42
1740781021826 0.0019245591334765776 43
1740781025174 0.001171075263991952 44
1740781028500 0.003029584969044663 45
1740781031862 0.0019390110793756322 46
1740781035257 0.0013379925821209327 47
1740781038572 0.0013905391504522413 48
1740781041832 0.0027351065387483686 49
1740781045169 0.0016246509668417274 50
1740781048454 0.0013632190064527094 51
1740781051815 0.0014940493635367603 52
1740781055107 0.0021622665534960107 53
1740781058309 0.0029704905790276827 54
1740781061420 0.0025066673103719948 55
1740781064561 0.0017092190694529563 56
1740781067876 0.0020292180217802522 57
1740781071478 0.0029370585654396562 58
1740781074895 0.003442388273542747 59
1740781078402 0.0029702356189955027 60
1740781081910 0.0030852804030291735 61
1740781085320 0.0026613455766346305 62
1740781088610 0.0023548656702041624 63
1740781091992 0.0030453457753174006 64
1740781095285 0.0022791745723225176 65
1740781098622 0.0028252310934476555 66
1740781101948 0.0029760358633939177 67
1740781105269 0.0025920255191158505 68
1740781108518 0.0020510957227088513 69
1740781111966 0.0035029044281691315 70
1740781115182 0.0024878429854288697 71
1740781118525 0.003859452751930803 72
1740781121749 0.002456534451339394 73
1740781124926 0.0032712639984674753 74
1740781128165 0.00324213168816641 75
1740781131639 0.0023838063888251783 76
1740781134983 0.003842765176668763 77
1740781138142 0.002968431548215449 78
1740781141429 0.0031098326784558595 79
1740781144588 0.002577971173450351 80
1740781147730 0.001784412160050124 81
1740781151076 0.0030221279873512683 82
1740781154331 0.0024364352831616996 83
1740781157642 0.0019447217101696878 84
1740781160854 0.0036359095317311583 85
1740781164108 0.003786232725251466 86
1740781167441 0.0025579736893996596 87
1740781170660 0.0024614069517701863 88
1740781173949 0.0021565601613838226 89
1740781177244 0.0025443924707360564 90
1740781180523 0.0028413472417742015 91
1740781183766 0.0024823774071410297 92
1740781186878 0.0023067822807934135 93
1740781190017 0.0029383146134205162 94
1740781193352 0.001699612777447328 95
1740781196458 0.0020842708926647902 96
1740781199737 0.0031723347958177326 97
1740781202966 0.0044017826509661975 98
1740781206229 0.001632022876292467 99
1740781209464 0.003130365121178329 100
1740781212877 0.0023293251532595606 101
1740781216107 0.002358631119132042 102
1740781219512 0.0028149840096011757 103
1740781222713 0.0022362129692919553 104
1740781225854 0.00413897582795471 105
1740781229197 0.002362574067665264 106
1740781232605 0.0029343000985682013 107
1740781235912 0.003002416917588562 108
1740781239083 0.003874819895718247 109
1740781242407 0.0033711910620331763 110
1740781245699 0.0026117262500338257 111
1740781248923 0.002915297942236066 112
1740781252143 0.0021011666441336273 113
1740781255565 0.004288251720136031 114
1740781258809 0.0024688356881961224 115
1740781262111 0.0045971097331494095 116
1740781265434 0.002270104705821723 117
1740781268763 0.0028578842803835868 118
1740781272049 0.0027709573111496864 119
1740781275313 0.0019993828143924476 120
1740781278494 0.002455096549820155 121
1740781281795 0.00429262294084765 122
1740781285081 0.0018269496364519 123
1740781288340 0.0025050057331100105 124
1740781291580 0.004499815527815372 125
1740781294941 0.00202487749629654 126
1740781298076 0.0030693394131958486 127
1740781301191 0.003057177084265277 128
1740781304446 0.003116965015651658 129
1740781307667 0.0034498648601584136 130
1740781310855 0.00352691974141635 131
1740781314061 0.0017928987299092114 132
1740781317389 0.0028195694950409233 133
1740781320561 0.002406707921763882 134
1740781323725 0.004115925980731845 135
1740781326854 0.002503504443448037 136
1740781330038 0.0037550740619190035 137
1740781333103 0.004807196299079806 138
1740781336474 0.004742220791522414 139
1740781339961 0.005095402395818382 140
1740781343242 0.004758620638167486 141
1740781346504 0.004472991889342665 142
1740781349602 0.0039220487198326735 143
1740781353253 0.003502292626071721 144
1740781356663 0.004959346330724657 145
1740781359885 0.0029706333368085323 146
1740781363201 0.002904330347664654 147
1740781366344 0.004162127887830138 148
1740781369477 0.002721784510649741 149
1740781372675 0.004201946812681854 150
1740781376007 0.0025920016970485448 151
1740781379285 0.003858037516474724 152
1740781382741 0.0036871285969391466 153
1740781386062 0.0036422475799918175 154
1740781389408 0.0029644357529468833 155
1740781392562 0.0038389897742308675 156
1740781395763 0.003371603355044499 157
1740781398957 0.005847782474011183 158
1740781402093 0.004667339688166976 159
1740781405277 0.003304620257113129 160
1740781408462 0.003154271049425006 161
1740781411644 0.00331686889170669 162
1740781414743 0.005029260786250234 163
1740781418149 0.002390661966055632 164
1740781421355 0.004109123011585325 165
1740781424510 0.004659408129518852 166
1740781427622 0.003382772954646498 167
1740781430816 0.0024517999845556915 168
1740781434137 0.0032994848559610547 169
1740781437507 0.0052203907840885225 170
1740781440676 0.0017038396513089538 171
1740781443882 0.004091979285003617 172
1740781447148 0.00493736983044073 173
1740781450309 0.0024902600422501563 174
1740781453509 0.005052157952450216 175
1740781456857 0.0026018032478168605 176
1740781460194 0.0033019675011746585 177
1740781463378 0.00485497766523622 178
1740781466719 0.003793504491914064 179
1740781469969 0.005249689077027142 180
1740781473426 0.00249063391238451 181
1740781476888 0.00292196944123134 182
1740781480235 0.003363575550029054 183
1740781483474 0.003136771353892982 184
1740781486849 0.0039935652376152575 185
1740781490103 0.0027942702604923397 186
1740781493420 0.004862596848979593 187
1740781496565 0.004451042814180255 188
1740781499985 0.0023852370609529316 189
1740781503194 0.004826563341775909 190
1740781506545 0.004294814355671406 191
1740781509789 0.004498185047414154 192
1740781513146 0.003745662458240986 193
1740781516310 0.004222231502644717 194
1740781519793 0.004488855092786253 195
1740781523077 0.005928055404219776 196
1740781526203 0.004953440886456519 197
1740781529506 0.004521500458940864 198
1740781532778 0.0038004850852303208 199
1740781536205 0.004499201474245638 200
1740781539679 0.0026625310722738506 201
1740781543038 0.005828026760136709 202
1740781546147 0.0034961294871754946 203
1740781549266 0.004971278221346438 204
1740781552538 0.002621170878410339 205
1740781555879 0.002429127545328811 206
1740781559478 0.0032078287424519656 207
1740781562983 0.003485808039549738 208
1740781566212 0.005370366300921887 209
1740781569740 0.0046782111306674775 210
1740781573197 0.004133106390945614 211
1740781576442 0.004317647677380592 212
1740781579728 0.004259447690565139 213
1740781583344 0.004636309503111989 214
1740781586819 0.004035540018230676 215
1740781590077 0.004447137993993238 216
1740781593502 0.002117689943406731 217
1740781596823 0.0044078175514005126 218
1740781600246 0.0036808635317720473 219
1740781603678 0.003784247029107064 220
1740781607100 0.005122567242942751 221
1740781610410 0.005991966386791319 222
1740781613765 0.005518596381880343 223
1740781617267 0.003248416162095964 224
1740781620840 0.0051292589749209585 225
1740781624539 0.004021288268268109 226
1740781627959 0.006480157783953473 227
1740781631199 0.005235989820212126 228
1740781634366 0.005221146265976131 229
1740781637767 0.003986611240543425 230
1740781641271 0.004144766563549638 231
1740781644719 0.004273267055395991 232
1740781648005 0.003974986784160137 233
1740781651435 0.0037102722423151134 234
1740781654804 0.0022653301735408604 235
1740781658148 0.005077773365192115 236
1740781661303 0.0034864598233252764 237
1740781664539 0.003311767454724759 238
1740781668071 0.0056979497568681835 239
1740781671448 0.0053053699410520495 240
1740781674827 0.004537413546349853 241
1740781678359 0.00418738822452724 242
1740781681815 0.003071032993029803 243
1740781685176 0.004331240605097264 244
1740781688483 0.004357493026182055 245
1740781691660 0.004465954420156777 246
1740781694783 0.0035112018091604112 247
1740781698022 0.0034313651034608484 248
1740781701352 0.0032720410940237344 249
1740781704540 0.004091679195407778 250
1740781708147 0.0038752920855768024 251
1740781711694 0.0028295028838329016 252
1740781714988 0.0038363495795056225 253
1740781718229 0.0026636810414493086 254
1740781721595 0.0035704509215429424 255
1740781724803 0.004736928211059421 256
1740781728187 0.004109806892229244 257
1740781731434 0.003975394533481449 258
1740781734871 0.005018517710268498 259
1740781738196 0.003314490446355194 260
1740781741551 0.0025882296869531272 261
1740781744900 0.0026303124683909117 262
1740781748299 0.0024265076778829096 263
1740781751802 0.0019432810263242573 264
1740781754052 0.0037029752056696452 265
1740781757396 0.0030736887152306735 266
1740781760736 0.003644751877291128 267
1740781764265 0.002621921333484352 268
1740781767861 0.0028785453946329653 269
1740781771169 0.004360518103931099 270
1740781774421 0.003536310694180429 271
1740781777809 0.0028944986732676627 272
1740781781216 0.003657824718393385 273
1740781784422 0.004992633701767772 274
1740781787646 0.0048480018868576735 275
1740781791135 0.0034383588191121816 276
1740781794550 0.0026483693928457796 277
1740781797761 0.00308807312278077 278
1740781800945 0.0039050590340048074 279
1740781804304 0.002347013883991167 280
1740781807679 0.0020642940525431187 281
1740781811195 0.0036545787751674653 282
1740781814467 0.0034305041842162608 283
1740781817892 0.0033118293341249227 284
1740781821147 0.002777577165979892 285
1740781824491 0.004107306867372245 286
1740781827780 0.004973589908331633 287
1740781831430 0.003197465839330107 288
1740781834897 0.001898920969106257 289
1740781838171 0.002601044913753867 290
1740781841826 0.0023676457279361786 291
1740781845272 0.0032908826763741674 292
1740781848627 0.004079023787053302 293
1740781851809 0.0037552635185420513 294
1740781855697 0.003359849986154586 295
1740781859191 0.002746081531513482 296
1740781862602 0.004267219679895788 297
1740781866076 0.0026144685759209095 298
1740781869345 0.0044015980651602145 299
1740781872680 0.0021506170579232275 300
1740781876164 0.002683904618024826 301
1740781879624 0.0031012091611046346 302
1740781883420 0.005313118600752204 303
1740781887127 0.003800434444565326 304
1740781890320 0.0030857163295149805 305
1740781893780 0.003654787677805871 306
1740781897155 0.0028018364869058132 307
1740781900608 0.0039028011541813613 308
1740781904010 0.003006564078386873 309
1740781907301 0.004488325035199523 310
1740781910734 0.002993783139390871 311
1740781913984 0.0046841989969834685 312
1740781917404 0.004100722812581808 313
1740781920966 0.0034017572482116522 314
1740781924651 0.003258231955114752 315
1740781928163 0.0026266500540077686 316
1740781931461 0.002687097748275846 317
1740781935184 0.003919609177391976 318
1740781938546 0.0030920315510593356 319
1740781941998 0.003770856377668679 320
1740781945284 0.004216724577127025 321
1740781948841 0.005573035515844822 322
1740781952378 0.005033176739234477 323
1740781955707 0.0031621287274174394 324
1740781958956 0.0036434107716195284 325
1740781962691 0.0035923503781668843 326
1740781966385 0.00499539117095992 327
1740781969897 0.0036339452280662954 328
1740781973539 0.004750400455668569 329
1740781976845 0.004003017712384462 330
1740781980055 0.0037762651150114834 331
1740781983463 0.0035926051484420894 332
1740781986636 0.003021137551404536 333
1740781990338 0.005106270767282694 334
1740781993692 0.0032234213256742807 335
1740781997058 0.0025682788831181825 336
1740782000201 0.0037522951734717935 337
1740782003523 0.0051489471003878864 338
1740782006857 0.004691352337831631 339
1740782010262 0.003990467351395637 340
1740782013408 0.0036729651503264902 341
1740782016782 0.0039264166727662085 342
1740782019942 0.005203925929963589 343
1740782020479 0.0 344
1740782023820 0.003538621130865067 345
1740782026971 0.0030279062502086163 346
1740782030410 0.0039003408001735806 347
1740782033807 0.004528426344040781 348
1740782034850 0.007392304297536611 349
1740782038408 0.002884666599566117 350
1740782042238 0.0031022026436403395 351
1740782045627 0.0029097828338854013 352
1740782048816 0.003069178673904389 353
1740782052045 0.004584556709742174 354
1740782055456 0.002723883370636031 355
1740782058682 0.005773787118960172 356
1740782062021 0.0038893861952237784 357
1740782065798 0.004297045010607689 358
1740782069309 0.0027251158095896242 359
1740782072623 0.002529980258550495 360
1740782076033 0.007133194683119654 361
1740782079330 0.004870779686607421 362
1740782082819 0.005961500522680581 363
1740782086236 0.003924482550937683 364
1740782089506 0.003063059209380299 365
1740782093277 0.004075599694624543 366
1740782096689 0.004129772589076311 367
1740782100119 0.0029234079617405464 368
1740782103739 0.005607837657444179 369
1740782105949 0.006009169284620189 370
1740782109324 0.0030091361212544144 371
1740782113078 0.0038089184230193497 372
1740782116532 0.004665736276656389 373
1740782119773 0.0032411944144405424 374
1740782123075 0.0029680285812355577 375
1740782127014 0.005872544075828046 376
1740782130429 0.003169417961034924 377
1740782134031 0.003849469939013943 378
1740782137887 0.004373962340177968 379
1740782141396 0.0022525300574488937 380
1740782145003 0.004585053519112989 381
1740782148751 0.004582926344592124 382
1740782152077 0.005554456056561321 383
1740782155716 0.0034898364369291813 384
1740782159461 0.00394537991960533 385
1740782162749 0.0030168623954523353 386
1740782166386 0.001991402980638668 387
1740782169727 0.004443407953367569 388
1740782173244 0.0027229958679527043 389
1740782176718 0.002732517698314041 390
1740782180071 0.0033135167916771026 391
1740782183627 0.00323023883625865 392
1740782186975 0.00414253595052287 393
1740782190441 0.002277864026837051 394
1740782193826 0.004314186335541308 395
1740782197018 0.004496991195483133 396
1740782200422 0.0024407404114026574 397
1740782203889 0.002720784127013758 398
1740782207032 0.0032765377894975246 399
1740782210447 0.005230704054702074 400
1740782214322 0.002055314313620329 401
1740782217881 0.00440387328621 402
1740782221360 0.003971210673917085 403
1740782224695 0.006704474814468995 404
1740782228032 0.0055057480535469945 405
1740782231561 0.005441734420601279 406
1740782235309 0.005378193100914359 407
1740782238966 0.00471088383346796 408
1740782242194 0.00887186869746074 409
1740782245496 0.004411737006157637 410
1740782249393 0.006948040393181146 411
1740782253012 0.004712976914597675 412
1740782256343 0.004064968228340149 413
1740782259705 0.005934725883416831 414
1740782263016 0.007462650565430522 415
1740782266550 0.005307035448495299 416
1740782270190 0.005443747863173485 417
1740782273645 0.005370640535838902 418
1740782276905 0.006053837949875743 419
1740782280213 0.00498625781852752 420
1740782283530 0.003977132806321606 421
1740782287130 0.006307833082973957 422
1740782290777 0.004901280696503818 423
1740782294331 0.004605078557506204 424
1740782298141 0.004278749823570251 425
1740782301678 0.006990856360644102 426
1740782305149 0.006473730131983757 427
1740782308534 0.005957720726728439 428
1740782312007 0.0042264999542385336 429
1740782315633 0.006128747030161321 430
1740782318908 0.0049071063357405366 431
1740782322091 0.00471132900333032 432
1740782325728 0.005026085618883371 433
1740782329502 0.005897423252463341 434
1740782332758 0.009905852540396155 435
1740782336150 0.0044848109246231616 436
1740782339512 0.0050846511800773445 437
1740782342902 0.005598033608403057 438
1740782346232 0.005214383564889431 439
1740782349401 0.006059775520116091 440
1740782352717 0.005756552733946592 441
1740782355990 0.006698734485544264 442
1740782359194 0.008659333761315793 443
1740782362421 0.006909633297473192 444
1740782366048 0.005553582748398185 445
1740782369841 0.007024466928560287 446
1740782373038 0.003944585253484547 447
1740782376233 0.005178397037088871 448
1740782380080 0.005431813320610672 449
1740782383680 0.005003639080096036 450
1740782386942 0.006881675361655653 451
1740782390461 0.004105724184773863 452
1740782394103 0.0057877541286870835 453
1740782397521 0.007521026332397014 454
1740782401027 0.0050266008474864066 455
1740782404473 0.005150186540558935 456
1740782407718 0.006588111585006118 457
1740782411305 0.007457220094511286 458
1740782414834 0.00620428906287998 459
1740782418139 0.007046487210318446 460
1740782421461 0.004812786353286355 461
1740782424768 0.004355328653473407 462
1740782427985 0.006053529090713709 463
1740782431700 0.0053596873092465105 464
1740782435009 0.006861724702175707 465
1740782438254 0.006448852375615388 466
1740782441800 0.007897611656226218 467
1740782445255 0.0048606292228214444 468
1740782448612 0.00621618842240423 469
1740782451986 0.005996949682012201 470
1740782455827 0.006470611146651209 471
1740782459466 0.009293287268374115 472
1740782462634 0.007521808124147355 473
1740782465936 0.005930632778909057 474
1740782469360 0.00726611141115427 475
1740782472862 0.008475702293217181 476
1740782476045 0.007119705399964005 477
1740782479169 0.006387499198317528 478
1740782482532 0.00873643568251282 479
1740782485826 0.00820898345671594 480
1740782489015 0.0054515442717820405 481
1740782492537 0.007414002032019198 482
1740782495995 0.007813363703899085 483
1740782499666 0.006698547983542085 484
1740782503168 0.007473591116722673 485
1740782506540 0.007058610054664314 486
1740782509762 0.009690952734090388 487
1740782513059 0.007965875365771353 488
1740782516362 0.004362407471053303 489
1740782519700 0.007635726630687714 490
1740782523111 0.0062077208235859875 491
1740782526480 0.006957716587930918 492
1740782529708 0.007508720513433218 493
1740782533022 0.0067974908370524645 494
1740782536753 0.006620171067770571 495
1740782540052 0.006260014548897744 496
1740782543334 0.010168296052142978 497
1740782546595 0.004945134890731424 498
1740782549954 0.007539553330279887 499
1740782553229 0.007190591567195952 500
1740782556599 0.007933079171925784 501
1740782559871 0.006150612072087824 502
1740782563706 0.006164369171019643 503
1740782567046 0.0077522520674392584 504
1740782570408 0.006983655602671206 505
1740782573828 0.006883002566173673 506
1740782577211 0.0073136438615620135 507
1740782580607 0.007620652341283857 508
1740782583992 0.005718989274464547 509
1740782587184 0.007226790927816183 510
1740782590600 0.006777912110555917 511
1740782593878 0.004213566009420902 512
1740782597320 0.006214690743945539 513
1740782600639 0.0038070336962118746 514
1740782604613 0.005398891584482044 515
1740782608194 0.004475714187137782 516
1740782611429 0.0048534726118668915 517
1740782614813 0.007262758885044605 518
1740782618222 0.0033767081471160055 519
1740782622558 0.004451245405944064 520
1740782625810 0.006329798202496022 521
1740782628958 0.007877488634549082 522
1740782632409 0.006803965310100466 523
1740782635593 0.006615737534593791 524
1740782638762 0.0052654229360632595 525
1740782642485 0.006355043798685074 526
1740782645716 0.006983832446858287 527
1740782649005 0.006434766976162791 528
1740782652374 0.006090209749527275 529
1740782656037 0.00486178042832762 530
1740782659268 0.006448171003721654 531
1740782662504 0.005854111413937062 532
1740782665730 0.008226670268923044 533
1740782669623 0.003455722528742626 534
1740782672947 0.003873684478458017 535
1740782676347 0.005849818531423807 536
1740782679680 0.007724724682047963 537
1740782683306 0.005144336959347129 538
1740782686977 0.0055678282398730515 539
1740782690300 0.006485185385681689 540
1740782693913 0.004539569786284119 541
1740782697202 0.004290699476841837 542
1740782700636 0.00766898290719837 543
1740782703967 0.004628627812489867 544
1740782704606 0.00849576573818922 545
1740782708179 0.005971345123834908 546
1740782711400 0.007759683392941951 547
1740782714771 0.0063560614781454205 548
1740782717997 0.006788122241850943 549
1740782721322 0.007347975394222886 550
1740782724654 0.006994175361469388 551
1740782727850 0.007358217725995928 552
1740782731211 0.00689254894386977 553
1740782734873 0.003792665502987802 554
1740782738174 0.005907112336717546 555
1740782741443 0.006028521321713925 556
1740782744578 0.004572110562585294 557
1740782748460 0.004901299462653696 558
1740782751848 0.009221878321841358 559
1740782755080 0.007343740053474903 560
1740782758316 0.005768108242191375 561
1740782762028 0.00774851911701262 562
1740782765830 0.0047936337138526144 563
1740782769229 0.005502511939266696 564
1740782772684 0.010041601350530982 565
1740782776447 0.008448622240684926 566
1740782780077 0.008202247833833099 567
1740782783405 0.008440819343086332 568
1740782786552 0.0052187155187129975 569
1740782790170 0.009327492201700807 570
1740782793478 0.00757585178129375 571
1740782796955 0.007284754198044538 572
1740782800153 0.007201582719571889 573
1740782803773 0.006757098576053977 574
1740782807083 0.006600389098748565 575
1740782810528 0.008087496054358781 576
1740782813803 0.008089297446422278 577
1740782817105 0.004838655460625887 578
1740782820355 0.00644950364716351 579
1740782823682 0.007847204124554991 580
1740782827061 0.008099354286678136 581
1740782830241 0.0052212099265307186 582
1740782833562 0.009460233296267688 583
1740782837090 0.0060767535376362505 584
1740782840502 0.006219535805284977 585
1740782843777 0.005332175355870277 586
1740782847020 0.00828920941799879 587
1740782850320 0.007477390442509204 588
1740782853834 0.00827728007454425 589
1740782857071 0.0068202138924971225 590
1740782860426 0.007362996998708695 591
1740782863755 0.009447926245629788 592
1740782867001 0.007911955751478673 593
1740782872179 0.008386693694628775 594
1740782875437 0.008952970735263079 595
1740782879161 0.009077742416411638 596
1740782882634 0.006250944740604609 597
1740782885899 0.008405391820706426 598
1740782889274 0.006618234957568347 599
1740782892573 0.0068741755117662255 600
1740782895796 0.008873844479676336 601
1740782899067 0.008220482454635202 602
1740782902560 0.006816111153457313 603
1740782905963 0.009080328070558608 604
1740782910366 0.009270056933164596 605
1740782913717 0.00844348959159106 606
1740782917219 0.005621231687255204 607
1740782920523 0.006885590748861432 608
1740782923792 0.009330396899022162 609
1740782927108 0.009287992659956217 610
1740782929991 0.007313863825402223 611
1740782933367 0.009436013801023364 612
1740782936546 0.008752411920577288 613
1740782939951 0.00994592078961432 614
1740782943235 0.008524218131788075 615
1740782943779 0.005045030731707811 616
1740782947109 0.006760121828410775 617
1740782950607 0.008559023248963057 618
1740782951680 0.009382901107892394 619
1740782955246 0.007157138581387699 620
1740782958650 0.007175784052815288 621
1740782962017 0.007988360717426986 622
1740782963662 0.009303761017508804 623
1740782966911 0.006509299073368311 624
1740782970392 0.008963272524997592 625
1740782973737 0.008560970281250775 626
1740782977250 0.006315273747313768 627
1740782980564 0.011034841081127525 628
1740782983945 0.009198749056085944 629
1740782987302 0.012567784981802105 630
1740782990625 0.011588207818567753 631
1740782991169 0.0 632
1740782994771 0.008900581994093954 633
1740782998141 0.008480276698246598 634
1740783001378 0.010179062178358435 635
1740783004562 0.010750351501628756 636
1740783007850 0.009045439437031746 637
1740783011041 0.010003342046402394 638
1740783014755 0.009630215712822974 639
1740783018449 0.009468970661982894 640
1740783021806 0.009347537150606513 641
1740783025071 0.006444402961060405 642
1740783028686 0.009125600876286626 643
1740783032332 0.007499500820413232 644
1740783035569 0.0088245515874587 645
1740783039465 0.010352748152799905 646
1740783042623 0.006058523021638393 647
1740783046104 0.008439413914456963 648
1740783049544 0.012022897959686816 649
1740783053183 0.007310244464315474 650
1740783056736 0.008871974027715623 651
1740783060231 0.010305444931145758 652
1740783063612 0.007618410696741193 653
1740783066873 0.008465767591260373 654
1740783070218 0.007257640098687262 655
1740783073478 0.006748132931534201 656
1740783076654 0.007531173888128251 657
1740783080102 0.008937211823649704 658
1740783083345 0.007509930916130543 659
1740783086816 0.007310132756829262 660
1740783090217 0.005606234990991652 661
1740783093601 0.005114368982613087 662
1740783096767 0.006650263285264373 663
1740783100446 0.006332731752190739 664
1740783103671 0.007770692063495517 665
1740783106918 0.008697752724401653 666
1740783110151 0.008836158001795411 667
1740783113516 0.008710713470354675 668
1740783116940 0.007482045628130436 669
1740783120189 0.005698514762334525 670
1740783123672 0.006657377281226218 671
1740783126909 0.006701113202143461 672
1740783130521 0.007688874397426843 673
1740783133852 0.00814092586748302 674
1740783137230 0.008155459109693765 675
1740783140459 0.009378028134815395 676
1740783144062 0.007790888398885727 677
1740783147294 0.0066419972712174055 678
1740783150540 0.007108785579912364 679
1740783153753 0.006158448164351285 680
1740783157223 0.010085429814644158 681
1740783160564 0.009122592257335782 682
1740783164003 0.008771532978862524 683
1740783167332 0.008815889940597116 684
1740783170877 0.007029494284652173 685
1740783174645 0.008966427366249263 686
1740783177998 0.008849883687216788 687
1740783181359 0.006579287685453892 688
1740783184893 0.008857553631532938 689
1740783188128 0.00943900028243661 690
1740783191369 0.01393034979235381 691
1740783194671 0.010926712565124034 692
1740783197923 0.009964378913864494 693
1740783201592 0.008285700490232558 694
1740783204916 0.007556855580769479 695
1740783208210 0.009150024885311723 696
1740783211607 0.006662985500879586 697
1740783214938 0.00660771886119619 698
1740783218361 0.009429254590068013 699
1740783221582 0.008435385427437722 700
1740783224717 0.00914382042363286 701
1740783228486 0.009004729613661767 702
1740783231831 0.009429687771480531 703
1740783235270 0.006307184607721865 704
1740783238583 0.00804854488465935 705
1740783242389 0.00760817542206496 706
1740783246076 0.007668706052936613 707
1740783249458 0.006774078398011625 708
1740783252957 0.006226080157794058 709
1740783256984 0.010830091824755073 710
1740783260291 0.008409079345874489 711
1740783264035 0.007208055602386593 712
1740783267476 0.009567386875860394 713
1740783271161 0.008684234428219497 714
1740783274406 0.0075758360978215936 715
1740783277727 0.007842706833034754 716
1740783281075 0.0067418874055147175 717
1740783284772 0.010382574484683573 718
1740783288285 0.00876330659724772 719
1740783291594 0.006584077281877399 720
1740783295320 0.006680599176324904 721
1740783298739 0.01121057337615639 722
1740783302177 0.01087942408863455 723
1740783305413 0.010100866267457605 724
1740783308904 0.006279705432243645 725
1740783312340 0.007278338111937046 726
1740783315725 0.006059608377981931 727
1740783316922 0.004681594398183127 728
1740783320252 0.007817227905616165 729
1740783323537 0.006364859156310559 730
1740783326932 0.008101365081965923 731
1740783330160 0.007490556319244206 732
1740783333388 0.006486499407328665 733
1740783336584 0.008112318823114037 734
1740783340194 0.010064534521661698 735
1740783343835 0.008691124278120696 736
1740783345709 0.009137160513394823 737
1740783349026 0.010871180947870016 738
1740783353285 0.00574377404525876 739
1740783356574 0.005403945134021342 740
1740783359750 0.009076197588583454 741
1740783363024 0.008919851644895971 742
1740783366309 0.008078638035804032 743
1740783369657 0.008282148945145309 744
1740783372873 0.010716301044449211 745
1740783376158 0.007903358545154332 746
1740783379779 0.010968008041381837 747
1740783383484 0.008486739457584918 748
1740783386774 0.008089435561560094 749
1740783390150 0.008301474647596478 750
1740783393604 0.008867741064168513 751
1740783396884 0.008379027568735183 752
1740783400368 0.008065854622982442 753
1740783403642 0.008523351503536105 754
1740783406944 0.00901458902284503 755
1740783410262 0.007502255674917251 756
1740783413875 0.010385004687123 757
1740783417132 0.009782210439443589 758
1740783420795 0.007690020576119423 759
1740783424223 0.010729273669421674 760
1740783427624 0.010037194774486124 761
1740783431278 0.009363279724493623 762
1740783434476 0.008074208016041666 763
1740783437727 0.011169756185263396 764
1740783441249 0.00943342475220561 765
1740783444505 0.013043237514793873 766
1740783448135 0.010967553667724133 767
1740783451507 0.01127635145559907 768
1740783454925 0.013728318875655532 769
1740783455468 0.0 770
1740783459015 0.009173399908468128 771
1740783462286 0.010804687021300196 772
1740783466077 0.011025156998075545 773
1740783469727 0.010036968290805817 774
1740783473103 0.007830728145781904 775
1740783476347 0.011237806975841522 776
1740783479939 0.012781143505126238 777
1740783483192 0.012206868845969438 778
1740783486600 0.009451944152824581 779
1740783490083 0.013211781401187181 780
1740783493744 0.012827024068683386 781
1740783497019 0.007016494036652148 782
1740783500433 0.01164252657443285 783
1740783503993 0.011278348844498395 784
1740783507397 0.009721524426713585 785
1740783510796 0.010168319894000888 786
1740783514035 0.012632454144768417 787
1740783517352 0.01157004088163376 788
1740783521102 0.011178411096334457 789
1740783524686 0.008629929581657052 790
1740783528457 0.009519277007784694 791
1740783531723 0.009314516666345298 792
1740783535050 0.014190911948680877 793
1740783538302 0.01043712615966797 794
1740783541001 0.01112106308231459 795
1740783544339 0.010643212040886283 796
1740783547657 0.008551692147739232 797
1740783551465 0.00831136183347553 798
1740783554890 0.011158426948823035 799
1740783558253 0.010029608076438308 800
1740783561530 0.011120355697348714 801
1740783564988 0.012605085475370289 802
1740783568434 0.009324696278199554 803
1740783571786 0.01095999222714454 804
1740783575323 0.012554023638367653 805
1740783578704 0.009715819312259556 806
1740783582065 0.011536351358518004 807
1740783585620 0.010940095074474812 808
1740783589492 0.010374696576036513 809
1740783592910 0.010066211256198585 810
1740783596322 0.010638591281604022 811
1740783600103 0.009817608771845699 812
1740783603770 0.011329843578860164 813
1740783607221 0.012131715640425682 814
1740783610549 0.010602249829098583 815
1740783614290 0.01165470846928656 816
1740783618023 0.012684380998834968 817
1740783621255 0.013135802894830705 818
1740783624849 0.010438445415347814 819
1740783628027 0.01178837195970118 820
1740783631841 0.009385016867890955 821
1740783635177 0.011965377288870514 822
1740783638464 0.012727815257385373 823
1740783641820 0.012931096395477652 824
1740783645295 0.013846237435936928 825
1740783648770 0.01152876440435648 826
1740783652121 0.013187772873789073 827
1740783655653 0.010684939217753708 828
1740783656839 0.014385205150271455 829
1740783660047 0.01117981187067926 830
1740783663429 0.00917149219661951 831
1740783666726 0.014336890196427704 832
1740783670708 0.011868427731096745 833
1740783674297 0.010533168129622936 834
1740783677499 0.01045915492810309 835
1740783680753 0.010099908150732518 836
1740783684611 0.014172805924899876 837
1740783688019 0.010198279051110148 838
1740783691383 0.008935256339609622 839
1740783694802 0.010426355106756092 840
1740783698155 0.012417193464934827 841
1740783701498 0.011459302715957164 842
1740783705050 0.011259724227711558 843
1740783708515 0.011025979346595705 844
1740783711738 0.010315184984356164 845
1740783715137 0.013170926170423626 846
1740783718355 0.011913504512049257 847
1740783721512 0.012480568382889032 848
1740783725054 0.009752283687703311 849
1740783728386 0.010122977886348963 850
1740783731716 0.010509123660158366 851
1740783735309 0.007847391082905233 852
1740783738019 0.008097459260812578 853
1740783741688 0.011169926351867617 854
1740783745149 0.013430586387403309 855
1740783748678 0.010429638223722577 856
1740783752133 0.01225874976720661 857
1740783755730 0.012781451833434402 858
1740783759255 0.009189803660847247 859
1740783762771 0.010959009844809771 860
1740783766229 0.012462337110191584 861
1740783769577 0.011387772671878339 862
1740783772945 0.010020582522265613 863
1740783776251 0.009432716043666006 864
1740783779644 0.0073635549191385504 865
1740783783091 0.009306087233126164 866
1740783786890 0.01135604034177959 867
1740783790522 0.0113232465647161 868
1740783793847 0.006729066229891032 869
1740783797532 0.008248310312628746 870
1740783801210 0.010223418758250773 871
1740783804757 0.008814823955763131 872
1740783808204 0.012621419557835906 873
1740783811634 0.008794422736391425 874
1740783814970 0.010384311266243458 875
1740783818255 0.011111368900164962 876
1740783822115 0.011498231459408998 877
1740783825647 0.010027960711158811 878
1740783828968 0.007504792339168489 879
1740783832558 0.00925226157065481 880
1740783836138 0.007565719117410481 881
1740783839550 0.006728116199374199 882
1740783842756 0.009927263469435274 883
1740783846581 0.010331192500889302 884
1740783850085 0.007296377525199205 885
1740783853575 0.00945283502805978 886
1740783857771 0.007183329067192972 887
1740783861170 0.013459450900554656 888
1740783864829 0.010699200918897986 889
1740783868205 0.008617749842815102 890
1740783871395 0.009409252295736224 891
1740783874733 0.01030131780076772 892
1740783878046 0.010250481516122819 893
1740783881230 0.011246472545899451 894
1740783884672 0.009933435013517738 895
1740783887857 0.010500003313645721 896
1740783891096 0.01040147902444005 897
1740783894963 0.009025518158450723 898
1740783898616 0.011191570409573614 899
1740783901872 0.01112820418085903 900
1740783905133 0.010182079137302935 901
1740783908516 0.00981437944341451 902
1740783911888 0.011585243879817426 903
1740783915252 0.01304790547117591 904
1740783918608 0.009294654401019216 905
1740783922049 0.010064577320590615 906
1740783925216 0.008728766567073762 907
1740783929047 0.010697561912238598 908
1740783932543 0.010981855215504766 909
1740783935813 0.010805898802354932 910
1740783939033 0.011393975736573338 911
1740783942362 0.012998571018688381 912
1740783945685 0.012018174068070948 913
1740783949089 0.009920452130027116 914
1740783952480 0.010788361160084605 915
1740783955679 0.012424223884008824 916
1740783959117 0.008040323234163226 917
1740783962730 0.009099621311761438 918
1740783966211 0.010274465286638588 919
1740783969770 0.010205644122324884 920
1740783973098 0.010653123231604696 921
1740783976544 0.010380943627096713 922
1740783980009 0.011302269189618528 923
1740783983304 0.009785805272404104 924
1740783986572 0.011324998163618148 925
1740783989993 0.012705849995836616 926
1740783993387 0.01005841369740665 927
1740783996644 0.010652852430939674 928
1740783999802 0.013833958972245455 929
1740784002986 0.012352317199110984 930
1740784006301 0.011559421080164611 931
1740784009712 0.010654301040340215 932
1740784013626 0.012871028548106551 933
1740784018179 0.010067515149712563 934
1740784021356 0.012424804419279099 935
1740784022068 0.012168892659246922 936
1740784025649 0.011929283114150167 937
1740784028975 0.014198582507669926 938
1740784032401 0.01534875065088272 939
1740784035679 0.01090478390455246 940
1740784039467 0.016177025437355042 941
1740784042683 0.015577664249576628 942
1740784045958 0.015077994354069233 943
1740784049339 0.014370682374574244 944
1740784052961 0.010570859769359231 945
1740784056790 0.014338599517941475 946
1740784059934 0.013874171674251557 947
1740784063336 0.014844471206888556 948
1740784067015 0.011525404215790331 949
1740784070258 0.015206081504002213 950
1740784073612 0.011153606232255697 951
1740784076816 0.014806326171383262 952
1740784080131 0.012374647711403668 953
1740784083570 0.012890041752252729 954
1740784086906 0.014560054326429962 955
1740784090128 0.01477539691142738 956
1740784093309 0.01129058917518705 957
1740784096968 0.013299684873782098 958
1740784100345 0.014586126813665033 959
1740784103661 0.012152273654937745 960
1740784106960 0.01525337276980281 961
1740784110572 0.01541333869099617 962
1740784114271 0.013990337308496237 963
1740784118121 0.014819688713178038 964
1740784121746 0.010159709784202277 965
1740784125212 0.012539946530014277 966
1740784128607 0.013013630528002978 967
1740784131800 0.014202066268771886 968
1740784135075 0.01274205269291997 969
1740784138342 0.014201742187142373 970
1740784141787 0.012030621315352619 971
1740784145168 0.013588780211284757 972
1740784148464 0.013581081465817988 973
1740784151606 0.013194917840883136 974
1740784154772 0.013887788713909686 975
1740784158060 0.013687023473903537 976
1740784161420 0.0162473308108747 977
1740784164857 0.0120156779140234 978
1740784168533 0.017242887169122697 979
1740784171908 0.014153750711120665 980
1740784175206 0.01612849786877632 981
1740784178730 0.014550004173070192 982
1740784182571 0.014003769131377339 983
1740784187274 0.017010691929608582 984
1740784190819 0.013401874965056777 985
1740784194358 0.012268875543959439 986
1740784197608 0.013249210049398243 987
1740784200942 0.011906336965039373 988
1740784204282 0.012696451116353273 989
1740784207702 0.010057461354881525 990
1740784213273 0.013457557689398526 991
1740784216578 0.011170526943169534 992
1740784220111 0.012874726997688412 993
1740784223376 0.010261589307337999 994
1740784226625 0.011289617763832211 995
1740784230234 0.00996418266557157 996
1740784233499 0.011888603009283542 997
1740784236933 0.013494775164872408 998
1740784240228 0.011634651953354478 999
1740784243426 0.012977355159819126 1000
1740784246904 0.010704154064878822 1001
1740784250432 0.013978679031133652 1002
1740784254017 0.012460986361838877 1003
1740784254972 0.012748362496495247 1004
1740784258355 0.008150637000799179 1005
1740784261644 0.011525456747040152 1006
1740784265086 0.01130899382289499 1007
1740784268424 0.01324362462386489 1008
1740784271623 0.012454688702709972 1009
1740784275064 0.013995780851691961 1010
1740784278441 0.014120260924100876 1011
1740784281693 0.011787145230919123 1012
1740784284832 0.01346789407543838 1013
1740784288360 0.011637998074293136 1014
1740784291692 0.011655551460571588 1015
1740784295309 0.014692945387214423 1016
1740784298623 0.012753785466775297 1017
1740784301964 0.011223144736140967 1018
1740784305277 0.014533299393951893 1019
1740784308806 0.012530140988528728 1020
1740784312077 0.01159935588017106 1021
1740784315535 0.012406804976053535 1022
1740784318868 0.012036458440124988 1023
1740784322109 0.012174169544596224 1024
1740784322983 0.01104751881211996 1025
1740784326203 0.013978026118129492 1026
1740784328999 0.008150670699597825 1027
1740784332415 0.011685174810700118 1028
1740784335876 0.011809569457545877 1029
1740784339094 0.011057211682200432 1030
1740784342410 0.011805507391691207 1031
1740784345693 0.01345955703407526 1032
1740784349063 0.014599029170349241 1033
1740784352381 0.011668474646285176 1034
1740784355866 0.013276130370795726 1035
1740784359399 0.010765009857714176 1036
1740784362642 0.010257785324938595 1037
1740784366027 0.01579796646721661 1038
1740784369643 0.011583580458536745 1039
1740784373305 0.011752743273973465 1040
1740784376504 0.01234661334194243 1041
1740784379806 0.009828745028935373 1042
1740784383107 0.014078196696937084 1043
1740784386351 0.011876314468681813 1044
1740784389647 0.00887317636050284 1045
1740784392877 0.014478641105815768 1046
1740784396345 0.011758963838219642 1047
1740784399723 0.012998104356229305 1048
1740784402952 0.012232695948332548 1049
1740784406396 0.012781944265589118 1050
1740784409687 0.011911956761032343 1051
1740784413010 0.01513566255569458 1052
1740784416327 0.01264168712310493 1053
1740784419630 0.009461794216185808 1054
1740784423243 0.011093816868960858 1055
1740784426496 0.01080843135714531 1056
1740784429944 0.015494344644248486 1057
1740784433309 0.011508433986455202 1058
1740784437035 0.013669359642080962 1059
1740784441040 0.013754970738664269 1060
1740784444452 0.012138133358675987 1061
1740784447849 0.012615270931273698 1062
1740784451211 0.01037204816006124 1063
