1740780880648 0.04909696906449537 0
1740780883882 0.05113021595527877 1
1740780887156 0.046394671948867254 2
1740780890454 0.08826468681669301 3
1740780893896 0.05362132984307591 4
1740780897287 0.06258809156093936 5
1740780900580 0.09197152905457877 6
1740780903711 0.07165397938744941 7
1740780906988 0.09916111666024889 8
1740780910518 0.053202927840451136 9
1740780913879 0.13834536134143138 10
1740780917097 0.08828365887599851 11
1740780920248 0.11982783951046862 12
1740780923477 0.1069612167137315 13
1740780926667 0.07815912018355733 14
1740780930127 0.06100113828246473 15
1740780933460 0.0485960017744612 16
1740780936804 0.08220210880373219 17
1740780940150 0.09069313675347868 18
1740780943238 0.06274705882508998 19
1740780946483 0.07559880650888348 20
1740780949855 0.15616031892023047 21
1740780953167 0.10285510563088833 22
1740780956356 0.1345246112913925 23
1740780959532 0.11193170756768332 24
1740780962825 0.07774639834175028 25
1740780965926 0.08128121710907703 26
1740780969137 0.07495276123940264 27
1740780972467 0.15151248778049728 28
1740780975609 0.06202652039943907 29
1740780978833 0.06833785529462309 30
1740780982101 0.04477208213094856 31
1740780985420 0.0374506779195325 32
1740780988645 0.0803180660014076 33
1740780991980 0.046557187909094064 34
1740780995146 0.07190525740454584 35
1740780998491 0.06112349976794996 36
1740781001793 0.08701008309355489 37
1740781005054 0.08672775110849712 38
1740781008305 0.060804492652032326 39
1740781011843 0.07121371408985466 40
1740781015213 0.07242863097832394 41
1740781018431 0.06633696889171271 42
1740781021826 0.09394695643485824 43
1740781025174 0.09175516465131617 44
1740781028500 0.10763542240954269 45
1740781031862 0.12156040405290636 46
1740781035257 0.16265505135230893 47
1740781038572 0.05134294344576963 48
1740781041832 0.053517037876833325 49
1740781045169 0.08643834991588886 50
1740781048454 0.274739531547459 51
1740781051815 0.04664173734822007 52
1740781055107 0.0912024026840898 53
1740781058309 0.23628585887251435 54
1740781061420 0.05721548971307884 55
1740781064561 0.1755273817915889 56
1740781067876 0.07877744617633774 57
1740781071478 0.40117102898693086 58
1740781074895 0.07725983926723307 59
1740781078402 0.11614371111178061 60
1740781081910 0.04443973245570906 61
1740781085320 0.06179404507262792 62
1740781088610 0.03631855709655016 63
1740781091992 0.10653226976100118 64
1740781095285 0.09639869352968514 65
1740781098622 0.08091991952764609 66
1740781101948 0.06323318658826564 67
1740781105269 0.06421927458222043 68
1740781108518 0.1370996029837571 69
1740781111966 0.09209662036057428 70
1740781115182 0.09860525362368638 71
1740781118525 0.05586736131622584 72
1740781121749 0.05375059309896204 73
1740781124926 0.08103469275130067 74
1740781128165 0.08597134949446268 75
1740781131639 0.3182782042354742 76
1740781134983 0.043023023392927955 77
1740781138142 0.07326187846128336 78
1740781141429 0.07082257695017796 79
1740781144588 0.06313028108804725 80
1740781147730 0.08732775515251748 81
1740781151076 0.07505667962001385 82
1740781154331 0.07541155595273978 83
1740781157642 0.05108908466617443 84
1740781160854 0.05856024197802803 85
1740781164108 0.06472372417275919 86
1740781167441 0.11824787498270299 87
1740781170660 0.053990899279298364 88
1740781173949 0.045878164834455754 89
1740781177244 0.07164298286675749 90
1740781180523 0.11479441886808907 91
1740781183766 0.11071131764691679 92
1740781186878 0.1507186346014275 93
1740781190017 0.07730023184935121 94
1740781193352 0.08561498309261376 95
1740781196458 0.05633422953760225 96
1740781199737 0.10843311902126002 97
1740781202966 0.1116285149352522 98
1740781206229 0.045972416254352354 99
1740781209464 0.17139381675754226 100
1740781212877 0.1897222875406587 101
1740781216107 0.0768953800953536 102
1740781219512 0.06319062206742845 103
1740781222713 0.05748637113212484 104
1740781225854 0.07094717211165365 105
1740781229197 0.07456926729355928 106
1740781232605 0.1210776579525826 107
1740781235912 0.12020201630233757 108
1740781239083 0.12437213973780416 109
1740781242407 0.09252097930566276 110
1740781245699 0.07212132947673515 111
1740781248923 0.0752046694055751 112
1740781252143 0.12198688855318307 113
1740781255565 0.08275209531427553 114
1740781258809 0.09619453995150812 115
1740781262111 0.04101986942619042 116
1740781265434 0.18292425445901817 117
1740781268763 0.04562230917038158 118
1740781272049 0.14677360699152428 119
1740781275313 0.06727294309835102 120
1740781278494 0.08553745196765583 121
1740781281795 0.09244502002169874 122
1740781285081 0.07667395174393525 123
1740781288340 0.15919413312662467 124
1740781291580 0.0679292882463358 125
1740781294941 0.03660916766313595 126
1740781298076 0.083990369292182 127
1740781301191 0.09045475134797115 128
1740781304446 0.12100054269227423 129
1740781307667 0.11914244097468296 130
1740781310855 0.203279242078982 131
1740781314061 0.18099292453374868 132
1740781317389 0.09926953778171732 133
1740781320561 0.06695844334740436 134
1740781323725 0.1225636257691714 135
1740781326854 0.05655022098975095 136
1740781330038 0.35330786771090933 137
1740781333103 0.11268386572223632 138
1740781336474 0.23396446825019152 139
1740781339961 0.08742724985306277 140
1740781343242 0.07634277441419947 141
1740781346504 0.048933977565831406 142
1740781349602 0.10106230007307834 143
1740781353253 0.04462508331391839 144
1740781356663 0.10719347282410836 145
1740781359885 0.16809800845618156 146
1740781363201 0.05648747048777927 147
1740781366344 0.04688012745183943 148
1740781369477 0.06640379516761537 149
1740781372675 0.11267955648724463 150
1740781376007 0.08374987858349821 151
1740781379285 0.09162384887882245 152
1740781382741 0.14382454253601143 153
1740781386062 0.0867853450417725 154
1740781389408 0.06271783395453508 155
1740781392562 0.27498043095540275 156
1740781395763 0.1776434003467607 157
1740781398957 0.12064372445753 158
1740781402093 0.1204552304232036 159
1740781405277 0.093617932654618 160
1740781408462 0.11092512816418111 161
1740781411644 0.2654007652122981 162
1740781414743 0.07890422759191387 163
1740781418149 0.10650934974255938 164
1740781421355 0.19158013290037781 165
1740781424510 0.09024296364510073 166
1740781427622 0.04418559027712517 167
1740781430816 0.0770589655576291 168
1740781434137 0.0957272795907038 169
1740781437507 0.05523127310276192 170
1740781440676 0.137862217273911 171
1740781443882 0.08266788261654036 172
1740781447148 0.07805025574315733 173
1740781450309 0.08790018470312866 174
1740781453509 0.09007667415834834 175
1740781456857 0.03482524759600144 176
1740781460194 0.10047022202080398 177
1740781463378 0.05064872885342801 178
1740781466719 0.08823760378077945 179
1740781469969 0.11443937634521426 180
1740781473426 0.1670071798055644 181
1740781476888 0.16361338743677828 182
1740781480235 0.06709378632280194 183
1740781483474 0.0639616875521606 184
1740781486849 0.33515949390600097 185
1740781490103 0.1172124593585243 186
1740781493420 0.04008741395322958 187
1740781496565 0.10927971924830249 188
1740781499985 0.04197698271788381 189
1740781503194 0.04585799552751721 190
1740781506545 0.053061536221110164 191
1740781509789 0.048979492680982825 192
1740781513146 0.056496152211512676 193
1740781516310 0.06796746415924976 194
1740781519793 0.14656356304730325 195
1740781523077 0.15273132905501163 196
1740781526203 0.06963042144193758 197
1740781529506 0.044214593810765666 198
1740781532778 0.059279795367595665 199
1740781536205 0.03228621900786758 200
1740781539679 0.20501384951029814 201
1740781543038 0.10064237121027717 202
1740781546147 0.13402346337907498 203
1740781549266 0.09976840502477569 204
1740781552538 0.050683001962459076 205
1740781555879 0.036612241668565026 206
1740781559478 0.14474421557772355 207
1740781562983 0.07361323360027383 208
1740781566212 0.0923828648085699 209
1740781569740 0.06569887763438625 210
1740781573197 0.18861595089862127 211
1740781576442 0.09131726971128272 212
1740781579728 0.09288395220342177 213
1740781583344 0.10053961140245557 214
1740781586819 0.08096340247344297 215
1740781590077 0.06467426554106254 216
1740781593502 0.03564340042150518 217
1740781596823 0.12454274592003724 218
1740781600246 0.14305011113288174 219
1740781603678 0.4890512640564939 220
1740781607100 0.21802431316254367 221
1740781610410 0.12018894005759378 222
1740781613765 0.34482826396796684 223
1740781617267 0.09088676672972536 224
1740781620840 0.11510415968478876 225
1740781624539 0.062386518971370465 226
1740781627959 0.10291631292481572 227
1740781631199 0.0836820919407225 228
1740781634366 0.08353669059305618 229
1740781637767 0.04474296886392733 230
1740781641271 0.051667501232879734 231
1740781644719 0.06984207568187789 232
1740781648005 0.09433306522306373 233
1740781651435 0.07556688103360874 234
1740781654804 0.07489494894099999 235
1740781658148 0.0640372727227484 236
1740781661303 0.08571727900327346 237
1740781664539 0.08650574767319194 238
1740781668071 0.08323890938044087 239
1740781671448 0.1694750189108598 240
1740781674827 0.14038604158220136 241
1740781678359 0.1210526120685633 242
1740781681815 0.10487880790313228 243
1740781685176 0.08641457057275082 244
1740781688483 0.17898845467720662 245
1740781691660 0.061595644297404405 246
1740781694783 0.06526519740359985 247
1740781698022 0.231901632727076 248
1740781701352 0.057249454059869115 249
1740781704540 0.0671781443808262 250
1740781708147 0.13939335557917334 251
1740781711694 0.09175296057553291 252
1740781714988 0.12008107686890038 253
1740781718229 0.04403475176980854 254
1740781721595 0.23800466485520633 255
1740781724803 0.10762857713341209 256
1740781728187 0.07265465654068044 257
1740781731434 0.0907982968325477 258
1740781734871 0.09474167818064474 259
1740781738196 0.04262834399501567 260
1740781741551 0.13477856894888898 261
1740781744900 0.11569858344016853 262
1740781748299 0.06725207843231923 263
1740781751802 0.04274071979067355 264
1740781754052 0.401544235048605 265
1740781757396 0.13785438053016297 266
1740781760736 0.12474892538555846 267
1740781764265 0.13793790482118548 268
1740781767861 0.24367732103369685 269
1740781771169 0.21914874397420125 270
1740781774421 0.08475516749249207 271
1740781777809 0.14487217892152787 272
1740781781216 0.0750463734522146 273
1740781784422 0.07773063070248754 274
1740781787646 0.19686362723476883 275
1740781791135 0.06848135048758673 276
1740781794550 0.13458396262412678 277
1740781797761 0.07998177543390293 278
1740781800945 0.15811430966192577 279
1740781804304 0.0636932819530474 280
1740781807679 0.10126307689946595 281
1740781811195 0.051625846411791805 282
1740781814467 0.0935409216869212 283
1740781817892 0.23326594024733255 284
1740781821147 0.06644308049619002 285
1740781824491 0.09855622265640106 286
1740781827780 0.05752110948975386 287
1740781831430 0.043898322611640346 288
1740781834897 0.11585175843966944 289
1740781838171 0.2423306935103592 290
1740781841826 0.07393180828524677 291
1740781845272 0.06470114232089082 292
1740781848627 0.05069570063565311 293
1740781851809 0.2697778658588279 294
1740781855697 0.046833616027572404 295
1740781859191 0.13282680400828797 296
1740781862602 0.12508591589813214 297
1740781866076 0.11301306946206374 298
1740781869345 0.10237213712027574 299
1740781872680 0.22664907036715484 300
1740781876164 0.10285250268587603 301
1740781879624 0.21057863849745043 302
1740781883420 0.053798368131898276 303
1740781887127 0.08158704872686547 304
1740781890320 0.044017164317860534 305
1740781893780 0.07575251719036111 306
1740781897155 0.07672235938774986 307
1740781900608 0.0804666328248145 308
1740781904010 0.05244750035923609 309
1740781907301 0.05294975558446509 310
1740781910734 0.08813355891548096 311
1740781913984 0.1351221669774989 312
1740781917404 0.09507211633035367 313
1740781920966 0.05512846705113557 314
1740781924651 0.048319072649470565 315
1740781928163 0.04049908520411082 316
1740781931461 0.12218025436314113 317
1740781935184 0.09972306164776595 318
1740781938546 0.05073906761617807 319
1740781941998 0.3744314091595314 320
1740781945284 0.2973861518714828 321
1740781948841 0.1204864149792216 322
1740781952378 0.040440792991702744 323
1740781955707 0.035044702756980184 324
1740781958956 0.055711725459208036 325
1740781962691 0.07650499630715432 326
1740781966385 0.09367180548536982 327
1740781969897 0.05061478174830074 328
1740781973539 0.10803331612662743 329
1740781976845 0.08418413996722009 330
1740781980055 0.07796985151176186 331
1740781983463 0.0891523423457288 332
1740781986636 0.1323588450657922 333
1740781990338 0.0504782823921343 334
1740781993692 0.05755762160454919 335
1740781997058 0.09773020763611788 336
1740782000201 0.12918359591648043 337
1740782003523 0.12661827537210746 338
1740782006857 0.18242927805788495 339
1740782010262 0.10263817202737402 340
1740782013408 0.09924090563441103 341
1740782016782 0.08517394855787956 342
1740782019942 0.10663891162360509 343
1740782020479 1.0331229252736074 344
1740782023820 0.11339943834019174 345
1740782026971 0.09023662099258097 346
1740782030410 0.0604236301857249 347
1740782033807 0.14766154420103253 348
1740782034850 0.4974613235386437 349
1740782038408 0.10487716946454329 350
1740782042238 0.03719746625932887 351
1740782045627 0.07376470041911179 352
1740782048816 0.059073712976660094 353
1740782052045 0.07170742017194283 354
1740782055456 0.11257411167614816 355
1740782058682 0.052422347525096696 356
1740782062021 0.07275331361378481 357
1740782065798 0.3619254529283635 358
1740782069309 0.11084784804468746 359
1740782072623 0.08678919483310747 360
1740782076033 0.08702526845321384 361
1740782079330 0.11566887485662689 362
1740782082819 0.09741209034418281 363
1740782086236 0.08600557234357253 364
1740782089506 0.11806036177351213 365
1740782093277 0.06660923347950032 366
1740782096689 0.12319469773436932 367
1740782100119 0.39443434153029533 368
1740782103739 0.050107602014504024 369
1740782105949 0.1642018302987339 370
1740782109324 0.06357491380686428 371
1740782113078 0.060685189455624976 372
1740782116532 0.10887505961499315 373
1740782119773 0.10164059359420059 374
1740782123075 0.11548489170751873 375
1740782127014 0.08486649359759832 376
1740782130429 0.08279041992602133 377
1740782134031 0.033392157702996944 378
1740782137887 0.042463896411532344 379
1740782141396 0.13500671800613168 380
1740782145003 0.20225655788987892 381
1740782148751 0.08950107824856075 382
1740782152077 0.06976931401528723 383
1740782155716 0.07860922376545469 384
1740782159461 0.1319967254861684 385
1740782162749 0.11976162544128802 386
1740782166386 0.04148138807732404 387
1740782169727 0.06776921883217829 388
1740782173244 0.10978706408165685 389
1740782176718 0.09298355178212034 390
1740782180071 0.09288143335187128 391
1740782183627 0.03662793073079836 392
1740782186975 0.15426528619466118 393
1740782190441 0.08316467775827252 394
1740782193826 0.08159743427786915 395
1740782197018 0.0553656754764874 396
1740782200422 0.3164364614948132 397
1740782203889 0.14075750435725515 398
1740782207032 0.12955398030233123 399
1740782210447 0.13804387151201372 400
1740782214322 0.046170300308669414 401
1740782217881 0.4412448984181495 402
1740782221360 0.11202131650596264 403
1740782224695 0.1311049062081959 404
1740782228032 0.04833650086164115 405
1740782231561 0.12275998270507155 406
1740782235309 0.06814170412671931 407
1740782238966 0.07860887693978906 408
1740782242194 0.23311793959122656 409
1740782245496 0.06621317893029159 410
1740782249393 0.06057814745385048 411
1740782253012 0.0968830107036169 412
1740782256343 0.2565151788217957 413
1740782259705 0.17748218157443124 414
1740782263016 0.058605563066482194 415
1740782266550 0.0727252009078307 416
1740782270190 0.1533709154180793 417
1740782273645 0.04907717234991014 418
1740782276905 0.05789893202551701 419
1740782280213 0.26073861420273403 420
1740782283530 0.10844988845757428 421
1740782287130 0.21484254572163827 422
1740782290777 0.1752414546423961 423
1740782294331 0.19664547129215004 424
1740782298141 0.051218524472500915 425
1740782301678 0.07888330914512379 426
1740782305149 0.09208104541632549 427
1740782308534 0.13801149259003362 428
1740782312007 0.06750339968916791 429
1740782315633 0.05293949681319419 430
1740782318908 0.0649908418499945 431
1740782322091 0.20742325555450275 432
1740782325728 0.27583743047626125 433
1740782329502 0.04261476421112886 434
1740782332758 0.0366339728738552 435
1740782336150 0.06472744145654297 436
1740782339512 0.2815697742423571 437
1740782342902 0.05011680470840127 438
1740782346232 0.04812278606329962 439
1740782349401 0.230102416256728 440
1740782352717 0.05545998220961708 441
1740782355990 0.11056116538265583 442
1740782359194 0.08264554019170185 443
1740782362421 0.047853323774496595 444
1740782366048 0.042068333440474934 445
1740782369841 0.11076564667943353 446
1740782373038 0.0443739912103346 447
1740782376233 0.1059736381149016 448
1740782380080 0.05221653199114724 449
1740782383680 0.11314125941576128 450
1740782386942 0.13984099156079094 451
1740782390461 0.03282886942278368 452
1740782394103 0.0752707240534994 453
1740782397521 0.10920773213206322 454
1740782401027 0.05386094915491349 455
1740782404473 0.37388449053312395 456
1740782407718 0.2151239255945012 457
1740782411305 0.12215677640607185 458
1740782414834 0.10640824534211629 459
1740782418139 0.15043343876784157 460
1740782421461 0.05361364390432428 461
1740782424768 0.10082888689551149 462
1740782427985 0.10252978938527217 463
1740782431700 0.12443456605444486 464
1740782435009 0.1620374118153544 465
1740782438254 0.1731010640847113 466
1740782441800 0.07588085780386056 467
1740782445255 0.12155999959973199 468
1740782448612 0.06248606991284514 469
1740782451986 0.050044582635226514 470
1740782455827 0.1531810187700994 471
1740782459466 0.053293465457927215 472
1740782462634 0.06631243603511243 473
1740782465936 0.1032525691047943 474
1740782469360 0.17362357879651036 475
1740782472862 0.2096398030748613 476
1740782476045 0.07902170577424845 477
1740782479169 0.08979784192725095 478
1740782482532 0.38919284395132403 479
1740782485826 0.17277886042065002 480
1740782489015 0.18220886968845856 481
1740782492537 0.1334111135322094 482
1740782495995 0.08591723966323288 483
1740782499666 0.08854428158175043 484
1740782503168 0.21966988214742586 485
1740782506540 0.12995593415147447 486
1740782509762 0.06880419263105836 487
1740782513059 0.1229199898215816 488
1740782516362 0.10222701921544287 489
1740782519700 0.0969119039533564 490
1740782523111 0.173711612175115 491
1740782526480 0.15916058290793925 492
1740782529708 0.09191443835361023 493
1740782533022 0.056354450110018536 494
1740782536753 0.12764737124899422 495
1740782540052 0.12619380321725607 496
1740782543334 0.06670127079032478 497
1740782546595 0.10925005320913492 498
1740782549954 0.08219639978270679 499
1740782553229 0.08023148961792623 500
1740782556599 0.18135180091706382 501
1740782559871 0.06864876134926978 502
1740782563706 0.21800025507040743 503
1740782567046 0.16089184143843613 504
1740782570408 0.03869196471699915 505
1740782573828 0.21917403804998373 506
1740782577211 0.09384644143152662 507
1740782580607 0.07122157962089301 508
1740782583992 0.03685139873221284 509
1740782587184 0.18974654698770707 510
1740782590600 0.13040630713127674 511
1740782593878 0.07444232911592602 512
1740782597320 0.17725256662132355 513
1740782600639 0.0364916185796553 514
1740782604613 0.1534207855469707 515
1740782608194 0.14156499686864468 516
1740782611429 0.3945411708950443 517
1740782614813 0.12398093888893627 518
1740782618222 0.1819480500988397 519
1740782622558 0.22101090512397664 520
1740782625810 0.26371065198716237 521
1740782628958 0.1085160882285414 522
1740782632409 0.09185539029369608 523
1740782635593 0.12258307062054177 524
1740782638762 0.03744764508854462 525
1740782642485 0.2520038685030544 526
1740782645716 0.1217527431036573 527
1740782649005 0.18968667559835392 528
1740782652374 0.05667020625705179 529
1740782656037 0.1267499280449923 530
1740782659268 0.05713367487903754 531
1740782662504 0.20448213344305288 532
1740782665730 0.14642157453901183 533
1740782669623 0.13931738558440734 534
1740782672947 0.06834384594446036 535
1740782676347 0.36759131527393296 536
1740782679680 0.06335280345204375 537
1740782683306 0.05602702923570781 538
1740782686977 0.052016193038907546 539
1740782690300 0.06899815684914923 540
1740782693913 0.09860763679635859 541
1740782697202 0.19582988449323557 542
1740782700636 0.09239025171009056 543
1740782703967 0.0598519022597736 544
1740782704606 1.1062744932614186 545
1740782708179 0.1617208183657514 546
1740782711400 0.07624551654651326 547
1740782714771 0.1389822139881775 548
1740782717997 0.09843576377622662 549
1740782721322 0.08906312664207724 550
1740782724654 0.10321644847485897 551
1740782727850 0.20089628494877623 552
1740782731211 0.08041620250102081 553
1740782734873 0.10655067869070786 554
1740782738174 0.05367438012393843 555
1740782741443 0.046882992009393554 556
1740782744578 0.19330757419491415 557
1740782748460 0.42982762997090973 558
1740782751848 0.3372571408379262 559
1740782755080 0.15624504616834317 560
1740782758316 0.039284020252808916 561
1740782762028 0.1899440028042161 562
1740782765830 0.11546585825181509 563
1740782769229 0.07046224910798812 564
1740782772684 0.21093555816020182 565
1740782776447 0.32519495170881085 566
1740782780077 0.06877521198525885 567
1740782783405 0.12663080144332917 568
1740782786552 0.03730225866514938 569
1740782790170 0.05096917625989543 570
1740782793478 0.06703637698510687 571
1740782796955 0.1505576445126529 572
1740782800153 0.27872734231321117 573
1740782803773 0.09291385839874103 574
1740782807083 0.10359809460591435 575
1740782810528 0.23411670226215645 576
1740782813803 0.0893246139738499 577
1740782817105 0.06491872132970217 578
1740782820355 0.07004796508660457 579
1740782823682 0.35442314927237467 580
1740782827061 0.04251980909100495 581
1740782830241 0.067907692113543 582
1740782833562 0.08365125734588418 583
1740782837090 0.09616662469122422 584
1740782840502 0.04244361623058519 585
1740782843777 0.07003210389790077 586
1740782847020 0.2593979411170666 587
1740782850320 0.26696081353255247 588
1740782853834 0.2578932690875054 589
1740782857071 0.1918897283094132 590
1740782860426 0.10223732852128692 591
1740782863755 0.07142178172562963 592
1740782867001 0.10443545784670753 593
1740782872179 0.5217763822661532 594
1740782875437 0.03499556042592679 595
1740782879161 0.2746333254194716 596
1740782882634 0.1879595127562039 597
1740782885899 0.05511756127894118 598
1740782889274 0.05500739744173045 599
1740782892573 0.042990223300380694 600
1740782895796 0.04761074101235449 601
1740782899067 0.12169855776006029 602
1740782902560 0.149974111639814 603
1740782905963 0.037368697497585986 604
1740782910366 0.45820718300880914 605
1740782913717 0.07786424968802899 606
1740782917219 0.1859499415787027 607
1740782920523 0.046886098025996345 608
1740782923792 0.09497754681529416 609
1740782927108 0.20136865697892528 610
1740782929991 0.3797063494324843 611
1740782933367 0.09409890591041653 612
1740782936546 0.043710413819205075 613
1740782939951 0.21070745828911222 614
1740782943235 0.03989169980925792 615
1740782943779 1.029084741593647 616
1740782947109 0.11013262145838237 617
1740782950607 0.17109544771743668 618
1740782951680 0.26401288726828537 619
1740782955246 0.052168655737020904 620
1740782958650 0.2789636499374076 621
1740782962017 0.06475192215713345 622
1740782963662 0.4587456769604096 623
1740782966911 0.07022396037424125 624
1740782970392 0.25683549816972834 625
1740782973737 0.04097035760547164 626
1740782977250 0.09135464449985531 627
1740782980564 0.1345610667813891 628
1740782983945 0.36128144602862633 629
1740782987302 0.09661845568146912 630
1740782990625 0.26015626784208873 631
1740782991169 1.0317557545319715 632
1740782994771 0.038469030025537074 633
1740782998141 0.07724623948219324 634
1740783001378 0.05106955833567776 635
1740783004562 0.04520272458020209 636
1740783007850 0.05891840178660012 637
1740783011041 0.06060445882003604 638
1740783014755 0.08200744859541861 639
1740783018449 0.04163804358595929 640
1740783021806 0.15499748557702714 641
1740783025071 0.31999068707904293 642
1740783028686 0.10483013088216753 643
1740783032332 0.19238400828246127 644
1740783035569 0.1721198209111224 645
1740783039465 0.07462865656925351 646
1740783042623 0.08047371672863482 647
1740783046104 0.08915078464346549 648
1740783049544 0.10271206213117948 649
1740783053183 0.04435761159476015 650
1740783056736 0.21882345186063618 651
1740783060231 0.09049295592322369 652
1740783063612 0.09330141534174591 653
1740783066873 0.14916754949378488 654
1740783070218 0.15621287168809303 655
1740783073478 0.09086805569045422 656
1740783076654 0.10679105578879897 657
1740783080102 0.17514704709778858 658
1740783083345 0.08975529442063465 659
1740783086816 0.11820330940342727 660
1740783090217 0.08027793467109955 661
1740783093601 0.06301336731440114 662
1740783096767 0.09917526985273534 663
1740783100446 0.13858501163773052 664
1740783103671 0.09011680439481624 665
1740783106918 0.11653211303986359 666
1740783110151 0.07185452011895685 667
1740783113516 0.2782433017418154 668
1740783116940 0.06837602934321983 669
1740783120189 0.08639337643933861 670
1740783123672 0.045465703094552085 671
1740783126909 0.21718624161648362 672
1740783130521 0.08601974348445297 673
1740783133852 0.09489447048915593 674
1740783137230 0.15948208857601623 675
1740783140459 0.09791533684764281 676
1740783144062 0.4285324646060114 677
1740783147294 0.045569910718517154 678
1740783150540 0.21921252175801545 679
1740783153753 0.03472539544661631 680
1740783157223 0.041542185561389534 681
1740783160564 0.08996557019385752 682
1740783164003 0.2148869866279783 683
1740783167332 0.24922323086491446 684
1740783170877 0.09531671408268558 685
1740783174645 0.39716145553630594 686
1740783177998 0.3140557168484432 687
1740783181359 0.15453406100712186 688
1740783184893 0.13526063342991138 689
1740783188128 0.06184333527907822 690
1740783191369 0.12129465830691545 691
1740783194671 0.059556251424957136 692
1740783197923 0.15676009275164035 693
1740783201592 0.13040014749249118 694
1740783204916 0.18196459807780305 695
1740783208210 0.15111916849702423 696
1740783211607 0.16935939842188874 697
1740783214938 0.29335171239021524 698
1740783218361 0.09036484330750563 699
1740783221582 0.0968252047672428 700
1740783224717 0.09574444885953928 701
1740783228486 0.09749431198384853 702
1740783231831 0.11685498945412544 703
1740783235270 0.2665487219327912 704
1740783238583 0.09774763947288992 705
1740783242389 0.2064605520532993 706
1740783246076 0.15060943524582032 707
1740783249458 0.11528417317592402 708
1740783252957 0.05001852722336553 709
1740783256984 0.14086058046406952 710
1740783260291 0.10135058147909733 711
1740783264035 0.34331076204668876 712
1740783267476 0.09641329697651005 713
1740783271161 0.06761513947494635 714
1740783274406 0.045737469791177425 715
1740783277727 0.3559455020748875 716
1740783281075 0.1332937372763337 717
1740783284772 0.1872453281707547 718
1740783288285 0.1108733115295089 719
1740783291594 0.07335417148958528 720
1740783295320 0.05341355173394953 721
1740783298739 0.3956814027667386 722
1740783302177 0.06809134597956991 723
1740783305413 0.045117632776356435 724
1740783308904 0.15736895223200134 725
1740783312340 0.1013780725358948 726
1740783315725 0.04308249332480729 727
1740783316922 0.3185001401768771 728
1740783320252 0.121245873840218 729
1740783323537 0.14478135089959557 730
1740783326932 0.10794895321591921 731
1740783330160 0.036362242919515814 732
1740783333388 0.044765168602418554 733
1740783336584 0.08853633422180054 734
1740783340194 0.12202527378604357 735
1740783343835 0.1162428161127203 736
1740783345709 0.1897045528677429 737
1740783349026 0.31870375098777787 738
1740783353285 0.38143607109766137 739
1740783356574 0.13134175468003478 740
1740783359750 0.1838718618491221 741
1740783363024 0.23287588294068837 742
1740783366309 0.05978492220129427 743
1740783369657 0.20054539528843082 744
1740783372873 0.08214786057013605 745
1740783376158 0.07531466194815592 746
1740783379779 0.31304829153793184 747
1740783383484 0.16442349581879998 748
1740783386774 0.2066250588794358 749
1740783390150 0.12141037540062928 750
1740783393604 0.3543547316665687 751
1740783396884 0.08346914423805131 752
1740783400368 0.167080244925908 753
1740783403642 0.06908970678478686 754
1740783406944 0.23195712356080733 755
1740783410262 0.1482794131148389 756
1740783413875 0.13820244930341424 757
1740783417132 0.11162108942586822 758
1740783420795 0.15221747127067753 759
1740783424223 0.358229129278366 760
1740783427624 0.45340313205671734 761
1740783431278 0.24741983029123094 762
1740783434476 0.038165527957818426 763
1740783437727 0.3599769575800332 764
1740783441249 0.07521796441501569 765
1740783444505 0.07228348246149371 766
1740783448135 0.10610234109046132 767
1740783451507 0.4602364958808064 768
1740783454925 0.12067900515921103 769
1740783455468 1.031243091357845 770
1740783459015 0.1381924499603542 771
1740783462286 0.07831821404704532 772
1740783466077 0.1695694234315023 773
1740783469727 0.1453697998520007 774
1740783473103 0.04419308737508997 775
1740783476347 0.2233472772281412 776
1740783479939 0.14079629631376797 777
1740783483192 0.12380684946685572 778
1740783486600 0.12954264727092812 779
1740783490083 0.12787626111557018 780
1740783493744 0.16229445041718113 781
1740783497019 0.46984347677410965 782
1740783500433 0.13958199524333906 783
1740783503993 0.1500227528640217 784
1740783507397 0.11069958632675746 785
1740783510796 0.23378530586891771 786
1740783514035 0.08753681561736223 787
1740783517352 0.1023880270248743 788
1740783521102 0.2569610072855465 789
1740783524686 0.14293735495310253 790
1740783528457 0.06889992804717697 791
1740783531723 0.056015008439205635 792
1740783535050 0.0812610307386391 793
1740783538302 0.2834547138887082 794
1740783541001 0.2732593391308121 795
1740783544339 0.09007103569878745 796
1740783547657 0.10836721225908796 797
1740783551465 0.14417902756439507 798
1740783554890 0.37888788916332955 799
1740783558253 0.08658788891264547 800
1740783561530 0.04995745410467025 801
1740783564988 0.04815461939362426 802
1740783568434 0.050669818996921114 803
1740783571786 0.10443632323011487 804
1740783575323 0.15763227003355434 805
1740783578704 0.04351347028675416 806
1740783582065 0.1104954419561683 807
1740783585620 0.19917723557711509 808
1740783589492 0.11171582058821991 809
1740783592910 0.14218987238245157 810
1740783596322 0.2929265057318527 811
1740783600103 0.09272500838998343 812
1740783603770 0.09239567993885615 813
1740783607221 0.1302821999785871 814
1740783610549 0.052708198555960255 815
1740783614290 0.3807334486160183 816
1740783618023 0.0964884524461196 817
1740783621255 0.10553532393090156 818
1740783624849 0.14190601813261555 819
1740783628027 0.3877047915987638 820
1740783631841 0.24002594924891774 821
1740783635177 0.687307617001531 822
1740783638464 0.06099628140774336 823
1740783641820 0.1726435060624315 824
1740783645295 0.054046219944546225 825
1740783648770 0.1053844580254308 826
1740783652121 0.10198408936067609 827
1740783655653 0.12024149833880468 828
1740783656839 0.6477185082077729 829
1740783660047 0.030183284857603063 830
1740783663429 0.035515158987665885 831
1740783666726 0.07929251294726238 832
1740783670708 0.0573338586072039 833
1740783674297 0.10710739287358781 834
1740783677499 0.050982487912458324 835
1740783680753 0.08785387282976975 836
1740783684611 0.13370812508978355 837
1740783688019 0.09653928753379 838
1740783691383 0.07347333198965403 839
1740783694802 0.0792110436558486 840
1740783698155 0.3027960747686734 841
1740783701498 0.11007649316618437 842
1740783705050 0.23311986867443987 843
1740783708515 0.0457706198120389 844
1740783711738 0.07390226180651172 845
1740783715137 0.04062551444788852 846
1740783718355 0.1459469196932068 847
1740783721512 0.10891397158501885 848
1740783725054 0.0499954709483804 849
1740783728386 0.04269415316854507 850
1740783731716 0.3058377329186815 851
1740783735309 0.031025973248755258 852
1740783738019 0.2592275970503521 853
1740783741688 0.06422132633478479 854
1740783745149 0.30277520123565327 855
1740783748678 0.0763086795529868 856
1740783752133 0.0825770719782719 857
1740783755730 0.04790833738134024 858
1740783759255 0.09979642100249544 859
1740783762771 0.10238958112746735 860
1740783766229 0.05850100994164413 861
1740783769577 0.09631433936556633 862
1740783772945 0.05255664099159522 863
1740783776251 0.07173611760865649 864
1740783779644 0.16982815064020382 865
1740783783091 0.17022160931920385 866
1740783786890 0.40845178562454587 867
1740783790522 0.04782936235872349 868
1740783793847 0.03973156263941205 869
1740783797532 0.038978634246083124 870
1740783801210 0.09537406874916501 871
1740783804757 0.31460178956836676 872
1740783808204 0.08661112076354349 873
1740783811634 0.08373837909123624 874
1740783814970 0.08900143289152554 875
1740783818255 0.30839950706414543 876
1740783822115 0.34807260497370657 877
1740783825647 0.052484226818250025 878
1740783828968 0.052693713371095796 879
1740783832558 0.13968106699105814 880
1740783836138 0.07298565329882482 881
1740783839550 0.10222630194101187 882
1740783842756 0.07088511815719427 883
1740783846581 0.07539853457723047 884
1740783850085 0.21848475708973963 885
1740783853575 0.559774204677997 886
1740783857771 0.3351996170850052 887
1740783861170 0.30305092069837974 888
1740783864829 0.08988686958773043 889
1740783868205 0.06976481444384089 890
1740783871395 0.038405757037394135 891
1740783874733 0.2952410169882375 892
1740783878046 0.45236662415956164 893
1740783881230 0.062279338236257746 894
1740783884672 0.11819900472130868 895
1740783887857 0.09086179669206698 896
1740783891096 0.05416130813294703 897
1740783894963 0.2140741708525199 898
1740783898616 0.3850984136025036 899
1740783901872 0.10884153338174171 900
1740783905133 0.14245925195738668 901
1740783908516 0.329480041584659 902
1740783911888 0.16414589743033997 903
1740783915252 0.11763448794331202 904
1740783918608 0.25518908982371274 905
1740783922049 0.13685583457515377 906
1740783925216 0.15476792044909515 907
1740783929047 0.5166131924711761 908
1740783932543 0.0884467882776189 909
1740783935813 0.1213670421016124 910
1740783939033 0.06660151071502074 911
1740783942362 0.15201845613494258 912
1740783945685 0.08536284334823901 913
1740783949089 0.11422004932812475 914
1740783952480 0.19585966978546537 915
1740783955679 0.4346758036371351 916
1740783959117 0.13547298969071617 917
1740783962730 0.13369966642554432 918
1740783966211 0.11367844627492353 919
1740783969770 0.09787170540214468 920
1740783973098 0.2216192360581014 921
1740783976544 0.040887357368637085 922
1740783980009 0.40873979331312216 923
1740783983304 0.3921801319816349 924
1740783986572 0.16361798949895093 925
1740783989993 0.20512316932204214 926
1740783993387 0.4965724359456422 927
1740783996644 0.11496080432769619 928
1740783999802 0.08624624964951912 929
1740784002986 0.07528836946688715 930
1740784006301 0.18047025551169465 931
1740784009712 0.08475706171667195 932
1740784013626 0.04165013129332024 933
1740784018179 0.4516810000020009 934
1740784021356 0.09328125592470334 935
1740784022068 0.3493169055948676 936
1740784025649 0.49561751820777894 937
1740784028975 0.044942694835308196 938
1740784032401 0.2124979867898597 939
1740784035679 0.4836309691189463 940
1740784039467 0.46897348473600337 941
1740784042683 0.06643324681048296 942
1740784045958 0.1072564534651103 943
1740784049339 0.169073047507545 944
1740784052961 0.06023824764748925 945
1740784056790 0.04318236794313734 946
1740784059934 0.06613718873479058 947
1740784063336 0.12186427428835588 948
1740784067015 0.11211269000679294 949
1740784070258 0.063486274731583 950
1740784073612 0.17276180594904617 951
1740784076816 0.10823887892257471 952
1740784080131 0.6193593279563454 953
1740784083570 0.23569279071837154 954
1740784086906 0.11362511866700473 955
1740784090128 0.0700433056342931 956
1740784093309 0.0837684401586143 957
1740784096968 0.46243433769392067 958
1740784100345 0.11414820395309158 959
1740784103661 0.1976150448265657 960
1740784106960 0.04150798527277047 961
1740784110572 0.1084578497326878 962
1740784114271 0.09780411607823551 963
1740784118121 0.08412825563720862 964
1740784121746 0.07594916829842938 965
1740784125212 0.5334379713608065 966
1740784128607 0.07037148524649893 967
1740784131800 0.04273360652326786 968
1740784135075 0.06129979224139917 969
1740784138342 0.05731297731292519 970
1740784141787 0.09169735460313162 971
1740784145168 0.1166039229295144 972
1740784148464 0.3366093668944433 973
1740784151606 0.059792197142489 974
1740784154772 0.04318426550260418 975
1740784158060 0.10365011734987073 976
1740784161420 0.10424327926089064 977
1740784164857 0.20563668595722728 978
1740784168533 0.15230239453217603 979
1740784171908 0.18888793789837888 980
1740784175206 0.11036851991407177 981
1740784178730 0.21862968065456362 982
1740784182571 0.13423756070337867 983
1740784187274 0.24739744065804117 984
1740784190819 0.11286422151630053 985
1740784194358 0.04734195681628159 986
1740784197608 0.16561719005406023 987
1740784200942 0.11555456048622893 988
1740784204282 0.11497096530495432 989
1740784207702 0.1992737857477428 990
1740784213273 0.34113012448486024 991
1740784216578 0.10602102708247874 992
1740784220111 0.14316241902128582 993
1740784223376 0.07799686695440505 994
1740784226625 0.1183722799001351 995
1740784230234 0.03576220532600704 996
1740784233499 0.4337945475133639 997
1740784236933 0.20912991647988247 998
1740784240228 0.16400829431058722 999
1740784243426 0.11838590019524207 1000
1740784246904 0.16070069851790728 1001
1740784250432 0.17214380855012365 1002
1740784254017 0.14117756591295977 1003
1740784254972 0.7868223239427682 1004
1740784258355 0.13089151956075573 1005
1740784261644 0.5937158912888697 1006
1740784265086 0.1732857285606102 1007
1740784268424 0.35810455101443384 1008
1740784271623 0.10255838916683907 1009
1740784275064 0.12345013599897157 1010
1740784278441 0.2521208100650708 1011
1740784281693 0.05449165433190761 1012
1740784284832 0.042749834694335534 1013
1740784288360 0.03512651347888939 1014
1740784291692 0.1620177042546781 1015
1740784295309 0.14654875135102619 1016
1740784298623 0.31447883585463887 1017
1740784301964 0.1959441627460238 1018
1740784305277 0.1650241779976581 1019
1740784308806 0.2712497563505304 1020
1740784312077 0.1029768358496589 1021
1740784315535 0.15858652286184552 1022
1740784318868 0.08560244210755404 1023
1740784322109 0.4153336814014068 1024
1740784322983 0.5252357531994692 1025
1740784326203 0.11156235540313522 1026
1740784328999 0.524014248569044 1027
1740784332415 0.11500088500899945 1028
1740784335876 0.12116827827931181 1029
1740784339094 0.05902682292443975 1030
1740784342410 0.28512313461396177 1031
1740784345693 0.1312624054129931 1032
1740784349063 0.559096253069615 1033
1740784352381 0.5123722498684793 1034
1740784355866 0.04287375341635462 1035
1740784359399 0.04655474780424717 1036
1740784362642 0.08107268354645615 1037
1740784366027 0.04272301759961441 1038
1740784369643 0.08246326339999596 1039
1740784373305 0.42732466929842405 1040
1740784376504 0.08965688279335987 1041
1740784379806 0.5550870299271508 1042
1740784383107 0.10460941471210386 1043
1740784386351 0.0493529525971535 1044
1740784389647 0.38362722429423146 1045
1740784392877 0.07065162485688554 1046
1740784396345 0.06531105039168893 1047
1740784399723 0.08480060737656953 1048
1740784402952 0.3367060528335308 1049
1740784406396 0.1338497995132944 1050
1740784409687 0.04253579695135562 1051
1740784413010 0.11033846283908284 1052
1740784416327 0.043891578550478816 1053
1740784419630 0.16133098010574437 1054
1740784423243 0.47708579208096824 1055
1740784426496 0.06474273551989879 1056
1740784429944 0.09016891487238274 1057
1740784433309 0.1541046619448868 1058
1740784437035 0.12486687465187093 1059
1740784441040 0.09774652076297563 1060
1740784444452 0.23068396591949228 1061
1740784447849 0.14116606004453763 1062
1740784451211 0.06973655406786544 1063
