1740780880648 4.909696906449537 0
1740780883882 5.1130215955278775 1
1740780887156 4.639467194886725 2
1740780890454 8.8264686816693 3
1740780893896 5.362132984307591 4
1740780897287 6.258809156093936 5
1740780900580 9.197152905457877 6
1740780903711 7.165397938744941 7
1740780906988 9.91611166602489 8
1740780910518 5.3202927840451135 9
1740780913879 13.834536134143137 10
1740780917097 8.828365887599851 11
1740780920248 11.982783951046862 12
1740780923477 10.69612167137315 13
1740780926667 7.815912018355733 14
1740780930127 6.100113828246473 15
1740780933460 4.85960017744612 16
1740780936804 8.22021088037322 17
1740780940150 9.069313675347868 18
1740780943238 6.274705882508998 19
1740780946483 7.559880650888348 20
1740780949855 15.616031892023047 21
1740780953167 10.285510563088833 22
1740780956356 13.45246112913925 23
1740780959532 11.193170756768332 24
1740780962825 7.774639834175027 25
1740780965926 8.128121710907703 26
1740780969137 7.495276123940264 27
1740780972467 15.151248778049727 28
1740780975609 6.2026520399439065 29
1740780978833 6.833785529462309 30
1740780982101 4.4772082130948565 31
1740780985420 3.74506779195325 32
1740780988645 8.03180660014076 33
1740780991980 4.655718790909407 34
1740780995146 7.190525740454584 35
1740780998491 6.112349976794996 36
1740781001793 8.701008309355489 37
1740781005054 8.672775110849711 38
1740781008305 6.0804492652032325 39
1740781011843 7.121371408985467 40
1740781015213 7.2428630978323945 41
1740781018431 6.633696889171271 42
1740781021826 9.394695643485825 43
1740781025174 9.175516465131617 44
1740781028500 10.76354224095427 45
1740781031862 12.156040405290636 46
1740781035257 16.265505135230892 47
1740781038572 5.134294344576963 48
1740781041832 5.351703787683332 49
1740781045169 8.643834991588886 50
1740781048454 27.4739531547459 51
1740781051815 4.664173734822008 52
1740781055107 9.12024026840898 53
1740781058309 23.628585887251436 54
1740781061420 5.721548971307884 55
1740781064561 17.55273817915889 56
1740781067876 7.877744617633774 57
1740781071478 40.11710289869308 58
1740781074895 7.725983926723307 59
1740781078402 11.61437111117806 60
1740781081910 4.4439732455709064 61
1740781085320 6.179404507262793 62
1740781088610 3.631855709655016 63
1740781091992 10.653226976100118 64
1740781095285 9.639869352968514 65
1740781098622 8.091991952764609 66
1740781101948 6.323318658826564 67
1740781105269 6.421927458222043 68
1740781108518 13.709960298375709 69
1740781111966 9.209662036057429 70
1740781115182 9.860525362368639 71
1740781118525 5.586736131622584 72
1740781121749 5.375059309896204 73
1740781124926 8.103469275130067 74
1740781128165 8.597134949446268 75
1740781131639 31.827820423547422 76
1740781134983 4.302302339292796 77
1740781138142 7.326187846128336 78
1740781141429 7.0822576950177965 79
1740781144588 6.313028108804725 80
1740781147730 8.732775515251747 81
1740781151076 7.505667962001384 82
1740781154331 7.541155595273978 83
1740781157642 5.108908466617443 84
1740781160854 5.856024197802803 85
1740781164108 6.47237241727592 86
1740781167441 11.824787498270299 87
1740781170660 5.399089927929836 88
1740781173949 4.587816483445575 89
1740781177244 7.164298286675749 90
1740781180523 11.479441886808907 91
1740781183766 11.071131764691678 92
1740781186878 15.071863460142751 93
1740781190017 7.730023184935121 94
1740781193352 8.561498309261376 95
1740781196458 5.633422953760225 96
1740781199737 10.843311902126002 97
1740781202966 11.162851493525219 98
1740781206229 4.5972416254352355 99
1740781209464 17.139381675754226 100
1740781212877 18.97222875406587 101
1740781216107 7.68953800953536 102
1740781219512 6.319062206742846 103
1740781222713 5.748637113212484 104
1740781225854 7.094717211165365 105
1740781229197 7.456926729355928 106
1740781232605 12.10776579525826 107
1740781235912 12.020201630233757 108
1740781239083 12.437213973780416 109
1740781242407 9.252097930566276 110
1740781245699 7.212132947673514 111
1740781248923 7.520466940557511 112
1740781252143 12.198688855318307 113
1740781255565 8.275209531427553 114
1740781258809 9.619453995150812 115
1740781262111 4.101986942619042 116
1740781265434 18.292425445901817 117
1740781268763 4.562230917038158 118
1740781272049 14.677360699152427 119
1740781275313 6.727294309835102 120
1740781278494 8.553745196765583 121
1740781281795 9.244502002169874 122
1740781285081 7.667395174393525 123
1740781288340 15.919413312662467 124
1740781291580 6.792928824633581 125
1740781294941 3.6609167663135946 126
1740781298076 8.3990369292182 127
1740781301191 9.045475134797115 128
1740781304446 12.100054269227423 129
1740781307667 11.914244097468297 130
1740781310855 20.3279242078982 131
1740781314061 18.09929245337487 132
1740781317389 9.926953778171733 133
1740781320561 6.6958443347404355 134
1740781323725 12.256362576917141 135
1740781326854 5.6550220989750954 136
1740781330038 35.330786771090935 137
1740781333103 11.268386572223632 138
1740781336474 23.39644682501915 139
1740781339961 8.742724985306277 140
1740781343242 7.634277441419947 141
1740781346504 4.89339775658314 142
1740781349602 10.106230007307834 143
1740781353253 4.462508331391839 144
1740781356663 10.719347282410837 145
1740781359885 16.809800845618156 146
1740781363201 5.648747048777928 147
1740781366344 4.688012745183943 148
1740781369477 6.640379516761537 149
1740781372675 11.267955648724463 150
1740781376007 8.37498785834982 151
1740781379285 9.162384887882245 152
1740781382741 14.382454253601143 153
1740781386062 8.67853450417725 154
1740781389408 6.271783395453507 155
1740781392562 27.498043095540275 156
1740781395763 17.76434003467607 157
1740781398957 12.064372445753 158
1740781402093 12.04552304232036 159
1740781405277 9.3617932654618 160
1740781408462 11.092512816418111 161
1740781411644 26.54007652122981 162
1740781414743 7.890422759191387 163
1740781418149 10.650934974255938 164
1740781421355 19.158013290037783 165
1740781424510 9.024296364510073 166
1740781427622 4.418559027712517 167
1740781430816 7.70589655576291 168
1740781434137 9.57272795907038 169
1740781437507 5.523127310276192 170
1740781440676 13.7862217273911 171
1740781443882 8.266788261654035 172
1740781447148 7.805025574315733 173
1740781450309 8.790018470312866 174
1740781453509 9.007667415834835 175
1740781456857 3.482524759600144 176
1740781460194 10.047022202080399 177
1740781463378 5.064872885342801 178
1740781466719 8.823760378077946 179
1740781469969 11.443937634521426 180
1740781473426 16.70071798055644 181
1740781476888 16.361338743677827 182
1740781480235 6.7093786322801945 183
1740781483474 6.39616875521606 184
1740781486849 33.5159493906001 185
1740781490103 11.72124593585243 186
1740781493420 4.008741395322958 187
1740781496565 10.92797192483025 188
1740781499985 4.197698271788381 189
1740781503194 4.585799552751721 190
1740781506545 5.306153622111016 191
1740781509789 4.897949268098283 192
1740781513146 5.649615221151268 193
1740781516310 6.796746415924976 194
1740781519793 14.656356304730325 195
1740781523077 15.273132905501162 196
1740781526203 6.963042144193758 197
1740781529506 4.421459381076566 198
1740781532778 5.927979536759566 199
1740781536205 3.228621900786758 200
1740781539679 20.501384951029813 201
1740781543038 10.064237121027716 202
1740781546147 13.402346337907497 203
1740781549266 9.976840502477568 204
1740781552538 5.068300196245907 205
1740781555879 3.6612241668565026 206
1740781559478 14.474421557772354 207
1740781562983 7.3613233600273835 208
1740781566212 9.23828648085699 209
1740781569740 6.569887763438625 210
1740781573197 18.861595089862128 211
1740781576442 9.131726971128272 212
1740781579728 9.288395220342178 213
1740781583344 10.053961140245557 214
1740781586819 8.096340247344298 215
1740781590077 6.467426554106254 216
1740781593502 3.5643400421505174 217
1740781596823 12.454274592003724 218
1740781600246 14.305011113288174 219
1740781603678 48.90512640564939 220
1740781607100 21.802431316254367 221
1740781610410 12.018894005759378 222
1740781613765 34.48282639679668 223
1740781617267 9.088676672972536 224
1740781620840 11.510415968478876 225
1740781624539 6.238651897137046 226
1740781627959 10.291631292481572 227
1740781631199 8.36820919407225 228
1740781634366 8.353669059305618 229
1740781637767 4.474296886392733 230
1740781641271 5.166750123287973 231
1740781644719 6.984207568187789 232
1740781648005 9.433306522306372 233
1740781651435 7.556688103360874 234
1740781654804 7.489494894099999 235
1740781658148 6.403727272274839 236
1740781661303 8.571727900327346 237
1740781664539 8.650574767319194 238
1740781668071 8.323890938044087 239
1740781671448 16.94750189108598 240
1740781674827 14.038604158220137 241
1740781678359 12.10526120685633 242
1740781681815 10.487880790313229 243
1740781685176 8.641457057275082 244
1740781688483 17.898845467720662 245
1740781691660 6.15956442974044 246
1740781694783 6.526519740359984 247
1740781698022 23.1901632727076 248
1740781701352 5.724945405986912 249
1740781704540 6.71781443808262 250
1740781708147 13.939335557917333 251
1740781711694 9.175296057553291 252
1740781714988 12.008107686890037 253
1740781718229 4.403475176980854 254
1740781721595 23.800466485520634 255
1740781724803 10.762857713341209 256
1740781728187 7.265465654068045 257
1740781731434 9.07982968325477 258
1740781734871 9.474167818064474 259
1740781738196 4.262834399501568 260
1740781741551 13.477856894888898 261
1740781744900 11.569858344016854 262
1740781748299 6.7252078432319236 263
1740781751802 4.274071979067355 264
1740781754052 26.100375278159323 265
1740781757396 13.785438053016296 266
1740781760736 12.474892538555846 267
1740781764265 13.793790482118549 268
1740781767861 24.367732103369686 269
1740781771169 21.914874397420125 270
1740781774421 8.475516749249207 271
1740781777809 14.487217892152788 272
1740781781216 7.504637345221459 273
1740781784422 7.773063070248754 274
1740781787646 19.686362723476883 275
1740781791135 6.848135048758673 276
1740781794550 13.458396262412679 277
1740781797761 7.998177543390294 278
1740781800945 15.811430966192578 279
1740781804304 6.369328195304739 280
1740781807679 10.126307689946595 281
1740781811195 5.162584641179181 282
1740781814467 9.35409216869212 283
1740781817892 23.326594024733254 284
1740781821147 6.644308049619003 285
1740781824491 9.855622265640106 286
1740781827780 5.752110948975386 287
1740781831430 4.389832261164035 288
1740781834897 11.585175843966944 289
1740781838171 24.233069351035923 290
1740781841826 7.393180828524677 291
1740781845272 6.470114232089082 292
1740781848627 5.069570063565311 293
1740781851809 26.977786585882793 294
1740781855697 4.68336160275724 295
1740781859191 13.282680400828797 296
1740781862602 12.508591589813214 297
1740781866076 11.301306946206374 298
1740781869345 10.237213712027573 299
1740781872680 22.664907036715483 300
1740781876164 10.285250268587603 301
1740781879624 21.057863849745043 302
1740781883420 5.3798368131898275 303
1740781887127 8.158704872686547 304
1740781890320 4.4017164317860535 305
1740781893780 7.575251719036111 306
1740781897155 7.672235938774986 307
1740781900608 8.04666328248145 308
1740781904010 5.24475003592361 309
1740781907301 5.294975558446509 310
1740781910734 8.813355891548095 311
1740781913984 13.51221669774989 312
1740781917404 9.507211633035368 313
1740781920966 5.512846705113557 314
1740781924651 4.8319072649470565 315
1740781928163 4.0499085204110825 316
1740781931461 12.218025436314113 317
1740781935184 9.972306164776596 318
1740781938546 5.073906761617807 319
1740781941998 37.44314091595314 320
1740781945284 29.73861518714828 321
1740781948841 12.04864149792216 322
1740781952378 4.044079299170274 323
1740781955707 3.504470275698018 324
1740781958956 5.5711725459208035 325
1740781962691 7.650499630715432 326
1740781966385 9.367180548536982 327
1740781969897 5.061478174830074 328
1740781973539 10.803331612662744 329
1740781976845 8.418413996722009 330
1740781980055 7.796985151176186 331
1740781983463 8.91523423457288 332
1740781986636 13.23588450657922 333
1740781990338 5.0478282392134295 334
1740781993692 5.755762160454919 335
1740781997058 9.773020763611788 336
1740782000201 12.918359591648043 337
1740782003523 12.661827537210746 338
1740782006857 18.242927805788494 339
1740782010262 10.263817202737402 340
1740782013408 9.924090563441103 341
1740782016782 8.517394855787956 342
1740782019942 10.663891162360509 343
1740782020479 1.0331229252736074 344
1740782023820 11.339943834019174 345
1740782026971 9.023662099258097 346
1740782030410 6.04236301857249 347
1740782033807 14.766154420103252 348
1740782034850 9.949226470772874 349
1740782038408 10.487716946454329 350
1740782042238 3.7197466259328866 351
1740782045627 7.376470041911179 352
1740782048816 5.9073712976660095 353
1740782052045 7.170742017194283 354
1740782055456 11.257411167614816 355
1740782058682 5.2422347525096695 356
1740782062021 7.275331361378481 357
1740782065798 36.19254529283635 358
1740782069309 11.084784804468747 359
1740782072623 8.678919483310747 360
1740782076033 8.702526845321385 361
1740782079330 11.566887485662688 362
1740782082819 9.741209034418281 363
1740782086236 8.600557234357254 364
1740782089506 11.806036177351213 365
1740782093277 6.660923347950032 366
1740782096689 12.319469773436932 367
1740782100119 37.86569678690835 368
1740782103739 5.0107602014504025 369
1740782105949 9.359504327027832 370
1740782109324 6.357491380686429 371
1740782113078 6.068518945562498 372
1740782116532 10.887505961499315 373
1740782119773 10.16405935942006 374
1740782123075 11.548489170751873 375
1740782127014 8.486649359759832 376
1740782130429 8.279041992602133 377
1740782134031 3.3392157702996945 378
1740782137887 4.246389641153234 379
1740782141396 13.500671800613167 380
1740782145003 20.225655788987893 381
1740782148751 8.950107824856076 382
1740782152077 6.976931401528723 383
1740782155716 7.860922376545469 384
1740782159461 13.19967254861684 385
1740782162749 11.976162544128801 386
1740782166386 4.148138807732404 387
1740782169727 6.776921883217829 388
1740782173244 10.978706408165685 389
1740782176718 9.298355178212034 390
1740782180071 9.288143335187128 391
1740782183627 3.662793073079836 392
1740782186975 15.426528619466119 393
1740782190441 8.316467775827252 394
1740782193826 8.159743427786916 395
1740782197018 5.53656754764874 396
1740782200422 31.643646149481317 397
1740782203889 14.075750435725514 398
1740782207032 12.955398030233122 399
1740782210447 13.804387151201373 400
1740782214322 4.617030030866942 401
1740782217881 44.12448984181495 402
1740782221360 11.202131650596264 403
1740782224695 13.11049062081959 404
1740782228032 4.833650086164115 405
1740782231561 12.275998270507154 406
1740782235309 6.814170412671931 407
1740782238966 7.860887693978905 408
1740782242194 23.311793959122657 409
1740782245496 6.6213178930291585 410
1740782249393 6.0578147453850475 411
1740782253012 9.68830107036169 412
1740782256343 25.651517882179572 413
1740782259705 17.748218157443123 414
1740782263016 5.86055630664822 415
1740782266550 7.272520090783071 416
1740782270190 15.33709154180793 417
1740782273645 4.907717234991014 418
1740782276905 5.789893202551701 419
1740782280213 26.073861420273403 420
1740782283530 10.844988845757427 421
1740782287130 21.484254572163827 422
1740782290777 17.52414546423961 423
1740782294331 19.664547129215006 424
1740782298141 5.121852447250092 425
1740782301678 7.8883309145123786 426
1740782305149 9.208104541632549 427
1740782308534 13.801149259003362 428
1740782312007 6.750339968916791 429
1740782315633 5.293949681319419 430
1740782318908 6.49908418499945 431
1740782322091 20.742325555450275 432
1740782325728 27.583743047626125 433
1740782329502 4.261476421112886 434
1740782332758 3.6633972873855196 435
1740782336150 6.472744145654297 436
1740782339512 28.15697742423571 437
1740782342902 5.011680470840127 438
1740782346232 4.812278606329962 439
1740782349401 23.0102416256728 440
1740782352717 5.545998220961708 441
1740782355990 11.056116538265583 442
1740782359194 8.264554019170186 443
1740782362421 4.7853323774496594 444
1740782366048 4.206833344047493 445
1740782369841 11.076564667943353 446
1740782373038 4.43739912103346 447
1740782376233 10.59736381149016 448
1740782380080 5.221653199114724 449
1740782383680 11.314125941576128 450
1740782386942 13.984099156079095 451
1740782390461 3.282886942278368 452
1740782394103 7.52707240534994 453
1740782397521 10.920773213206322 454
1740782401027 5.386094915491349 455
1740782404473 37.38844905331239 456
1740782407718 21.51239255945012 457
1740782411305 12.215677640607185 458
1740782414834 10.64082453421163 459
1740782418139 15.043343876784157 460
1740782421461 5.361364390432428 461
1740782424768 10.08288868955115 462
1740782427985 10.252978938527217 463
1740782431700 12.443456605444487 464
1740782435009 16.203741181535438 465
1740782438254 17.31010640847113 466
1740782441800 7.588085780386056 467
1740782445255 12.1559999599732 468
1740782448612 6.248606991284514 469
1740782451986 5.004458263522651 470
1740782455827 15.31810187700994 471
1740782459466 5.329346545792721 472
1740782462634 6.631243603511242 473
1740782465936 10.32525691047943 474
1740782469360 17.362357879651036 475
1740782472862 20.96398030748613 476
1740782476045 7.902170577424846 477
1740782479169 8.979784192725095 478
1740782482532 38.9192843951324 479
1740782485826 17.277886042065003 480
1740782489015 18.220886968845857 481
1740782492537 13.341111353220942 482
1740782495995 8.591723966323288 483
1740782499666 8.854428158175043 484
1740782503168 21.966988214742585 485
1740782506540 12.995593415147447 486
1740782509762 6.8804192631058365 487
1740782513059 12.29199898215816 488
1740782516362 10.222701921544287 489
1740782519700 9.69119039533564 490
1740782523111 17.3711612175115 491
1740782526480 15.916058290793925 492
1740782529708 9.191443835361023 493
1740782533022 5.6354450110018535 494
1740782536753 12.764737124899423 495
1740782540052 12.619380321725608 496
1740782543334 6.670127079032478 497
1740782546595 10.925005320913492 498
1740782549954 8.21963997827068 499
1740782553229 8.023148961792623 500
1740782556599 18.13518009170638 501
1740782559871 6.864876134926979 502
1740782563706 21.800025507040743 503
1740782567046 16.089184143843614 504
1740782570408 3.869196471699915 505
1740782573828 21.917403804998372 506
1740782577211 9.384644143152663 507
1740782580607 7.122157962089301 508
1740782583992 3.685139873221284 509
1740782587184 18.974654698770706 510
1740782590600 13.040630713127673 511
1740782593878 7.444232911592602 512
1740782597320 17.725256662132356 513
1740782600639 3.64916185796553 514
1740782604613 15.34207855469707 515
1740782608194 14.15649968686447 516
1740782611429 39.45411708950443 517
1740782614813 12.398093888893627 518
1740782618222 18.194805009883968 519
1740782622558 22.101090512397665 520
1740782625810 26.371065198716238 521
1740782628958 10.851608822854141 522
1740782632409 9.185539029369608 523
1740782635593 12.258307062054177 524
1740782638762 3.7447645088544617 525
1740782642485 25.20038685030544 526
1740782645716 12.17527431036573 527
1740782649005 18.968667559835392 528
1740782652374 5.667020625705179 529
1740782656037 12.674992804499231 530
1740782659268 5.713367487903754 531
1740782662504 20.448213344305287 532
1740782665730 14.642157453901183 533
1740782669623 13.931738558440735 534
1740782672947 6.834384594446036 535
1740782676347 36.75913152739329 536
1740782679680 6.335280345204374 537
1740782683306 5.6027029235707815 538
1740782686977 5.201619303890754 539
1740782690300 6.899815684914923 540
1740782693913 9.860763679635859 541
1740782697202 19.582988449323558 542
1740782700636 9.239025171009056 543
1740782703967 5.98519022597736 544
1740782704606 1.1062744932614186 545
1740782708179 16.17208183657514 546
1740782711400 7.624551654651326 547
1740782714771 13.898221398817752 548
1740782717997 9.843576377622663 549
1740782721322 8.906312664207725 550
1740782724654 10.321644847485898 551
1740782727850 20.089628494877623 552
1740782731211 8.041620250102081 553
1740782734873 10.655067869070786 554
1740782738174 5.367438012393843 555
1740782741443 4.688299200939356 556
1740782744578 19.330757419491416 557
1740782748460 42.98276299709097 558
1740782751848 33.72571408379262 559
1740782755080 15.624504616834317 560
1740782758316 3.9284020252808918 561
1740782762028 18.994400280421612 562
1740782765830 11.54658582518151 563
1740782769229 7.046224910798812 564
1740782772684 21.09355581602018 565
1740782776447 32.519495170881086 566
1740782780077 6.877521198525884 567
1740782783405 12.663080144332916 568
1740782786552 3.730225866514938 569
1740782790170 5.096917625989543 570
1740782793478 6.703637698510686 571
1740782796955 15.055764451265292 572
1740782800153 27.872734231321115 573
1740782803773 9.291385839874103 574
1740782807083 10.359809460591435 575
1740782810528 23.411670226215644 576
1740782813803 8.93246139738499 577
1740782817105 6.491872132970217 578
1740782820355 7.0047965086604576 579
1740782823682 35.44231492723747 580
1740782827061 4.251980909100495 581
1740782830241 6.7907692113542995 582
1740782833562 8.365125734588418 583
1740782837090 9.616662469122423 584
1740782840502 4.244361623058519 585
1740782843777 7.003210389790077 586
1740782847020 25.93979411170666 587
1740782850320 26.69608135325525 588
1740782853834 25.78932690875054 589
1740782857071 19.18897283094132 590
1740782860426 10.223732852128691 591
1740782863755 7.1421781725629625 592
1740782867001 10.443545784670754 593
1740782872179 52.17763822661532 594
1740782875437 3.499556042592679 595
1740782879161 27.46333254194716 596
1740782882634 18.79595127562039 597
1740782885899 5.511756127894118 598
1740782889274 5.500739744173045 599
1740782892573 4.29902233003807 600
1740782895796 4.761074101235449 601
1740782899067 12.16985577600603 602
1740782902560 14.9974111639814 603
1740782905963 3.7368697497585988 604
1740782910366 45.82071830088091 605
1740782913717 7.786424968802899 606
1740782917219 18.59499415787027 607
1740782920523 4.688609802599634 608
1740782923792 9.497754681529416 609
1740782927108 20.136865697892528 610
1740782929991 25.44032541197645 611
1740782933367 9.409890591041654 612
1740782936546 4.371041381920508 613
1740782939951 21.07074582891122 614
1740782943235 3.989169980925792 615
1740782943779 1.029084741593647 616
1740782947109 11.013262145838237 617
1740782950607 17.109544771743668 618
1740782951680 5.544270632633992 619
1740782955246 5.216865573702091 620
1740782958650 27.896364993740757 621
1740782962017 6.475192215713345 622
1740782963662 18.349827078416382 623
1740782966911 7.022396037424126 624
1740782970392 25.683549816972832 625
1740782973737 4.097035760547164 626
1740782977250 9.13546444998553 627
1740782980564 13.45610667813891 628
1740782983945 36.12814460286263 629
1740782987302 9.661845568146912 630
1740782990625 26.015626784208873 631
1740782991169 1.0317557545319715 632
1740782994771 3.846903002553707 633
1740782998141 7.724623948219324 634
1740783001378 5.106955833567776 635
1740783004562 4.520272458020209 636
1740783007850 5.891840178660012 637
1740783011041 6.060445882003604 638
1740783014755 8.200744859541862 639
1740783018449 4.163804358595929 640
1740783021806 15.499748557702713 641
1740783025071 31.999068707904293 642
1740783028686 10.483013088216753 643
1740783032332 19.238400828246128 644
1740783035569 17.21198209111224 645
1740783039465 7.46286565692535 646
1740783042623 8.047371672863482 647
1740783046104 8.915078464346548 648
1740783049544 10.271206213117948 649
1740783053183 4.435761159476015 650
1740783056736 21.882345186063617 651
1740783060231 9.04929559232237 652
1740783063612 9.33014153417459 653
1740783066873 14.916754949378488 654
1740783070218 15.621287168809303 655
1740783073478 9.086805569045422 656
1740783076654 10.679105578879897 657
1740783080102 17.514704709778858 658
1740783083345 8.975529442063465 659
1740783086816 11.820330940342727 660
1740783090217 8.027793467109955 661
1740783093601 6.301336731440114 662
1740783096767 9.917526985273534 663
1740783100446 13.858501163773052 664
1740783103671 9.011680439481625 665
1740783106918 11.653211303986359 666
1740783110151 7.185452011895685 667
1740783113516 27.824330174181537 668
1740783116940 6.837602934321984 669
1740783120189 8.639337643933862 670
1740783123672 4.546570309455208 671
1740783126909 21.71862416164836 672
1740783130521 8.601974348445298 673
1740783133852 9.489447048915594 674
1740783137230 15.948208857601623 675
1740783140459 9.79153368476428 676
1740783144062 42.85324646060114 677
1740783147294 4.556991071851716 678
1740783150540 21.921252175801545 679
1740783153753 3.472539544661631 680
1740783157223 4.154218556138954 681
1740783160564 8.996557019385753 682
1740783164003 21.48869866279783 683
1740783167332 24.922323086491446 684
1740783170877 9.531671408268558 685
1740783174645 39.7161455536306 686
1740783177998 31.40557168484432 687
1740783181359 15.453406100712186 688
1740783184893 13.526063342991138 689
1740783188128 6.184333527907822 690
1740783191369 12.129465830691545 691
1740783194671 5.955625142495713 692
1740783197923 15.676009275164036 693
1740783201592 13.040014749249119 694
1740783204916 18.196459807780304 695
1740783208210 15.111916849702423 696
1740783211607 16.935939842188873 697
1740783214938 29.335171239021523 698
1740783218361 9.036484330750563 699
1740783221582 9.68252047672428 700
1740783224717 9.574444885953929 701
1740783228486 9.749431198384853 702
1740783231831 11.685498945412544 703
1740783235270 26.65487219327912 704
1740783238583 9.774763947288992 705
1740783242389 20.64605520532993 706
1740783246076 15.060943524582033 707
1740783249458 11.528417317592401 708
1740783252957 5.001852722336553 709
1740783256984 14.08605804640695 710
1740783260291 10.135058147909733 711
1740783264035 34.331076204668875 712
1740783267476 9.641329697651004 713
1740783271161 6.761513947494635 714
1740783274406 4.573746979117742 715
1740783277727 35.59455020748875 716
1740783281075 13.329373727633369 717
1740783284772 18.72453281707547 718
1740783288285 11.08733115295089 719
1740783291594 7.335417148958528 720
1740783295320 5.341355173394953 721
1740783298739 39.56814027667386 722
1740783302177 6.809134597956991 723
1740783305413 4.5117632776356436 724
1740783308904 15.736895223200134 725
1740783312340 10.13780725358948 726
1740783315725 4.308249332480729 727
1740783316922 7.962503504421927 728
1740783320252 12.1245873840218 729
1740783323537 14.478135089959558 730
1740783326932 10.794895321591921 731
1740783330160 3.636224291951581 732
1740783333388 4.476516860241856 733
1740783336584 8.853633422180055 734
1740783340194 12.202527378604357 735
1740783343835 11.62428161127203 736
1740783345709 8.916113984783916 737
1740783349026 31.87037509877779 738
1740783353285 38.14360710976614 739
1740783356574 13.134175468003479 740
1740783359750 18.38718618491221 741
1740783363024 23.287588294068836 742
1740783366309 5.978492220129427 743
1740783369657 20.054539528843083 744
1740783372873 8.214786057013605 745
1740783376158 7.531466194815592 746
1740783379779 31.304829153793186 747
1740783383484 16.44234958188 748
1740783386774 20.66250588794358 749
1740783390150 12.141037540062928 750
1740783393604 35.43547316665687 751
1740783396884 8.346914423805131 752
1740783400368 16.708024492590802 753
1740783403642 6.908970678478686 754
1740783406944 23.195712356080733 755
1740783410262 14.827941311483888 756
1740783413875 13.820244930341424 757
1740783417132 11.162108942586823 758
1740783420795 15.221747127067752 759
1740783424223 35.8229129278366 760
1740783427624 45.340313205671734 761
1740783431278 24.741983029123094 762
1740783434476 3.8165527957818424 763
1740783437727 35.99769575800332 764
1740783441249 7.521796441501569 765
1740783444505 7.2283482461493715 766
1740783448135 10.610234109046132 767
1740783451507 46.02364958808064 768
1740783454925 12.067900515921103 769
1740783455468 1.031243091357845 770
1740783459015 13.81924499603542 771
1740783462286 7.831821404704532 772
1740783466077 16.95694234315023 773
1740783469727 14.536979985200068 774
1740783473103 4.419308737508997 775
1740783476347 22.334727722814122 776
1740783479939 14.079629631376797 777
1740783483192 12.380684946685571 778
1740783486600 12.954264727092811 779
1740783490083 12.787626111557017 780
1740783493744 16.22944504171811 781
1740783497019 46.984347677410966 782
1740783500433 13.958199524333907 783
1740783503993 15.00227528640217 784
1740783507397 11.069958632675746 785
1740783510796 23.37853058689177 786
1740783514035 8.753681561736224 787
1740783517352 10.23880270248743 788
1740783521102 25.69610072855465 789
1740783524686 14.293735495310253 790
1740783528457 6.889992804717696 791
1740783531723 5.601500843920563 792
1740783535050 8.126103073863911 793
1740783538302 28.34547138887082 794
1740783541001 18.58163506089522 795
1740783544339 9.007103569878746 796
1740783547657 10.836721225908796 797
1740783551465 14.417902756439506 798
1740783554890 37.888788916332956 799
1740783558253 8.658788891264548 800
1740783561530 4.995745410467025 801
1740783564988 4.815461939362426 802
1740783568434 5.066981899692111 803
1740783571786 10.443632323011487 804
1740783575323 15.763227003355434 805
1740783578704 4.351347028675416 806
1740783582065 11.04954419561683 807
1740783585620 19.917723557711508 808
1740783589492 11.171582058821992 809
1740783592910 14.218987238245157 810
1740783596322 29.29265057318527 811
1740783600103 9.272500838998344 812
1740783603770 9.239567993885615 813
1740783607221 13.028219997858708 814
1740783610549 5.2708198555960255 815
1740783614290 38.07334486160183 816
1740783618023 9.64884524461196 817
1740783621255 10.553532393090157 818
1740783624849 14.190601813261555 819
1740783628027 38.77047915987638 820
1740783631841 24.002594924891774 821
1740783635177 68.7307617001531 822
1740783638464 6.099628140774336 823
1740783641820 17.264350606243152 824
1740783645295 5.404621994454622 825
1740783648770 10.53844580254308 826
1740783652121 10.198408936067608 827
1740783655653 12.024149833880468 828
1740783656839 14.249807180571004 829
1740783660047 3.018328485760306 830
1740783663429 3.5515158987665885 831
1740783666726 7.929251294726238 832
1740783670708 5.73338586072039 833
1740783674297 10.71073928735878 834
1740783677499 5.098248791245832 835
1740783680753 8.785387282976975 836
1740783684611 13.370812508978355 837
1740783688019 9.653928753379 838
1740783691383 7.347333198965402 839
1740783694802 7.921104365584861 840
1740783698155 30.279607476867337 841
1740783701498 11.007649316618437 842
1740783705050 23.311986867443988 843
1740783708515 4.57706198120389 844
1740783711738 7.3902261806511715 845
1740783715137 4.062551444788852 846
1740783718355 14.594691969320682 847
1740783721512 10.891397158501885 848
1740783725054 4.99954709483804 849
1740783728386 4.2694153168545075 850
1740783731716 30.583773291868148 851
1740783735309 3.102597324875526 852
1740783738019 17.36824900237359 853
1740783741688 6.42213263347848 854
1740783745149 30.277520123565328 855
1740783748678 7.63086795529868 856
1740783752133 8.25770719782719 857
1740783755730 4.790833738134024 858
1740783759255 9.979642100249544 859
1740783762771 10.238958112746735 860
1740783766229 5.850100994164413 861
1740783769577 9.631433936556633 862
1740783772945 5.255664099159522 863
1740783776251 7.173611760865649 864
1740783779644 16.982815064020382 865
1740783783091 17.022160931920386 866
1740783786890 40.845178562454585 867
1740783790522 4.782936235872349 868
1740783793847 3.973156263941205 869
1740783797532 3.8978634246083126 870
1740783801210 9.5374068749165 871
1740783804757 31.460178956836675 872
1740783808204 8.66111207635435 873
1740783811634 8.373837909123624 874
1740783814970 8.900143289152554 875
1740783818255 30.83995070641454 876
1740783822115 34.807260497370656 877
1740783825647 5.248422681825002 878
1740783828968 5.26937133710958 879
1740783832558 13.968106699105814 880
1740783836138 7.298565329882482 881
1740783839550 10.222630194101187 882
1740783842756 7.088511815719427 883
1740783846581 7.539853457723047 884
1740783850085 21.848475708973965 885
1740783853575 55.9774204677997 886
1740783857771 33.51996170850052 887
1740783861170 30.305092069837976 888
1740783864829 8.988686958773043 889
1740783868205 6.976481444384089 890
1740783871395 3.8405757037394133 891
1740783874733 29.524101698823753 892
1740783878046 45.23666241595616 893
1740783881230 6.227933823625775 894
1740783884672 11.819900472130868 895
1740783887857 9.086179669206699 896
1740783891096 5.416130813294703 897
1740783894963 21.40741708525199 898
1740783898616 38.509841360250356 899
1740783901872 10.88415333817417 900
1740783905133 14.245925195738668 901
1740783908516 32.9480041584659 902
1740783911888 16.414589743033996 903
1740783915252 11.763448794331202 904
1740783918608 25.518908982371272 905
1740783922049 13.685583457515378 906
1740783925216 15.476792044909514 907
1740783929047 51.66131924711761 908
1740783932543 8.84467882776189 909
1740783935813 12.13670421016124 910
1740783939033 6.660151071502074 911
1740783942362 15.201845613494257 912
1740783945685 8.536284334823902 913
1740783949089 11.422004932812476 914
1740783952480 19.585966978546537 915
1740783955679 43.46758036371351 916
1740783959117 13.547298969071615 917
1740783962730 13.369966642554433 918
1740783966211 11.367844627492353 919
1740783969770 9.787170540214468 920
1740783973098 22.16192360581014 921
1740783976544 4.0887357368637085 922
1740783980009 40.87397933131221 923
1740783983304 39.21801319816349 924
1740783986572 16.361798949895093 925
1740783989993 20.512316932204214 926
1740783993387 49.65724359456422 927
1740783996644 11.496080432769618 928
1740783999802 8.624624964951911 929
1740784002986 7.528836946688715 930
1740784006301 18.047025551169465 931
1740784009712 8.475706171667195 932
1740784013626 4.165013129332024 933
1740784018179 45.16810000020009 934
1740784021356 9.328125592470334 935
1740784022068 2.794535244758941 936
1740784025649 49.56175182077789 937
1740784028975 4.49426948353082 938
1740784032401 21.24979867898597 939
1740784035679 48.36309691189463 940
1740784039467 46.89734847360034 941
1740784042683 6.643324681048297 942
1740784045958 10.72564534651103 943
1740784049339 16.907304750754502 944
1740784052961 6.023824764748925 945
1740784056790 4.318236794313734 946
1740784059934 6.6137188734790575 947
1740784063336 12.186427428835588 948
1740784067015 11.211269000679295 949
1740784070258 6.3486274731583 950
1740784073612 17.276180594904616 951
1740784076816 10.82388789225747 952
1740784080131 61.93593279563454 953
1740784083570 23.569279071837155 954
1740784086906 11.362511866700473 955
1740784090128 7.00433056342931 956
1740784093309 8.37684401586143 957
1740784096968 46.24343376939207 958
1740784100345 11.414820395309158 959
1740784103661 19.76150448265657 960
1740784106960 4.150798527277047 961
1740784110572 10.84578497326878 962
1740784114271 9.78041160782355 963
1740784118121 8.412825563720862 964
1740784121746 7.594916829842937 965
1740784125212 53.34379713608065 966
1740784128607 7.037148524649893 967
1740784131800 4.273360652326786 968
1740784135075 6.129979224139917 969
1740784138342 5.731297731292519 970
1740784141787 9.169735460313163 971
1740784145168 11.660392292951439 972
1740784148464 33.660936689444334 973
1740784151606 5.9792197142489 974
1740784154772 4.318426550260418 975
1740784158060 10.365011734987073 976
1740784161420 10.424327926089063 977
1740784164857 20.563668595722728 978
1740784168533 15.230239453217603 979
1740784171908 18.888793789837887 980
1740784175206 11.036851991407177 981
1740784178730 21.86296806545636 982
1740784182571 13.423756070337868 983
1740784187274 24.739744065804118 984
1740784190819 11.286422151630052 985
1740784194358 4.734195681628159 986
1740784197608 16.561719005406022 987
1740784200942 11.555456048622894 988
1740784204282 11.497096530495432 989
1740784207702 19.92737857477428 990
1740784213273 34.113012448486025 991
1740784216578 10.602102708247873 992
1740784220111 14.316241902128583 993
1740784223376 7.7996866954405055 994
1740784226625 11.83722799001351 995
1740784230234 3.576220532600704 996
1740784233499 43.37945475133639 997
1740784236933 20.912991647988246 998
1740784240228 16.40082943105872 999
1740784243426 11.838590019524208 1000
1740784246904 16.070069851790727 1001
1740784250432 17.214380855012365 1002
1740784254017 14.117756591295977 1003
1740784254972 12.589157183084291 1004
1740784258355 13.089151956075574 1005
1740784261644 59.37158912888697 1006
1740784265086 17.32857285606102 1007
1740784268424 35.81045510144338 1008
1740784271623 10.255838916683906 1009
1740784275064 12.345013599897158 1010
1740784278441 25.21208100650708 1011
1740784281693 5.449165433190761 1012
1740784284832 4.274983469433553 1013
1740784288360 3.5126513478889394 1014
1740784291692 16.20177042546781 1015
1740784295309 14.654875135102618 1016
1740784298623 31.447883585463888 1017
1740784301964 19.59441627460238 1018
1740784305277 16.50241779976581 1019
1740784308806 27.12497563505304 1020
1740784312077 10.29768358496589 1021
1740784315535 15.858652286184553 1022
1740784318868 8.560244210755403 1023
1740784322109 41.53336814014068 1024
1740784322983 6.828064791593101 1025
1740784326203 11.156235540313522 1026
1740784328999 44.01719687979969 1027
1740784332415 11.500088500899945 1028
1740784335876 12.116827827931182 1029
1740784339094 5.902682292443974 1030
1740784342410 28.51231346139618 1031
1740784345693 13.12624054129931 1032
1740784349063 55.909625306961495 1033
1740784352381 51.237224986847934 1034
1740784355866 4.287375341635462 1035
1740784359399 4.655474780424717 1036
1740784362642 8.107268354645615 1037
1740784366027 4.272301759961441 1038
1740784369643 8.246326339999596 1039
1740784373305 42.7324669298424 1040
1740784376504 8.965688279335987 1041
1740784379806 55.50870299271507 1042
1740784383107 10.460941471210386 1043
1740784386351 4.93529525971535 1044
1740784389647 38.362722429423144 1045
1740784392877 7.065162485688554 1046
1740784396345 6.531105039168893 1047
1740784399723 8.480060737656952 1048
1740784402952 33.670605283353076 1049
1740784406396 13.38497995132944 1050
1740784409687 4.253579695135562 1051
1740784413010 11.033846283908284 1052
1740784416327 4.389157855047881 1053
1740784419630 16.133098010574436 1054
1740784423243 47.70857920809682 1055
1740784426496 6.474273551989879 1056
1740784429944 9.016891487238274 1057
1740784433309 15.41046619448868 1058
1740784437035 12.486687465187094 1059
1740784441040 9.774652076297563 1060
1740784444452 23.068396591949227 1061
1740784447849 14.116606004453764 1062
1740784451211 6.973655406786544 1063
