1740688213822 0.9511101304657719 0
1740688226305 0.9046104802746175 1
1740688236695 0.8603841919146962 2
1740688237641 0.8603841919146962 3
1740688245784 0.8183201210226743 4
1740688255658 0.778312557068642 5
1740688265124 0.7402609576967045 6
1740688273119 0.7040696960536299 7
1740688280997 0.6696478204705644 8
1740688289258 0.6369088258938781 9
1740688297393 0.6057704364907278 10
1740688305064 0.5761543988830038 11
1740688314236 0.547986285490042 12
1740688321710 0.5211953074858876 13
1740688329386 0.49571413690105054 14
1740688336975 0.47147873742168567 15
1740688344511 0.4484282034609769 16
1740688351613 0.42650460709830135 17
1740688359016 0.40565285250151817 18
1740688366231 0.3858205374665315 19
1740688373203 0.3669578217261671 20
