1740688213822 0.08403568259543842 0
1740688226305 0.06901058584451675 1
1740688236695 0.053199931383132934 2
1740688237641 0.0 3
1740688245784 0.048669419139623644 4
1740688255658 0.044560175538063046 5
1740688265124 0.046815617606043816 6
1740688273119 0.057218575179576875 7
1740688280997 0.05798381596803665 8
1740688289258 0.07727735593914986 9
1740688297393 0.0708997055888176 10
1740688305064 0.0798802663385868 11
1740688314236 0.10155317157506943 12
1740688321710 0.11172716096043586 13
1740688329386 0.12344002187252044 14
1740688336975 0.11780254423618317 15
1740688344511 0.09951080247759819 16
1740688351613 0.08296179354190826 17
1740688359016 0.09154060631990432 18
1740688366231 0.08387471564114093 19
1740688373203 0.08418314076960087 20
