1740688213822 0.1678631106830479 0
1740688226305 0.09469206320436964 1
1740688236695 0.049066822452272583 2
1740688237641 1.0300419534039624 3
1740688245784 0.05433719558348851 4
1740688255658 0.09415444767184519 5
1740688265124 0.07804056621326727 6
1740688273119 0.12716076536690704 7
1740688280997 0.07763873590662498 8
1740688289258 0.05740044589188112 9
1740688297393 0.06969075695244097 10
1740688305064 0.47243079671867283 11
1740688314236 0.21991033851510766 12
1740688321710 0.04034010156267242 13
1740688329386 0.07287526787388136 14
1740688336975 0.1082285884322374 15
1740688344511 0.08986696470761274 16
1740688351613 0.07055472899295041 17
1740688359016 0.062458889742582464 18
1740688366231 0.10758387162455392 19
1740688373203 0.04288019997592657 20
