1740688213822 16.78631106830479 0
1740688226305 9.469206320436964 1
1740688236695 4.906682245227258 2
1740688237641 1.0300419534039624 3
1740688245784 5.433719558348852 4
1740688255658 9.41544476718452 5
1740688265124 7.804056621326727 6
1740688273119 12.716076536690704 7
1740688280997 7.763873590662499 8
1740688289258 5.740044589188112 9
1740688297393 6.969075695244097 10
1740688305064 47.243079671867285 11
1740688314236 21.991033851510768 12
1740688321710 4.034010156267242 13
1740688329386 7.287526787388137 14
1740688336975 10.82285884322374 15
1740688344511 8.986696470761274 16
1740688351613 7.055472899295042 17
1740688359016 6.245888974258246 18
1740688366231 10.758387162455392 19
1740688373203 4.288019997592657 20
