1740687459325 0.9511101304657719 0
1740687462444 0.9046104802746175 1
1740687465359 0.8603841919146962 2
1740687468525 0.8183201210226743 3
1740687471654 0.778312557068642 4
1740687474767 0.7402609576967045 5
1740687477813 0.7040696960536299 6
1740687480815 0.6696478204705644 7
1740687483749 0.6369088258938781 8
1740687486905 0.6057704364907278 9
1740687489844 0.5761543988830038 10
1740687492766 0.547986285490042 11
1740687495671 0.5211953074858876 12
1740687498586 0.49571413690105054 13
1740687501611 0.47147873742168567 14
1740687504764 0.4484282034609769 15
1740687507792 0.42650460709830135 16
1740687510849 0.40565285250151817 17
1740687513856 0.3858205374665315 18
1740687517086 0.3669578217261671 19
1740687520164 0.34901730169741024 20
1740687523266 0.33195389135223546 21
1740687526281 0.3157247089126454 22
1740687529277 0.30028896908517405 23
1740687532445 0.285607880564032 24
1740687535437 0.27164454854530906 25
1740687538378 0.2583638820072446 26
1740687541301 0.2457325055235537 27
1740687544354 0.23371867538818816 28
1740687547468 0.22229219984074702 29
1740687550589 0.21142436319205632 30
1740687553573 0.2010878536592394 31
1740687556540 0.1912566947289212 32
1740687559564 0.18190617987607657 33
1740687562478 0.1730128104744653 34
1740687565501 0.16455423674261854 35
1740687568468 0.15650920157696743 36
1740687571484 0.14885748713096328 37
1740687574472 0.14157986400593744 38
1740687578066 0.1346580429260134 39
1740687581301 0.12807462877562611 40
1740687584309 0.12181307688414106 41
1740687587242 0.11585765144771248 42
1740687590243 0.11019338598389174 43
1740687593180 0.10480604571960442 44
1740687596380 0.1 45
1740687599735 0.1 46
1740687602738 0.1 47
1740687605690 0.1 48
1740687608708 0.1 49
1740687611651 0.1 50
1740687614667 0.1 51
1740687617589 0.1 52
1740687620803 0.1 53
1740687623740 0.1 54
1740687626766 0.1 55
1740687630089 0.1 56
1740687633346 0.1 57
1740687636596 0.1 58
1740687639915 0.1 59
1740687642919 0.1 60
1740687646151 0.1 61
1740687649228 0.1 62
1740687652283 0.1 63
1740687655632 0.1 64
1740687658589 0.1 65
1740687661642 0.1 66
1740687664772 0.1 67
1740687668002 0.1 68
1740687671164 0.1 69
1740687675245 0.1 70
1740687678800 0.1 71
1740687682824 0.1 72
1740687686724 0.1 73
1740687690560 0.1 74
1740687694206 0.1 75
1740687697368 0.1 76
1740687700525 0.1 77
1740687703642 0.1 78
1740687706633 0.1 79
1740687709954 0.1 80
1740687713181 0.1 81
1740687716415 0.1 82
1740687719437 0.1 83
1740687722565 0.1 84
1740687725718 0.1 85
1740687728888 0.1 86
1740687731829 0.1 87
1740687734816 0.1 88
1740687738261 0.1 89
1740687741932 0.1 90
1740687745088 0.1 91
1740687748391 0.1 92
1740687751716 0.1 93
1740687755040 0.1 94
1740687758252 0.1 95
1740687761427 0.1 96
1740687764743 0.1 97
1740687767791 0.1 98
1740687770851 0.1 99
1740687773949 0.1 100
1740687777335 0.1 101
1740687780276 0.1 102
1740687783309 0.1 103
1740687786435 0.1 104
1740687789705 0.1 105
1740687792972 0.1 106
1740687796161 0.1 107
1740687799487 0.1 108
1740687802557 0.1 109
1740687805509 0.1 110
1740687808431 0.1 111
1740687811364 0.1 112
1740687814416 0.1 113
1740687817586 0.1 114
1740687820971 0.1 115
1740687823911 0.1 116
1740687827514 0.1 117
1740687830531 0.1 118
1740687833729 0.1 119
1740687837145 0.1 120
1740687840333 0.1 121
1740687843584 0.1 122
1740687846934 0.1 123
1740687849963 0.1 124
1740687853345 0.1 125
