1740687459325 0.052871265634894374 0
1740687462444 0.052270755320787426 1
1740687465359 0.05036310747265816 2
1740687468525 0.04012211345136166 3
1740687471654 0.0369277011603117 4
1740687474767 0.030841701254248618 5
1740687477813 0.03329888120293617 6
1740687480815 0.031471306681633 7
1740687483749 0.03671251803636551 8
1740687486905 0.0266848386824131 9
1740687489844 0.030781950727105142 10
1740687492766 0.022311716936528683 11
1740687495671 0.02899222694337368 12
1740687498586 0.02347821485251188 13
1740687501611 0.02975161336362362 14
1740687504764 0.021789694353938103 15
1740687507792 0.03096394971013069 16
1740687510849 0.02450790233910084 17
1740687513856 0.032245000377297404 18
1740687517086 0.022482820861041544 19
1740687520164 0.031073976531624792 20
1740687523266 0.0221882189437747 21
1740687526281 0.03279420405626297 22
1740687529277 0.02044221881777048 23
1740687532445 0.036548238322138785 24
1740687535437 0.02135071974247694 25
1740687538378 0.03451919615268707 26
1740687541301 0.02207203719764948 27
1740687544354 0.02469679284840822 28
1740687547468 0.024246039651334286 29
1740687550589 0.03092154547572136 30
1740687553573 0.021878288947045802 31
1740687556540 0.03805141106247902 32
1740687559564 0.020622017327696085 33
1740687562478 0.03283342804759741 34
1740687565501 0.02590957675129175 35
1740687568468 0.0405536045320332 36
1740687571484 0.03883709507063031 37
1740687574472 0.034458765890449286 38
1740687578066 0.03603683483786881 39
1740687581301 0.0436060306429863 40
1740687584309 0.03188966078683734 41
1740687587242 0.0418655457533896 42
1740687590243 0.044985205987468364 43
1740687593180 0.04631314601749182 44
1740687596380 0.04259039806202054 45
1740687599735 0.03245188299566507 46
1740687602738 0.03960652188397944 47
1740687605690 0.052534259827807545 48
1740687608708 0.04301495611667633 49
1740687611651 0.05442079849541187 50
1740687614667 0.034741187766194344 51
1740687617589 0.05731470102444291 52
1740687620803 0.03908778604120016 53
1740687623740 0.06667534347623587 54
1740687626766 0.07048632321879268 55
1740687630089 0.03812171396799385 56
1740687633346 0.06904832711443305 57
1740687636596 0.0344291347078979 58
1740687639915 0.04298798331990838 59
1740687642919 0.08327140560373664 60
1740687646151 0.06214395799674094 61
1740687649228 0.07971855631098151 62
1740687652283 0.06232639953494072 63
1740687655632 0.08688651434145868 64
1740687658589 0.04678963421843946 65
1740687661642 0.06432700470089912 66
1740687664772 0.09183893620036543 67
1740687668002 0.05551523637957871 68
1740687671164 0.07761401521973312 69
1740687675245 0.08614531530067325 70
1740687678800 0.11905303687788546 71
1740687682824 0.06455599341541529 72
1740687686724 0.07784814095124602 73
1740687690560 0.14594045475125314 74
1740687694206 0.0685829853080213 75
1740687697368 0.09614849146455526 76
1740687700525 0.08568166273646056 77
1740687703642 0.121953120008111 78
1740687706633 0.10637835262343287 79
1740687709954 0.13890289209783077 80
1740687713181 0.1104619331099093 81
1740687716415 0.09809600686654449 82
1740687719437 0.09914357833564282 83
1740687722565 0.1673794218339026 84
1740687725718 0.11002248279750347 85
1740687728888 0.1076370938681066 86
1740687731829 0.16618717717006803 87
1740687734816 0.16816851718351244 88
1740687738261 0.12285758985206485 89
1740687741932 0.1108273165859282 90
1740687745088 0.08195636887103319 91
1740687748391 0.13485881265252828 92
1740687751716 0.13716129470616578 93
1740687755040 0.15159451363608242 94
1740687758252 0.07494119198061526 95
1740687761427 0.13189634719863533 96
1740687764743 0.17911858381703497 97
1740687767791 0.13021477753296495 98
1740687770851 0.127803421523422 99
1740687773949 0.1573752179928124 100
1740687777335 0.16270043428987266 101
1740687780276 0.19879663530737163 102
1740687783309 0.1349123029783368 103
1740687786435 0.174706974811852 104
1740687789705 0.22091321462765337 105
1740687792972 0.19504985701292754 106
1740687796161 0.21145288959145547 107
1740687799487 0.19161622997373343 108
1740687802557 0.08946310810744762 109
1740687805509 0.2158828052505851 110
1740687808431 0.183903578389436 111
1740687811364 0.24505566276609897 112
1740687814416 0.27141590911895036 113
1740687817586 0.17188900960609316 114
1740687820971 0.19280917359516025 115
1740687823911 0.12620214272290467 116
1740687827514 0.23175116267055274 117
1740687830531 0.12502179630100727 118
1740687833729 0.23105576742440462 119
1740687837145 0.33404412217438223 120
1740687840333 0.2350973199121654 121
1740687843584 0.3066128573939204 122
1740687846934 0.1448464062437415 123
1740687849963 0.31134456548839806 124
1740687853345 0.21388329410925508 125
