1740687459325 0.1143269625501509 0
1740687462444 0.0938361920124769 1
1740687465359 0.1068290982101507 2
1740687468525 0.074853050495577 3
1740687471654 0.05528488398249494 4
1740687474767 0.06547248300464582 5
1740687477813 0.12652284514469941 6
1740687480815 0.0673372000780702 7
1740687483749 0.057182456898160365 8
1740687486905 0.11089112209092253 9
1740687489844 0.148952892933386 10
1740687492766 0.0716432719034058 11
1740687495671 0.09287594965035012 12
1740687498586 0.11864122069197162 13
1740687501611 0.06505143677316248 14
1740687504764 0.09753204613896603 15
1740687507792 0.22937139125477618 16
1740687510849 0.049998866889386505 17
1740687513856 0.08417228535396803 18
1740687517086 0.06169395860540046 19
1740687520164 0.08314110210785267 20
1740687523266 0.11655834738928762 21
1740687526281 0.07226980568470957 22
1740687529277 0.052326262203140184 23
1740687532445 0.13452966641577535 24
1740687535437 0.11158327669152587 25
1740687538378 0.06130831178125453 26
1740687541301 0.13159528971658477 27
1740687544354 0.23045304469767822 28
1740687547468 0.04518539359582856 29
1740687550589 0.07042413401576669 30
1740687553573 0.30759236734343587 31
1740687556540 0.06447744908339316 32
1740687559564 0.07787761148582728 33
1740687562478 0.08704830313692702 34
1740687565501 0.04305715580702235 35
1740687568468 0.0554637271602018 36
1740687571484 0.10131677934097393 37
1740687574472 0.05168863324517625 38
1740687578066 0.1850207298964913 39
1740687581301 0.07085559797234561 40
1740687584309 0.08935170971748653 41
1740687587242 0.0364165852643553 42
1740687590243 0.10204780843459686 43
1740687593180 0.265401146227235 44
1740687596380 0.14081492496687195 45
1740687599735 0.03559337104628617 46
1740687602738 0.05806876677524096 47
1740687605690 0.18708187902751966 48
1740687608708 0.17532549792225408 49
1740687611651 0.09021837183601417 50
1740687614667 0.10126395863157787 51
1740687617589 0.13642124397486893 52
1740687620803 0.07914523023515369 53
1740687623740 0.08422796886298899 54
1740687626766 0.12883660728596655 55
1740687630089 0.05465284635057542 56
1740687633346 0.07189029270238706 57
1740687636596 0.08245493201261021 58
1740687639915 0.06283282082692047 59
1740687642919 0.10354504313001334 60
1740687646151 0.21461608165403803 61
1740687649228 0.14783543524762482 62
1740687652283 0.04021348881560387 63
1740687655632 0.05570271831829816 64
1740687658589 0.3579241852167869 65
1740687661642 0.3031692772415103 66
1740687664772 0.049826169713759964 67
1740687668002 0.07186232540567541 68
1740687671164 0.08119770689088661 69
1740687675245 0.11953802024062499 70
1740687678800 0.06096038390827237 71
1740687682824 0.13046809591888045 72
1740687686724 0.12413746010985807 73
1740687690560 0.079875685557832 74
1740687694206 0.16196000136591984 75
1740687697368 0.06585205410214384 76
1740687700525 0.049129440818758016 77
1740687703642 0.054668294678995755 78
1740687706633 0.10929207536237646 79
1740687709954 0.055117740064387494 80
1740687713181 0.08218108716606018 81
1740687716415 0.07996014656533951 82
1740687719437 0.12313450390437303 83
1740687722565 0.0751107491458897 84
1740687725718 0.11067366212664168 85
1740687728888 0.05402803860982397 86
1740687731829 0.1036321530344308 87
1740687734816 0.2301460756698962 88
1740687738261 0.05781272923929782 89
1740687741932 0.0758435606644772 90
1740687745088 0.32538192344156824 91
1740687748391 0.3273021064073205 92
1740687751716 0.0528687894862752 93
1740687755040 0.05450997359875085 94
1740687758252 0.042637255195476245 95
1740687761427 0.15570976170130618 96
1740687764743 0.3678853801793353 97
1740687767791 0.11786096270881219 98
1740687770851 0.5975890433241849 99
1740687773949 0.1103754043351089 100
1740687777335 0.04893664585384956 101
1740687780276 0.05838301591992327 102
1740687783309 0.6902470306096931 103
1740687786435 0.08136522305260135 104
1740687789705 0.0710587180363309 105
1740687792972 0.18996325309782272 106
1740687796161 0.05226629158389844 107
1740687799487 0.13242742810006727 108
1740687802557 0.07336437921863699 109
1740687805509 0.09773571139053924 110
1740687808431 0.11140046318742629 111
1740687811364 0.11892180355239489 112
1740687814416 0.06228503131167217 113
1740687817586 0.053207821569578206 114
1740687820971 0.3967072879690429 115
1740687823911 0.34154049885109006 116
1740687827514 0.18323433755240945 117
1740687830531 0.08208582137167567 118
1740687833729 0.05849640104585352 119
1740687837145 0.12195999079964674 120
1740687840333 0.12464270962635547 121
1740687843584 0.08125597894100911 122
1740687846934 0.14274580852712318 123
1740687849963 0.08444111012857465 124
1740687853345 0.3259675971900348 125
