1740687459325 11.43269625501509 0
1740687462444 9.38361920124769 1
1740687465359 10.68290982101507 2
1740687468525 7.4853050495577005 3
1740687471654 5.528488398249494 4
1740687474767 6.547248300464583 5
1740687477813 12.652284514469942 6
1740687480815 6.73372000780702 7
1740687483749 5.718245689816037 8
1740687486905 11.089112209092253 9
1740687489844 14.895289293338601 10
1740687492766 7.164327190340581 11
1740687495671 9.287594965035012 12
1740687498586 11.864122069197162 13
1740687501611 6.505143677316249 14
1740687504764 9.753204613896603 15
1740687507792 22.937139125477618 16
1740687510849 4.99988668893865 17
1740687513856 8.417228535396804 18
1740687517086 6.169395860540046 19
1740687520164 8.314110210785266 20
1740687523266 11.655834738928762 21
1740687526281 7.226980568470958 22
1740687529277 5.232626220314018 23
1740687532445 13.452966641577536 24
1740687535437 11.158327669152587 25
1740687538378 6.130831178125453 26
1740687541301 13.159528971658478 27
1740687544354 23.04530446976782 28
1740687547468 4.518539359582856 29
1740687550589 7.042413401576669 30
1740687553573 30.759236734343585 31
1740687556540 6.447744908339316 32
1740687559564 7.787761148582728 33
1740687562478 8.704830313692701 34
1740687565501 4.305715580702235 35
1740687568468 5.54637271602018 36
1740687571484 10.131677934097393 37
1740687574472 5.168863324517625 38
1740687578066 18.50207298964913 39
1740687581301 7.085559797234562 40
1740687584309 8.935170971748652 41
1740687587242 3.6416585264355303 42
1740687590243 10.204780843459686 43
1740687593180 26.5401146227235 44
1740687596380 14.081492496687195 45
1740687599735 3.559337104628617 46
1740687602738 5.806876677524096 47
1740687605690 18.708187902751966 48
1740687608708 17.532549792225407 49
1740687611651 9.021837183601416 50
1740687614667 10.126395863157788 51
1740687617589 13.642124397486894 52
1740687620803 7.914523023515369 53
1740687623740 8.422796886298899 54
1740687626766 12.883660728596654 55
1740687630089 5.465284635057542 56
1740687633346 7.189029270238707 57
1740687636596 8.245493201261022 58
1740687639915 6.283282082692048 59
1740687642919 10.354504313001334 60
1740687646151 21.461608165403803 61
1740687649228 14.783543524762482 62
1740687652283 4.021348881560387 63
1740687655632 5.570271831829816 64
1740687658589 35.79241852167869 65
1740687661642 30.316927724151032 66
1740687664772 4.982616971375997 67
1740687668002 7.186232540567541 68
1740687671164 8.11977068908866 69
1740687675245 11.9538020240625 70
1740687678800 6.096038390827236 71
1740687682824 13.046809591888046 72
1740687686724 12.413746010985808 73
1740687690560 7.9875685557832 74
1740687694206 16.196000136591984 75
1740687697368 6.5852054102143835 76
1740687700525 4.912944081875802 77
1740687703642 5.466829467899576 78
1740687706633 10.929207536237646 79
1740687709954 5.511774006438749 80
1740687713181 8.218108716606018 81
1740687716415 7.9960146565339505 82
1740687719437 12.313450390437303 83
1740687722565 7.51107491458897 84
1740687725718 11.067366212664167 85
1740687728888 5.402803860982397 86
1740687731829 10.363215303443079 87
1740687734816 23.01460756698962 88
1740687738261 5.781272923929782 89
1740687741932 7.58435606644772 90
1740687745088 32.538192344156826 91
1740687748391 32.73021064073205 92
1740687751716 5.28687894862752 93
1740687755040 5.450997359875085 94
1740687758252 4.2637255195476245 95
1740687761427 15.570976170130619 96
1740687764743 36.78853801793353 97
1740687767791 11.786096270881218 98
1740687770851 59.758904332418496 99
1740687773949 11.03754043351089 100
1740687777335 4.893664585384956 101
1740687780276 5.838301591992328 102
1740687783309 69.0247030609693 103
1740687786435 8.136522305260135 104
1740687789705 7.10587180363309 105
1740687792972 18.99632530978227 106
1740687796161 5.226629158389844 107
1740687799487 13.242742810006726 108
1740687802557 7.336437921863699 109
1740687805509 9.773571139053924 110
1740687808431 11.140046318742629 111
1740687811364 11.89218035523949 112
1740687814416 6.228503131167217 113
1740687817586 5.32078215695782 114
1740687820971 39.67072879690429 115
1740687823911 34.154049885109 116
1740687827514 18.323433755240945 117
1740687830531 8.208582137167566 118
1740687833729 5.849640104585352 119
1740687837145 12.195999079964674 120
1740687840333 12.464270962635547 121
1740687843584 8.125597894100911 122
1740687846934 14.274580852712317 123
1740687849963 8.444111012857466 124
1740687853345 32.59675971900348 125
