1740922536730 0.995 0
1740922540143 0.990025 1
1740922543616 0.985074875 2
1740922547108 0.9801495006250001 3
1740922550464 0.9752487531218751 4
1740922553842 0.9703725093562657 5
1740922557137 0.9655206468094844 6
1740922560446 0.960693043575437 7
1740922563731 0.9558895783575597 8
1740922567205 0.9511101304657719 9
1740922570732 0.946354579813443 10
1740922574136 0.9416228069143757 11
1740922577446 0.9369146928798039 12
1740922580976 0.9322301194154049 13
1740922584617 0.9275689688183278 14
1740922586191 0.9275689688183278 15
1740922589855 0.9229311239742362 16
1740922593420 0.918316468354365 17
1740922597066 0.9137248860125932 18
1740922600796 0.9091562615825302 19
1740922604564 0.9046104802746175 20
1740922608290 0.9000874278732445 21
1740922611964 0.8955869907338783 22
1740922615661 0.8911090557802088 23
1740922619240 0.8866535105013078 24
1740922622649 0.8822202429488013 25
1740922626264 0.8778091417340573 26
1740922630135 0.8734200960253871 27
1740922633663 0.8690529955452602 28
1740922637196 0.8647077305675338 29
1740922640866 0.8603841919146962 30
1740922644632 0.8560822709551227 31
1740922648232 0.851801859600347 32
1740922651782 0.8475428503023453 33
1740922655449 0.8433051360508336 34
1740922658996 0.8390886103705794 35
1740922662650 0.8348931673187264 36
1740922666278 0.8307187014821328 37
1740922669810 0.8265651079747222 38
1740922673302 0.8224322824348486 39
1740922676847 0.8183201210226743 40
1740922680182 0.8142285204175609 41
1740922683691 0.810157377815473 42
1740922687578 0.8061065909263957 43
1740922691234 0.8020760579717637 44
1740922695275 0.798065677681905 45
1740922698768 0.7940753492934954 46
1740922702516 0.7901049725470279 47
1740922706001 0.7861544476842928 48
1740922709719 0.7822236754458713 49
1740922713375 0.778312557068642 50
1740922717021 0.7744209942832988 51
