1740922536730 0.10062388479709625 0
1740922540143 0.016553477123379706 1
1740922543616 0.002587267542257905 2
1740922547108 0.0017262954800389707 3
1740922550464 0.003337171133607626 4
1740922553842 0.002349534765817225 5
1740922557137 0.0016104007558897138 6
1740922560446 0.0012308447435498237 7
1740922563731 0.0009836399741470813 8
1740922567205 0.000806962001370266 9
1740922570732 0.0007636047014966608 10
1740922574136 0.0008447231422178447 11
1740922577446 0.0008356132067274302 12
1740922580976 0.0008623909251764416 13
1740922584617 0.0008728333446197212 14
1740922586191 0.0008385988985537551 15
1740922589855 0.0025013739615678786 16
1740922593420 0.002349632594268769 17
1740922597066 0.001696237165015191 18
1740922600796 0.0021881978726014497 19
1740922604564 0.0022084846789948644 20
1740922608290 0.002290702066384256 21
1740922611964 0.0023516669939272106 22
1740922615661 0.0022225950146093965 23
1740922619240 0.0014938787720166146 24
1740922622649 0.002020398445893079 25
1740922626264 0.0013849951955489815 26
1740922630135 0.0018577554449439049 27
1740922633663 0.001301725006196648 28
1740922637196 0.0020598930586129428 29
1740922640866 0.002232926916331053 30
1740922644632 0.0016493252525106071 31
1740922648232 0.002394382068887353 32
1740922651782 0.0018734580464661121 33
1740922655449 0.0014895734982565045 34
1740922658996 0.0022007167246192692 35
1740922662650 0.0014052678924053907 36
1740922666278 0.0025791887124069035 37
1740922669810 0.0016251491312868893 38
1740922673302 0.0016343599942047148 39
1740922676847 0.002168275087606162 40
1740922680182 0.002713943128474057 41
1740922683691 0.0023853514669463036 42
1740922687578 0.0019751903554424645 43
1740922691234 0.002278004453983158 44
1740922695275 0.0013565339474007488 45
1740922698768 0.002889931625686586 46
1740922702516 0.0020258052344433964 47
1740922706001 0.0042681450443342326 48
1740922709719 0.002112028442788869 49
1740922713375 0.0024433391448110344 50
1740922717021 0.0031235031154938043 51
