1740922536730 0.14061464771831253 0
1740922540143 0.1221184743634301 1
1740922543616 0.05363581284828189 2
1740922547108 0.1929963230231838 3
1740922550464 0.23047604008499675 4
1740922553842 0.13104592040504437 5
1740922557137 0.05617287443695952 6
1740922560446 0.07113760713251094 7
1740922563731 0.07319333901469303 8
1740922567205 0.09213636402527388 9
1740922570732 0.11569596943377512 10
1740922574136 0.06752243104276982 11
1740922577446 0.1576520146480647 12
1740922580976 0.08883870164303284 13
1740922584617 0.08364179730380665 14
1740922586191 0.2802931211318854 15
1740922589855 0.08427031235135353 16
1740922593420 0.07219638242883707 17
1740922597066 0.07295643091724785 18
1740922600796 0.28540192946581155 19
1740922604564 0.07147441008567407 20
1740922608290 0.10516124034184708 21
1740922611964 0.0869191342738537 22
1740922615661 0.11790376048714267 23
1740922619240 0.11570228952061472 24
1740922622649 0.06235175237071013 25
1740922626264 0.05610406068354079 26
1740922630135 0.11225792505843903 27
1740922633663 0.07080771520823026 28
1740922637196 0.12600293059811105 29
1740922640866 0.10369788053477594 30
1740922644632 0.08495206267806253 31
1740922648232 0.08199139022782244 32
1740922651782 0.08589169722542518 33
1740922655449 0.08073845605130713 34
1740922658996 0.07933578106389445 35
1740922662650 0.08829435128192906 36
1740922666278 0.042733647809894075 37
1740922669810 0.07295563080380568 38
1740922673302 0.06407843867574582 39
1740922676847 0.39593759346309776 40
1740922680182 0.10231841911591108 41
1740922683691 0.16001383901719304 42
1740922687578 0.13235454397799473 43
1740922691234 0.09978767646597873 44
1740922695275 0.18001094902488524 45
1740922698768 0.11784830448849977 46
1740922702516 0.056436252368704046 47
1740922706001 0.09263651437109587 48
1740922709719 0.11552239387726518 49
1740922713375 0.06814068431979492 50
1740922717021 0.22114517413499032 51
