1740922536730 14.061464771831254 0
1740922540143 12.21184743634301 1
1740922543616 5.3635812848281885 2
1740922547108 19.299632302318383 3
1740922550464 23.047604008499675 4
1740922553842 13.104592040504437 5
1740922557137 5.617287443695952 6
1740922560446 7.113760713251094 7
1740922563731 7.319333901469304 8
1740922567205 9.213636402527388 9
1740922570732 11.569596943377512 10
1740922574136 6.752243104276983 11
1740922577446 15.76520146480647 12
1740922580976 8.883870164303284 13
1740922584617 8.364179730380664 14
1740922586191 8.969379876220334 15
1740922589855 8.427031235135352 16
1740922593420 7.219638242883707 17
1740922597066 7.295643091724784 18
1740922600796 28.540192946581154 19
1740922604564 7.147441008567407 20
1740922608290 10.516124034184708 21
1740922611964 8.69191342738537 22
1740922615661 11.790376048714267 23
1740922619240 11.570228952061472 24
1740922622649 6.235175237071013 25
1740922626264 5.610406068354079 26
1740922630135 11.225792505843902 27
1740922633663 7.080771520823026 28
1740922637196 12.600293059811104 29
1740922640866 10.369788053477594 30
1740922644632 8.495206267806253 31
1740922648232 8.199139022782244 32
1740922651782 8.589169722542518 33
1740922655449 8.073845605130712 34
1740922658996 7.9335781063894455 35
1740922662650 8.829435128192905 36
1740922666278 4.273364780989407 37
1740922669810 7.2955630803805676 38
1740922673302 6.407843867574583 39
1740922676847 39.593759346309774 40
1740922680182 10.231841911591108 41
1740922683691 16.001383901719304 42
1740922687578 13.235454397799472 43
1740922691234 9.978767646597873 44
1740922695275 18.001094902488525 45
1740922698768 11.784830448849977 46
1740922702516 5.643625236870404 47
1740922706001 9.263651437109587 48
1740922709719 11.552239387726518 49
1740922713375 6.814068431979492 50
1740922717021 22.114517413499033 51
