1740785865204 0.995 0
1740785868447 0.990025 1
1740785871760 0.985074875 2
1740785875159 0.9801495006250001 3
1740785878509 0.9752487531218751 4
1740785881654 0.9703725093562657 5
1740785884715 0.9655206468094844 6
1740785887966 0.960693043575437 7
1740785891111 0.9558895783575597 8
1740785894507 0.9511101304657719 9
1740785897593 0.946354579813443 10
1740785900850 0.9416228069143757 11
1740785904122 0.9369146928798039 12
1740785907444 0.9322301194154049 13
1740785910651 0.9275689688183278 14
1740785913983 0.9229311239742362 15
1740785917184 0.918316468354365 16
1740785920440 0.9137248860125932 17
1740785923732 0.9091562615825302 18
1740785927000 0.9046104802746175 19
1740785930194 0.9000874278732445 20
1740785933515 0.8955869907338783 21
1740785936933 0.8911090557802088 22
1740785940210 0.8866535105013078 23
1740785943468 0.8822202429488013 24
1740785946593 0.8778091417340573 25
1740785949807 0.8734200960253871 26
1740785953177 0.8690529955452602 27
1740785956524 0.8647077305675338 28
1740785959849 0.8603841919146962 29
1740785963107 0.8560822709551227 30
1740785966481 0.851801859600347 31
1740785969605 0.8475428503023453 32
1740785972918 0.8433051360508336 33
1740785976278 0.8390886103705794 34
1740785979768 0.8348931673187264 35
1740785983069 0.8307187014821328 36
1740785986523 0.8265651079747222 37
1740785989665 0.8224322824348486 38
1740785992952 0.8183201210226743 39
1740785995958 0.8142285204175609 40
1740785999152 0.810157377815473 41
1740786002245 0.8061065909263957 42
1740786005647 0.8020760579717637 43
1740786009015 0.798065677681905 44
1740786012385 0.7940753492934954 45
1740786015861 0.7901049725470279 46
1740786019272 0.7861544476842928 47
1740786022658 0.7822236754458713 48
1740786026059 0.778312557068642 49
1740786029488 0.7744209942832988 50
1740786032952 0.7705488893118823 51
1740786036439 0.7666961448653229 52
1740786039989 0.7628626641409962 53
1740786043434 0.7590483508202912 54
1740786046734 0.7552531090661897 55
1740786050284 0.7514768435208588 56
1740786053717 0.7477194593032545 57
1740786057435 0.7439808620067382 58
1740786060971 0.7402609576967045 59
1740786064208 0.736559652908221 60
1740786067640 0.7328768546436799 61
1740786071103 0.7292124703704616 62
1740786074582 0.7255664080186093 63
1740786078224 0.7219385759785162 64
1740786081804 0.7183288830986236 65
1740786085274 0.7147372386831305 66
1740786089064 0.7111635524897149 67
1740786092833 0.7076077347272662 68
1740786096636 0.7040696960536299 69
1740786100382 0.7005493475733617 70
1740786103876 0.697046600835495 71
1740786107553 0.6935613678313175 72
1740786111253 0.6900935609921609 73
1740786114974 0.6866430931872001 74
1740786118803 0.6832098777212641 75
1740786122954 0.6797938283326578 76
1740786126747 0.6763948591909945 77
1740786130616 0.6730128848950395 78
1740786134589 0.6696478204705644 79
1740786138161 0.6662995813682115 80
1740786142123 0.6629680834613705 81
1740786145959 0.6596532430440636 82
1740786149705 0.6563549768288433 83
1740786153507 0.653073201944699 84
1740786157178 0.6498078359349755 85
1740786160770 0.6465587967553006 86
1740786164594 0.6433260027715241 87
1740786168125 0.6401093727576664 88
1740786171818 0.6369088258938781 89
1740786175449 0.6337242817644086 90
1740786179037 0.6305556603555866 91
1740786182734 0.6274028820538087 92
1740786186518 0.6242658676435396 93
1740786190124 0.6211445383053219 94
1740786193862 0.6180388156137953 95
1740786197544 0.6149486215357263 96
1740786201463 0.6118738784280476 97
1740786205211 0.6088145090359074 98
1740786208905 0.6057704364907278 99
1740786212825 0.6027415843082742 100
1740786216798 0.5997278763867329 101
1740786220913 0.5967292370047992 102
1740786224684 0.5937455908197752 103
1740786228619 0.5907768628656763 104
1740786232266 0.5878229785513479 105
1740786235778 0.5848838636585911 106
1740786239586 0.5819594443402982 107
1740786243367 0.5790496471185967 108
1740786247203 0.5761543988830038 109
1740786251003 0.5732736268885887 110
1740786254598 0.5704072587541458 111
1740786258414 0.567555222460375 112
1740786261863 0.5647174463480732 113
1740786265557 0.5618938591163328 114
1740786269224 0.5590843898207511 115
1740786272880 0.5562889678716474 116
1740786276384 0.5535075230322891 117
1740786279788 0.5507399854171277 118
1740786283364 0.547986285490042 119
1740786287267 0.5452463540625918 120
1740786290877 0.5425201222922789 121
1740786294542 0.5398075216808175 122
1740786298045 0.5371084840724134 123
1740786301595 0.5344229416520513 124
1740786304968 0.531750826943791 125
1740786308707 0.5290920728090721 126
1740786312292 0.5264466124450268 127
1740786315978 0.5238143793828016 128
1740786319601 0.5211953074858876 129
1740786323264 0.5185893309484582 130
1740786326633 0.5159963842937159 131
1740786329945 0.5134164023722473 132
1740786333498 0.510849320360386 133
1740786336877 0.5082950737585841 134
1740786340530 0.5057535983897912 135
1740786343857 0.5032248303978422 136
1740786347462 0.500708706245853 137
1740786351236 0.4982051627146237 138
1740786355127 0.49571413690105054 139
1740786358729 0.4932355662165453 140
1740786362402 0.4907693883854626 141
1740786365932 0.4883155414435353 142
1740786369648 0.4858739637363176 143
1740786373406 0.483444593917636 144
1740786377063 0.4810273709480478 145
1740786380440 0.47862223409330756 146
1740786384073 0.47622912292284103 147
1740786387630 0.4738479773082268 148
1740786391220 0.47147873742168567 149
1740786394852 0.46912134373457726 150
1740786398344 0.46677573701590436 151
1740786401695 0.46444185833082485 152
1740786405009 0.46211964903917074 153
1740786408396 0.4598090507939749 154
1740786411975 0.457510005540005 155
1740786415531 0.45522245551230495 156
1740786419211 0.4529463432347434 157
1740786423504 0.4506816115185697 158
1740786427195 0.4484282034609769 159
1740786430721 0.446186062443672 160
1740786434093 0.4439551321314536 161
1740786437708 0.4417353564707963 162
1740786441239 0.43952667968844233 163
1740786444865 0.43732904629000013 164
1740786448411 0.4351424010585501 165
1740786452126 0.43296668905325736 166
1740786455598 0.43080185560799106 167
1740786459048 0.4286478463299511 168
1740786462514 0.42650460709830135 169
1740786466219 0.42437208406280985 170
1740786469962 0.4222502236424958 171
1740786473309 0.42013897252428334 172
1740786476821 0.4180382776616619 173
1740786480288 0.4159480862733536 174
1740786483738 0.41386834584198684 175
1740786487297 0.4117990041127769 176
1740786490990 0.40974000909221303 177
1740786494628 0.40769130904675194 178
1740786498112 0.40565285250151817 179
1740786501621 0.4036245882390106 180
1740786505192 0.4016064652978155 181
1740786508740 0.3995984329713264 182
1740786512378 0.3976004408064698 183
1740786515886 0.39561243860243744 184
1740786519526 0.3936343764094253 185
1740786523024 0.39166620452737816 186
1740786526663 0.3897078735047413 187
1740786530139 0.3877593341372176 188
1740786533858 0.3858205374665315 189
1740786537611 0.38389143477919885 190
1740786541123 0.3819719776053028 191
1740786544758 0.3800621177172763 192
1740786548399 0.37816180712868996 193
1740786552013 0.37627099809304654 194
1740786555595 0.3743896431025813 195
1740786559188 0.37251769488706843 196
1740786562986 0.3706551064126331 197
1740786566438 0.36880183088056995 198
1740786569943 0.3669578217261671 199
1740786573378 0.36512303261753626 200
1740786576959 0.3632974174544486 201
1740786580494 0.3614809303671764 202
1740786584239 0.3596735257153405 203
1740786588109 0.3578751580867638 204
1740786591743 0.35608578229633 205
1740786595227 0.3543053533848483 206
1740786599247 0.35253382661792404 207
1740786603123 0.3507711574848344 208
1740786607000 0.34901730169741024 209
1740786610565 0.3472722151889232 210
1740786614193 0.3455358541129786 211
1740786614744 0.3455358541129786 212
1740786618793 0.3438081748424137 213
1740786622281 0.3420891339682016 214
1740786625776 0.3403786882983606 215
1740786629148 0.3386767948568688 216
1740786632769 0.33698341088258443 217
1740786636202 0.3352984938281715 218
1740786640186 0.33362200135903064 219
1740786643657 0.33195389135223546 220
1740786647511 0.3302941218954743 221
1740786651013 0.32864265128599696 222
1740786655000 0.326999438029567 223
1740786658492 0.3253644408394192 224
1740786662190 0.3237376186352221 225
1740786665889 0.322118930542046 226
1740786669554 0.32050833588933575 227
1740786672965 0.31890579420988907 228
1740786676678 0.3173112652388396 229
1740786680154 0.3157247089126454 230
1740786683747 0.3141460853680822 231
1740786687570 0.3125753549412418 232
1740786690966 0.31101247816653554 233
1740786694533 0.30945741577570285 234
1740786697994 0.3079101286968243 235
1740786701332 0.3063705780533402 236
1740786704764 0.30483872516307353 237
1740786708268 0.3033145315372582 238
1740786711823 0.3017979588795719 239
1740786715333 0.30028896908517405 240
1740786718898 0.2987875242397482 241
1740786722484 0.29729358661854943 242
1740786725886 0.29580711868545667 243
1740786729553 0.2943280830920294 244
1740786733354 0.29285644267656924 245
1740786736851 0.2913921604631864 246
1740786740717 0.28993519966087045 247
1740786744128 0.2884855236625661 248
1740786747822 0.28704309604425327 249
1740786751478 0.285607880564032 250
1740786755303 0.28417984116121187 251
1740786759214 0.2827589419554058 252
1740786762785 0.28134514724562876 253
1740786766456 0.2799384215094006 254
1740786769922 0.27853872940185365 255
1740786773300 0.27714603575484437 256
1740786776916 0.2757603055760701 257
1740786780363 0.2743815040481898 258
1740786784032 0.2730095965279488 259
1740786787418 0.27164454854530906 260
1740786791416 0.2702863258025825 261
1740786795007 0.2689348941735696 262
1740786798713 0.26759021970270175 263
1740786802522 0.2662522686041882 264
1740786805521 0.2662522686041882 265
1740786809348 0.2649210072611673 266
1740786812994 0.26359640222486147 267
1740786816707 0.26227842021373715 268
1740786820199 0.2609670281126685 269
1740786823846 0.25966219297210513 270
1740786827415 0.2583638820072446 271
1740786831237 0.2570720625972084 272
1740786834806 0.25578670228422234 273
1740786838377 0.25450776877280124 274
1740786842016 0.2532352299289372 275
1740786845905 0.2519690537792925 276
1740786849279 0.2507092085103961 277
1740786852960 0.2494556624678441 278
1740786856759 0.24820838415550486 279
1740786860520 0.24696734223472733 280
1740786864018 0.2457325055235537 281
1740786867832 0.24450384299593592 282
1740786871408 0.24328132378095624 283
1740786875057 0.24206491716205145 284
1740786878615 0.2408545925762412 285
1740786882273 0.23965031961336 286
1740786885985 0.2384520680152932 287
1740786889645 0.23725980767521673 288
1740786893142 0.23607350863684065 289
1740786896923 0.23489314109365644 290
1740786900838 0.23371867538818816 291
1740786904704 0.23255008201124722 292
1740786908266 0.231387331601191 293
1740786912235 0.23023039494318503 294
1740786915850 0.2290792429684691 295
1740786919512 0.22793384675362674 296
1740786923194 0.22679417751985861 297
1740786926957 0.22566020663225933 298
1740786930602 0.22453190559909803 299
1740786934275 0.22340924607110255 300
1740786937959 0.22229219984074702 301
1740786941874 0.2211807388415433 302
1740786945520 0.22007483514733558 303
1740786949253 0.2189744609715989 304
1740786953082 0.2178795886667409 305
1740786956724 0.2167901907234072 306
1740786960587 0.21570623976979014 307
1740786964612 0.21462770857094118 308
1740786968245 0.21355457002808648 309
1740786971883 0.21248679717794605 310
1740786975426 0.21142436319205632 311
1740786978995 0.21036724137609603 312
1740786982849 0.20931540516921554 313
1740786986227 0.20826882814336947 314
1740786989878 0.20722748400265262 315
1740786993436 0.20619134658263935 316
1740786997005 0.20516038984972615 317
1740787000369 0.2041345879004775 318
1740787003797 0.2031139149609751 319
1740787007521 0.20209834538617025 320
1740787011176 0.2010878536592394 321
1740787014903 0.2000824143909432 322
1740787018438 0.19908200231898848 323
1740787022109 0.19808659230739353 324
1740787025972 0.19709615934585656 325
1740787029488 0.19611067854912728 326
1740787032870 0.19513012515638165 327
1740787036394 0.19415447453059972 328
1740787040122 0.19318370215794672 329
1740787043670 0.192217783647157 330
1740787047266 0.1912566947289212 331
1740787051113 0.1903004112552766 332
1740787054754 0.18934890919900021 333
1740787058239 0.18840216465300522 334
1740787061752 0.18746015382974018 335
1740787065512 0.1865228530605915 336
1740787069273 0.18559023879528855 337
1740787073138 0.1846622876013121 338
1740787076663 0.18373897616330553 339
1740787080152 0.182820281282489 340
1740787083957 0.18190617987607657 341
1740787087597 0.18099664897669618 342
1740787091379 0.1800916657318127 343
1740787094892 0.17919120740315364 344
1740787098679 0.17829525136613786 345
1740787102120 0.17740377510930716 346
1740787105518 0.17651675623376062 347
1740787108992 0.1756341724525918 348
1740787112579 0.17475600159032884 349
1740787116116 0.17388222158237718 350
1740787119933 0.1730128104744653 351
1740787123603 0.17214774642209296 352
1740787126985 0.1712870076899825 353
1740787130548 0.17043057265153258 354
1740787134185 0.16957841978827493 355
1740787137907 0.16873052768933355 356
1740787141774 0.1678868750508869 357
1740787145665 0.16704744067563246 358
1740787149324 0.1662122034722543 359
1740787152849 0.16538114245489302 360
1740787156514 0.16455423674261854 361
1740787160292 0.16373146555890544 362
1740787164220 0.16291280823111093 363
1740787167885 0.16209824418995536 364
1740787171612 0.16128775296900558 365
1740787175053 0.16048131420416054 366
1740787178715 0.15967890763313974 367
1740787182191 0.15888051309497406 368
1740787185876 0.1580861105294992 369
1740787189660 0.1572956799768517 370
1740787193105 0.15650920157696743 371
1740787196571 0.1557266555690826 372
1740787200051 0.1549480222912372 373
1740787203857 0.15417328217978102 374
1740787207274 0.1534024157688821 375
1740787210801 0.1526354036900377 376
1740787214332 0.1518722266715875 377
1740787218119 0.15111286553822956 378
1740787221602 0.15035730121053842 379
1740787225061 0.14960551470448571 380
1740787228732 0.14885748713096328 381
1740787232474 0.14811319969530845 382
1740787236077 0.1473726336968319 383
1740787239554 0.14663577052834775 384
1740787243249 0.14590259167570602 385
1740787247011 0.1451730787173275 386
1740787250550 0.14444721332374086 387
1740787254162 0.14372497725712216 388
1740787257987 0.14300635237083656 389
1740787261748 0.14229132060898236 390
1740787265205 0.14157986400593744 391
1740787268562 0.14087196468590776 392
1740787272097 0.14016760486247823 393
1740787275788 0.13946676683816583 394
1740787279501 0.138769433003975 395
1740787283024 0.13807558583895513 396
1740787286729 0.13738520790976036 397
1740787290422 0.13669828187021155 398
1740787294212 0.13601479046086049 399
1740787298028 0.1353347165085562 400
1740787301953 0.1346580429260134 401
1740787305424 0.13398475271138335 402
1740787309071 0.13331482894782642 403
1740787312699 0.13264825480308728 404
1740787316217 0.13198501352907185 405
1740787319813 0.1313250884614265 406
1740787323485 0.13066846301911936 407
1740787326916 0.13001512070402377 408
1740787330403 0.12936504510050365 409
1740787333974 0.12871821987500112 410
1740787337392 0.12807462877562611 411
1740787340751 0.12743425563174798 412
1740787344276 0.12679708435358925 413
1740787347721 0.1261630989318213 414
1740787351181 0.1255322834371622 415
1740787354574 0.12490462201997637 416
1740787358587 0.1242800989098765 417
1740787362167 0.12365869841532712 418
1740787365975 0.12304040492325048 419
1740787369703 0.12242520289863423 420
1740787373229 0.12181307688414106 421
1740787376689 0.12120401149972035 422
1740787380354 0.12059799144222175 423
1740787383947 0.11999500148501063 424
1740787387323 0.11939502647758558 425
1740787391115 0.11879805134519765 426
1740787394904 0.11820406108847166 427
1740787398523 0.1176130407830293 428
1740787402124 0.11702497557911415 429
1740787405739 0.11643985070121858 430
1740787409048 0.11585765144771248 431
1740787412536 0.11527836319047392 432
1740787416183 0.11470197137452155 433
1740787419637 0.11412846151764894 434
1740787423223 0.1135578192100607 435
1740787427103 0.11299003011401039 436
1740787430874 0.11242507996344034 437
1740787434551 0.11186295456362313 438
1740787438240 0.11130363979080501 439
1740787441872 0.11074712159185099 440
1740787445592 0.11019338598389174 441
1740787449214 0.10964241905397228 442
1740787452956 0.10909420695870241 443
1740787456336 0.1085487359239089 444
1740787459987 0.10800599224428936 445
1740787463336 0.10746596228306791 446
1740787466847 0.10692863247165257 447
1740787470662 0.1063939893092943 448
1740787474426 0.10586201936274783 449
1740787483393 0.10533270926593409 450
1740787487390 0.10480604571960442 451
1740787490944 0.1042820154910064 452
1740787494563 0.10376060541355137 453
1740787498179 0.1032418023864836 454
1740787501709 0.10272559337455119 455
1740787505305 0.10221196540767843 456
1740787509063 0.10170090558064004 457
1740787512484 0.10119240105273684 458
1740787515987 0.10068643904747315 459
1740787519560 0.10018300685223579 460
1740787523067 0.1 461
1740787526510 0.1 462
1740787527423 0.1 463
1740787531152 0.1 464
1740787534801 0.1 465
1740787538661 0.1 466
1740787542299 0.1 467
1740787546009 0.1 468
1740787551788 0.1 469
1740787555435 0.1 470
1740787559216 0.1 471
1740787562902 0.1 472
1740787566458 0.1 473
1740787570078 0.1 474
1740787573636 0.1 475
1740787577664 0.1 476
1740787581260 0.1 477
1740787584848 0.1 478
1740787588483 0.1 479
1740787592352 0.1 480
1740787595842 0.1 481
1740787599535 0.1 482
1740787604345 0.1 483
1740787607893 0.1 484
1740787611325 0.1 485
1740787614881 0.1 486
1740787618289 0.1 487
1740787621983 0.1 488
1740787625743 0.1 489
1740787629446 0.1 490
1740787632929 0.1 491
1740787636246 0.1 492
1740787639949 0.1 493
1740787643346 0.1 494
1740787647238 0.1 495
1740787650875 0.1 496
1740787654631 0.1 497
1740787658394 0.1 498
1740787662118 0.1 499
1740787665764 0.1 500
1740787669449 0.1 501
1740787672852 0.1 502
1740787676294 0.1 503
1740787679913 0.1 504
1740787683281 0.1 505
1740787686994 0.1 506
1740787690608 0.1 507
1740787694054 0.1 508
1740787697619 0.1 509
1740787701251 0.1 510
1740787704944 0.1 511
1740787708501 0.1 512
1740787711939 0.1 513
1740787715628 0.1 514
1740787719328 0.1 515
1740787722879 0.1 516
1740787726493 0.1 517
1740787730004 0.1 518
1740787733656 0.1 519
1740787737685 0.1 520
1740787741177 0.1 521
1740787744966 0.1 522
1740787748725 0.1 523
1740787752357 0.1 524
1740787755848 0.1 525
1740787759566 0.1 526
1740787763075 0.1 527
1740787766657 0.1 528
1740787770210 0.1 529
1740787773646 0.1 530
1740787777358 0.1 531
1740787780904 0.1 532
1740787784362 0.1 533
1740787787732 0.1 534
1740787791450 0.1 535
1740787795138 0.1 536
1740787798622 0.1 537
1740787802223 0.1 538
1740787805903 0.1 539
1740787809463 0.1 540
1740787812852 0.1 541
1740787816356 0.1 542
1740787820039 0.1 543
1740787823695 0.1 544
1740787827377 0.1 545
1740787831208 0.1 546
1740787835051 0.1 547
1740787838611 0.1 548
1740787842367 0.1 549
1740787845904 0.1 550
1740787849469 0.1 551
1740787853051 0.1 552
1740787856686 0.1 553
1740787860375 0.1 554
1740787864101 0.1 555
1740787867785 0.1 556
1740787871523 0.1 557
1740787875145 0.1 558
1740787878653 0.1 559
1740787882338 0.1 560
1740787885892 0.1 561
1740787889630 0.1 562
1740787893537 0.1 563
1740787897347 0.1 564
1740787901019 0.1 565
1740787904928 0.1 566
1740787908664 0.1 567
1740787913138 0.1 568
1740787916614 0.1 569
1740787920360 0.1 570
1740787924206 0.1 571
1740787928054 0.1 572
1740787928659 0.1 573
1740787932467 0.1 574
1740787935981 0.1 575
1740787939799 0.1 576
1740787943450 0.1 577
1740787946938 0.1 578
1740787950669 0.1 579
1740787954689 0.1 580
1740787958355 0.1 581
1740787961868 0.1 582
1740787965118 0.1 583
1740787968650 0.1 584
1740787972058 0.1 585
1740787975515 0.1 586
1740787979119 0.1 587
1740787982822 0.1 588
1740787986551 0.1 589
1740787990221 0.1 590
1740787993749 0.1 591
1740787997393 0.1 592
1740788001129 0.1 593
1740788004793 0.1 594
1740788008473 0.1 595
1740788012051 0.1 596
1740788015639 0.1 597
1740788020308 0.1 598
1740788023939 0.1 599
1740788027409 0.1 600
1740788031199 0.1 601
1740788034724 0.1 602
1740788038437 0.1 603
1740788042120 0.1 604
1740788045908 0.1 605
1740788049359 0.1 606
1740788053093 0.1 607
1740788056516 0.1 608
1740788060033 0.1 609
1740788063672 0.1 610
1740788067353 0.1 611
1740788071074 0.1 612
1740788074797 0.1 613
1740788078279 0.1 614
1740788082143 0.1 615
1740788085592 0.1 616
1740788089036 0.1 617
1740788092774 0.1 618
1740788096390 0.1 619
1740788100769 0.1 620
1740788104464 0.1 621
1740788108075 0.1 622
1740788111582 0.1 623
1740788115043 0.1 624
1740788118598 0.1 625
1740788122338 0.1 626
1740788125920 0.1 627
1740788129314 0.1 628
1740788132900 0.1 629
1740788136371 0.1 630
1740788139843 0.1 631
1740788143545 0.1 632
1740788146869 0.1 633
1740788150362 0.1 634
1740788153931 0.1 635
1740788157549 0.1 636
1740788161071 0.1 637
1740788164609 0.1 638
1740788168517 0.1 639
1740788172176 0.1 640
1740788175754 0.1 641
1740788179576 0.1 642
1740788183367 0.1 643
1740788187149 0.1 644
1740788190737 0.1 645
1740788194277 0.1 646
1740788197938 0.1 647
1740788201605 0.1 648
1740788211461 0.1 649
1740788215271 0.1 650
1740788218867 0.1 651
1740788222646 0.1 652
1740788226189 0.1 653
1740788229733 0.1 654
1740788233422 0.1 655
1740788237254 0.1 656
1740788240876 0.1 657
1740788244468 0.1 658
1740788248009 0.1 659
1740788251782 0.1 660
1740788255683 0.1 661
1740788259421 0.1 662
1740788263381 0.1 663
1740788267052 0.1 664
1740788270774 0.1 665
1740788274440 0.1 666
1740788277916 0.1 667
1740788281790 0.1 668
1740788285574 0.1 669
1740788289095 0.1 670
1740788289765 0.1 671
1740788293195 0.1 672
1740788296731 0.1 673
1740788300564 0.1 674
1740788304223 0.1 675
1740788307820 0.1 676
1740788311401 0.1 677
1740788314920 0.1 678
1740788318547 0.1 679
1740788322053 0.1 680
1740788325713 0.1 681
1740788329446 0.1 682
1740788332893 0.1 683
1740788336533 0.1 684
1740788340405 0.1 685
1740788343898 0.1 686
1740788347386 0.1 687
1740788353905 0.1 688
1740788357216 0.1 689
1740788360734 0.1 690
1740788364252 0.1 691
1740788367768 0.1 692
1740788371516 0.1 693
1740788375301 0.1 694
1740788378953 0.1 695
1740788388597 0.1 696
1740788392676 0.1 697
1740788396218 0.1 698
1740788399647 0.1 699
1740788403237 0.1 700
1740788407832 0.1 701
1740788411420 0.1 702
1740788414865 0.1 703
1740788418568 0.1 704
1740788422370 0.1 705
1740788426161 0.1 706
1740788429892 0.1 707
1740788433466 0.1 708
1740788437077 0.1 709
1740788440749 0.1 710
1740788444238 0.1 711
1740788447660 0.1 712
1740788454479 0.1 713
1740788458360 0.1 714
1740788462163 0.1 715
1740788465938 0.1 716
1740788469700 0.1 717
1740788473390 0.1 718
1740788477059 0.1 719
1740788480828 0.1 720
1740788484568 0.1 721
1740788488459 0.1 722
1740788492095 0.1 723
1740788495822 0.1 724
1740788501487 0.1 725
1740788505037 0.1 726
1740788508756 0.1 727
1740788512355 0.1 728
1740788516074 0.1 729
1740788519662 0.1 730
1740788523232 0.1 731
1740788526994 0.1 732
1740788530800 0.1 733
1740788534847 0.1 734
1740788538789 0.1 735
1740788542316 0.1 736
1740788545946 0.1 737
1740788549351 0.1 738
1740788553075 0.1 739
1740788556519 0.1 740
1740788560272 0.1 741
1740788563803 0.1 742
1740788567323 0.1 743
1740788571302 0.1 744
1740788576715 0.1 745
1740788580268 0.1 746
1740788583949 0.1 747
1740788587542 0.1 748
1740788591418 0.1 749
1740788595069 0.1 750
1740788598743 0.1 751
1740788602315 0.1 752
1740788605938 0.1 753
1740788609528 0.1 754
1740788613160 0.1 755
1740788616777 0.1 756
1740788620326 0.1 757
1740788623920 0.1 758
1740788627759 0.1 759
1740788631426 0.1 760
1740788634951 0.1 761
1740788638623 0.1 762
1740788642154 0.1 763
1740788645813 0.1 764
1740788649374 0.1 765
1740788652938 0.1 766
1740788656400 0.1 767
1740788661444 0.1 768
1740788664956 0.1 769
1740788668590 0.1 770
1740788672028 0.1 771
1740788675446 0.1 772
1740788678972 0.1 773
1740788682475 0.1 774
1740788685898 0.1 775
1740788689555 0.1 776
1740788693270 0.1 777
1740788696854 0.1 778
1740788700336 0.1 779
1740788709762 0.1 780
1740788713396 0.1 781
1740788716945 0.1 782
1740788720750 0.1 783
1740788724118 0.1 784
1740788727560 0.1 785
1740788731031 0.1 786
1740788737556 0.1 787
1740788741141 0.1 788
1740788744844 0.1 789
1740788748493 0.1 790
1740788752200 0.1 791
1740788755830 0.1 792
1740788759413 0.1 793
1740788762918 0.1 794
1740788766518 0.1 795
1740788770049 0.1 796
1740788774139 0.1 797
1740788777762 0.1 798
1740788781146 0.1 799
1740788784681 0.1 800
1740788788340 0.1 801
1740788791780 0.1 802
1740788795379 0.1 803
1740788797395 0.1 804
1740788802510 0.1 805
1740788806127 0.1 806
1740788809747 0.1 807
1740788813439 0.1 808
1740788816938 0.1 809
1740788821611 0.1 810
1740788825193 0.1 811
1740788828783 0.1 812
1740788832201 0.1 813
1740788835861 0.1 814
1740788839410 0.1 815
1740788842810 0.1 816
1740788846496 0.1 817
1740788847774 0.1 818
1740788851476 0.1 819
1740788855252 0.1 820
1740788859061 0.1 821
1740788862528 0.1 822
1740788866114 0.1 823
1740788869760 0.1 824
1740788873474 0.1 825
1740788877269 0.1 826
1740788880862 0.1 827
1740788884320 0.1 828
1740788887844 0.1 829
1740788891312 0.1 830
1740788894964 0.1 831
1740788898494 0.1 832
1740788902166 0.1 833
1740788905569 0.1 834
1740788909114 0.1 835
1740788912880 0.1 836
1740788916549 0.1 837
1740788920106 0.1 838
1740788923768 0.1 839
1740788927231 0.1 840
1740788931082 0.1 841
1740788934625 0.1 842
1740788938220 0.1 843
1740788941906 0.1 844
1740788945594 0.1 845
1740788949179 0.1 846
1740788949741 0.1 847
1740788953346 0.1 848
1740788957041 0.1 849
1740788960735 0.1 850
1740788964573 0.1 851
1740788968280 0.1 852
1740788971827 0.1 853
1740788975513 0.1 854
1740788978987 0.1 855
1740788982652 0.1 856
1740788986184 0.1 857
1740788989939 0.1 858
1740788993284 0.1 859
1740788996650 0.1 860
1740789000141 0.1 861
1740789003566 0.1 862
1740789007218 0.1 863
1740789010636 0.1 864
1740789014541 0.1 865
1740789018070 0.1 866
1740789021718 0.1 867
1740789025426 0.1 868
1740789028975 0.1 869
1740789032673 0.1 870
1740789036369 0.1 871
1740789040252 0.1 872
1740789043845 0.1 873
1740789047496 0.1 874
1740789051137 0.1 875
1740789056182 0.1 876
1740789059652 0.1 877
1740789063152 0.1 878
1740789066537 0.1 879
1740789070450 0.1 880
1740789074194 0.1 881
1740789077681 0.1 882
1740789081252 0.1 883
1740789084599 0.1 884
1740789088103 0.1 885
1740789091930 0.1 886
1740789095695 0.1 887
1740789099353 0.1 888
1740789103123 0.1 889
1740789106756 0.1 890
1740789110512 0.1 891
1740789114013 0.1 892
1740789117513 0.1 893
1740789123030 0.1 894
1740789126727 0.1 895
1740789130234 0.1 896
1740789133793 0.1 897
1740789137340 0.1 898
1740789140856 0.1 899
1740789144308 0.1 900
1740789148119 0.1 901
1740789151740 0.1 902
1740789156321 0.1 903
1740789159915 0.1 904
1740789163370 0.1 905
1740789166990 0.1 906
1740789173155 0.1 907
1740789176956 0.1 908
1740789180604 0.1 909
1740789184051 0.1 910
1740789187459 0.1 911
1740789190977 0.1 912
1740789194470 0.1 913
1740789198184 0.1 914
1740789201765 0.1 915
1740789205432 0.1 916
1740789208947 0.1 917
1740789212557 0.1 918
1740789216282 0.1 919
1740789220124 0.1 920
1740789223855 0.1 921
1740789227403 0.1 922
1740789230954 0.1 923
1740789234469 0.1 924
1740789238296 0.1 925
1740789242119 0.1 926
1740789245890 0.1 927
1740789249500 0.1 928
1740789253146 0.1 929
1740789257041 0.1 930
1740789260887 0.1 931
1740789264714 0.1 932
1740789268133 0.1 933
1740789272818 0.1 934
1740789276800 0.1 935
1740789280532 0.1 936
1740789284147 0.1 937
1740789287780 0.1 938
1740789291572 0.1 939
1740789295023 0.1 940
1740789298338 0.1 941
1740789302042 0.1 942
1740789305686 0.1 943
1740789309363 0.1 944
1740789312963 0.1 945
1740789316381 0.1 946
1740789319974 0.1 947
1740789323944 0.1 948
1740789327470 0.1 949
1740789331077 0.1 950
1740789336800 0.1 951
1740789340338 0.1 952
1740789343834 0.1 953
1740789347337 0.1 954
1740789350789 0.1 955
1740789354264 0.1 956
1740789357774 0.1 957
1740789361365 0.1 958
1740789365010 0.1 959
1740789368513 0.1 960
1740789371987 0.1 961
1740789375410 0.1 962
1740789379144 0.1 963
1740789382596 0.1 964
1740789386037 0.1 965
1740789389558 0.1 966
1740789393089 0.1 967
1740789397575 0.1 968
1740789401040 0.1 969
1740789404784 0.1 970
1740789409028 0.1 971
1740789412868 0.1 972
1740789416541 0.1 973
1740789420293 0.1 974
1740789424294 0.1 975
1740789428088 0.1 976
1740789431772 0.1 977
1740789435310 0.1 978
1740789438865 0.1 979
1740789442609 0.1 980
1740789446250 0.1 981
1740789450071 0.1 982
1740789453509 0.1 983
1740789457130 0.1 984
1740789460718 0.1 985
1740789464219 0.1 986
1740789468022 0.1 987
1740789471713 0.1 988
1740789475170 0.1 989
1740789478664 0.1 990
1740789482094 0.1 991
1740789485785 0.1 992
1740789489345 0.1 993
1740789492880 0.1 994
1740789496461 0.1 995
1740789500100 0.1 996
1740789503861 0.1 997
1740789507503 0.1 998
1740789511884 0.1 999
1740789515827 0.1 1000
1740789519416 0.1 1001
1740789523005 0.1 1002
1740789527181 0.1 1003
1740789530750 0.1 1004
1740789534239 0.1 1005
1740789537963 0.1 1006
1740789541760 0.1 1007
1740789545334 0.1 1008
1740789548818 0.1 1009
1740789552343 0.1 1010
1740789556199 0.1 1011
1740789559223 0.1 1012
1740789562884 0.1 1013
1740789566705 0.1 1014
1740789570464 0.1 1015
1740789574172 0.1 1016
1740789577625 0.1 1017
1740789581462 0.1 1018
1740789585020 0.1 1019
1740789588830 0.1 1020
1740789592414 0.1 1021
1740789595813 0.1 1022
1740789599248 0.1 1023
1740789602967 0.1 1024
1740789606827 0.1 1025
1740789610379 0.1 1026
1740789614090 0.1 1027
1740789617609 0.1 1028
1740789621358 0.1 1029
1740789624921 0.1 1030
1740789628414 0.1 1031
1740789632099 0.1 1032
1740789637248 0.1 1033
1740789640800 0.1 1034
1740789644370 0.1 1035
1740789647834 0.1 1036
1740789651438 0.1 1037
1740789655000 0.1 1038
1740789658549 0.1 1039
1740789662532 0.1 1040
1740789666424 0.1 1041
1740789670187 0.1 1042
1740789673710 0.1 1043
1740789677592 0.1 1044
1740789681209 0.1 1045
1740789685519 0.1 1046
1740789689276 0.1 1047
1740789692991 0.1 1048
1740789696504 0.1 1049
1740789700598 0.1 1050
1740789704280 0.1 1051
1740789708099 0.1 1052
1740789711880 0.1 1053
1740789715482 0.1 1054
1740789719259 0.1 1055
1740789722949 0.1 1056
1740789726909 0.1 1057
1740789730553 0.1 1058
1740789734069 0.1 1059
1740789737584 0.1 1060
1740789741416 0.1 1061
1740789745002 0.1 1062
1740789748606 0.1 1063
1740789752379 0.1 1064
1740789759967 0.1 1065
1740789763479 0.1 1066
1740789767027 0.1 1067
1740789771301 0.1 1068
1740789774787 0.1 1069
1740789778468 0.1 1070
1740789782364 0.1 1071
1740789785924 0.1 1072
1740789789866 0.1 1073
1740789793480 0.1 1074
1740789796897 0.1 1075
1740789800657 0.1 1076
1740789804180 0.1 1077
1740789807734 0.1 1078
1740789811414 0.1 1079
1740789815205 0.1 1080
1740789818943 0.1 1081
1740789822709 0.1 1082
1740789826816 0.1 1083
1740789830423 0.1 1084
1740789834055 0.1 1085
1740789837706 0.1 1086
1740789841197 0.1 1087
1740789844787 0.1 1088
1740789848363 0.1 1089
1740789851850 0.1 1090
1740789855508 0.1 1091
1740789859206 0.1 1092
1740789863037 0.1 1093
1740789866483 0.1 1094
1740789870077 0.1 1095
1740789877353 0.1 1096
1740789881396 0.1 1097
1740789885109 0.1 1098
1740789888831 0.1 1099
1740789892883 0.1 1100
1740789896701 0.1 1101
1740789900458 0.1 1102
1740789904283 0.1 1103
1740789907858 0.1 1104
1740789911426 0.1 1105
1740789915169 0.1 1106
1740789918750 0.1 1107
1740789922512 0.1 1108
1740789926274 0.1 1109
1740789929874 0.1 1110
1740789933524 0.1 1111
1740789937165 0.1 1112
1740789942683 0.1 1113
1740789946525 0.1 1114
1740789950171 0.1 1115
1740789953671 0.1 1116
1740789957356 0.1 1117
1740789961004 0.1 1118
1740789964908 0.1 1119
1740789968595 0.1 1120
1740789972318 0.1 1121
1740789975830 0.1 1122
1740789979294 0.1 1123
1740789981646 0.1 1124
1740789985100 0.1 1125
1740789988970 0.1 1126
1740789992450 0.1 1127
1740789995903 0.1 1128
1740789999579 0.1 1129
1740790003163 0.1 1130
1740790006635 0.1 1131
1740790010179 0.1 1132
1740790013931 0.1 1133
1740790017945 0.1 1134
1740790021636 0.1 1135
1740790025236 0.1 1136
1740790029043 0.1 1137
1740790032771 0.1 1138
1740790036442 0.1 1139
1740790040141 0.1 1140
1740790043729 0.1 1141
1740790047394 0.1 1142
1740790050982 0.1 1143
1740790054718 0.1 1144
1740790058438 0.1 1145
1740790061890 0.1 1146
1740790065572 0.1 1147
1740790069141 0.1 1148
1740790072812 0.1 1149
1740790076356 0.1 1150
1740790079945 0.1 1151
1740790083524 0.1 1152
1740790088495 0.1 1153
1740790092356 0.1 1154
1740790095925 0.1 1155
1740790099540 0.1 1156
1740790103381 0.1 1157
1740790106881 0.1 1158
1740790110555 0.1 1159
1740790114039 0.1 1160
1740790117897 0.1 1161
1740790121506 0.1 1162
1740790124938 0.1 1163
1740790127198 0.1 1164
1740790130891 0.1 1165
1740790134948 0.1 1166
1740790138511 0.1 1167
1740790142104 0.1 1168
1740790146192 0.1 1169
1740790150131 0.1 1170
1740790153659 0.1 1171
1740790157375 0.1 1172
1740790161015 0.1 1173
1740790164608 0.1 1174
1740790168238 0.1 1175
1740790171912 0.1 1176
1740790175335 0.1 1177
1740790178945 0.1 1178
1740790182479 0.1 1179
1740790185889 0.1 1180
1740790189522 0.1 1181
1740790193455 0.1 1182
1740790196921 0.1 1183
1740790200436 0.1 1184
1740790204160 0.1 1185
1740790207754 0.1 1186
1740790211169 0.1 1187
1740790214710 0.1 1188
1740790219852 0.1 1189
1740790223380 0.1 1190
1740790226844 0.1 1191
1740790230346 0.1 1192
1740790233984 0.1 1193
1740790237619 0.1 1194
1740790241299 0.1 1195
1740790244727 0.1 1196
1740790248247 0.1 1197
1740790251773 0.1 1198
1740790255421 0.1 1199
1740790259065 0.1 1200
1740790262695 0.1 1201
1740790266273 0.1 1202
1740790269770 0.1 1203
1740790273695 0.1 1204
1740790277368 0.1 1205
1740790281110 0.1 1206
1740790285105 0.1 1207
1740790288755 0.1 1208
1740790292413 0.1 1209
1740790298481 0.1 1210
1740790302145 0.1 1211
1740790305776 0.1 1212
1740790309171 0.1 1213
1740790312690 0.1 1214
1740790316116 0.1 1215
1740790319619 0.1 1216
1740790323725 0.1 1217
1740790327246 0.1 1218
1740790330874 0.1 1219
1740790332127 0.1 1220
1740790335745 0.1 1221
1740790339182 0.1 1222
1740790342695 0.1 1223
1740790346463 0.1 1224
1740790350124 0.1 1225
1740790353726 0.1 1226
1740790357572 0.1 1227
1740790361174 0.1 1228
1740790364645 0.1 1229
1740790368163 0.1 1230
1740790375603 0.1 1231
1740790379152 0.1 1232
1740790382570 0.1 1233
1740790386165 0.1 1234
1740790389639 0.1 1235
1740790392996 0.1 1236
1740790396767 0.1 1237
1740790400525 0.1 1238
1740790403960 0.1 1239
1740790407546 0.1 1240
1740790411000 0.1 1241
1740790414577 0.1 1242
1740790418058 0.1 1243
1740790421476 0.1 1244
1740790425098 0.1 1245
1740790428588 0.1 1246
1740790432108 0.1 1247
1740790435634 0.1 1248
1740790439247 0.1 1249
1740790442930 0.1 1250
1740790446533 0.1 1251
1740790450030 0.1 1252
1740790453782 0.1 1253
1740790457226 0.1 1254
1740790461004 0.1 1255
1740790464605 0.1 1256
1740790468188 0.1 1257
1740790471683 0.1 1258
1740790475306 0.1 1259
1740790479169 0.1 1260
1740790482799 0.1 1261
1740790486472 0.1 1262
1740790490200 0.1 1263
1740790493646 0.1 1264
1740790498421 0.1 1265
1740790502159 0.1 1266
1740790505725 0.1 1267
1740790509245 0.1 1268
1740790512963 0.1 1269
1740790516738 0.1 1270
1740790520231 0.1 1271
1740790524053 0.1 1272
1740790527573 0.1 1273
1740790531121 0.1 1274
1740790534719 0.1 1275
1740790538346 0.1 1276
1740790541915 0.1 1277
1740790545414 0.1 1278
1740790549214 0.1 1279
1740790552725 0.1 1280
1740790556670 0.1 1281
1740790560374 0.1 1282
1740790563935 0.1 1283
1740790567540 0.1 1284
1740790569086 0.1 1285
1740790572531 0.1 1286
1740790576222 0.1 1287
1740790579824 0.1 1288
1740790586807 0.1 1289
1740790590681 0.1 1290
1740790594407 0.1 1291
1740790598063 0.1 1292
1740790601541 0.1 1293
1740790605008 0.1 1294
1740790608669 0.1 1295
1740790612412 0.1 1296
1740790616210 0.1 1297
1740790619800 0.1 1298
1740790623392 0.1 1299
1740790626932 0.1 1300
1740790630512 0.1 1301
1740790638978 0.1 1302
1740790642514 0.1 1303
1740790646560 0.1 1304
1740790650008 0.1 1305
1740790654131 0.1 1306
1740790657765 0.1 1307
1740790661255 0.1 1308
1740790664856 0.1 1309
1740790668278 0.1 1310
1740790672044 0.1 1311
1740790677156 0.1 1312
1740790680694 0.1 1313
1740790684430 0.1 1314
1740790687921 0.1 1315
1740790691482 0.1 1316
1740790695715 0.1 1317
1740790699455 0.1 1318
1740790707491 0.1 1319
1740790711154 0.1 1320
1740790714810 0.1 1321
1740790718525 0.1 1322
1740790722159 0.1 1323
1740790731250 0.1 1324
1740790735468 0.1 1325
1740790739116 0.1 1326
1740790743143 0.1 1327
1740790746791 0.1 1328
1740790750187 0.1 1329
1740790754169 0.1 1330
1740790757672 0.1 1331
1740790761325 0.1 1332
1740790764861 0.1 1333
1740790768311 0.1 1334
1740790771826 0.1 1335
1740790775401 0.1 1336
1740790779032 0.1 1337
1740790782561 0.1 1338
1740790786094 0.1 1339
1740790789641 0.1 1340
1740790793328 0.1 1341
1740790796919 0.1 1342
1740790800526 0.1 1343
1740790803929 0.1 1344
1740790809182 0.1 1345
1740790812684 0.1 1346
1740790816215 0.1 1347
1740790820272 0.1 1348
1740790823962 0.1 1349
1740790827679 0.1 1350
1740790831241 0.1 1351
1740790834763 0.1 1352
1740790838603 0.1 1353
1740790842264 0.1 1354
1740790845790 0.1 1355
1740790849709 0.1 1356
1740790853378 0.1 1357
1740790857096 0.1 1358
1740790860764 0.1 1359
1740790864501 0.1 1360
1740790867991 0.1 1361
1740790871536 0.1 1362
1740790875188 0.1 1363
1740790878740 0.1 1364
1740790882404 0.1 1365
1740790886143 0.1 1366
1740790889856 0.1 1367
1740790893564 0.1 1368
1740790897337 0.1 1369
1740790901027 0.1 1370
1740790904616 0.1 1371
1740790908124 0.1 1372
1740790912714 0.1 1373
1740790916262 0.1 1374
1740790919830 0.1 1375
1740790925334 0.1 1376
1740790929479 0.1 1377
1740790933142 0.1 1378
1740790936779 0.1 1379
1740790940498 0.1 1380
1740790944067 0.1 1381
1740790947853 0.1 1382
1740790951631 0.1 1383
1740790955518 0.1 1384
1740790959290 0.1 1385
1740790962831 0.1 1386
1740790966348 0.1 1387
1740790970009 0.1 1388
1740790973615 0.1 1389
1740790977145 0.1 1390
1740790980591 0.1 1391
1740790984105 0.1 1392
1740790987621 0.1 1393
1740790991112 0.1 1394
1740790994772 0.1 1395
1740790998172 0.1 1396
1740791001867 0.1 1397
1740791005663 0.1 1398
1740791009237 0.1 1399
1740791012817 0.1 1400
1740791016583 0.1 1401
1740791020137 0.1 1402
1740791023556 0.1 1403
1740791027005 0.1 1404
1740791030453 0.1 1405
1740791033953 0.1 1406
1740791037580 0.1 1407
1740791041462 0.1 1408
1740791043249 0.1 1409
1740791046814 0.1 1410
1740791050812 0.1 1411
1740791054302 0.1 1412
1740791057812 0.1 1413
1740791061571 0.1 1414
1740791065050 0.1 1415
1740791068638 0.1 1416
1740791072146 0.1 1417
1740791075270 0.1 1418
1740791078877 0.1 1419
1740791082499 0.1 1420
1740791086014 0.1 1421
1740791089624 0.1 1422
1740791093430 0.1 1423
1740791096890 0.1 1424
1740791100377 0.1 1425
1740791103931 0.1 1426
1740791107753 0.1 1427
1740791111322 0.1 1428
1740791114856 0.1 1429
1740791118482 0.1 1430
1740791122154 0.1 1431
1740791125756 0.1 1432
1740791129769 0.1 1433
1740791133565 0.1 1434
1740791137108 0.1 1435
1740791138162 0.1 1436
1740791141828 0.1 1437
1740791145448 0.1 1438
1740791149098 0.1 1439
1740791152835 0.1 1440
1740791156333 0.1 1441
1740791159937 0.1 1442
1740791163514 0.1 1443
1740791166957 0.1 1444
1740791170620 0.1 1445
1740791174100 0.1 1446
1740791177554 0.1 1447
1740791181170 0.1 1448
1740791184750 0.1 1449
1740791188425 0.1 1450
1740791192231 0.1 1451
1740791195691 0.1 1452
1740791199326 0.1 1453
1740791202894 0.1 1454
1740791206532 0.1 1455
1740791210022 0.1 1456
1740791213656 0.1 1457
1740791217133 0.1 1458
1740791225185 0.1 1459
1740791229025 0.1 1460
1740791232572 0.1 1461
1740791236311 0.1 1462
1740791239831 0.1 1463
1740791243500 0.1 1464
1740791247084 0.1 1465
1740791250485 0.1 1466
1740791253952 0.1 1467
1740791257627 0.1 1468
1740791261131 0.1 1469
1740791264713 0.1 1470
1740791268183 0.1 1471
1740791271726 0.1 1472
1740791275312 0.1 1473
1740791279002 0.1 1474
1740791282505 0.1 1475
1740791286078 0.1 1476
1740791289581 0.1 1477
1740791293029 0.1 1478
1740791296567 0.1 1479
1740791300168 0.1 1480
1740791303695 0.1 1481
1740791304557 0.1 1482
1740791308243 0.1 1483
1740791311761 0.1 1484
1740791315244 0.1 1485
1740791318893 0.1 1486
1740791322383 0.1 1487
1740791326063 0.1 1488
1740791329600 0.1 1489
1740791333245 0.1 1490
1740791336767 0.1 1491
1740791340258 0.1 1492
1740791343709 0.1 1493
1740791347258 0.1 1494
1740791351087 0.1 1495
1740791355048 0.1 1496
1740791358630 0.1 1497
1740791362186 0.1 1498
1740791365992 0.1 1499
1740791369631 0.1 1500
1740791373176 0.1 1501
1740791376789 0.1 1502
1740791380324 0.1 1503
1740791383847 0.1 1504
1740791387319 0.1 1505
1740791390715 0.1 1506
1740791398521 0.1 1507
1740791402342 0.1 1508
1740791405760 0.1 1509
1740791409339 0.1 1510
1740791412749 0.1 1511
1740791416196 0.1 1512
1740791419864 0.1 1513
1740791423523 0.1 1514
1740791427199 0.1 1515
1740791431024 0.1 1516
1740791434693 0.1 1517
1740791438260 0.1 1518
1740791441856 0.1 1519
1740791445469 0.1 1520
1740791448942 0.1 1521
1740791452458 0.1 1522
1740791456383 0.1 1523
1740791459987 0.1 1524
1740791463715 0.1 1525
1740791467398 0.1 1526
1740791470876 0.1 1527
1740791474450 0.1 1528
1740791477928 0.1 1529
1740791482253 0.1 1530
1740791487926 0.1 1531
1740791491464 0.1 1532
1740791495439 0.1 1533
1740791498886 0.1 1534
1740791503075 0.1 1535
1740791506755 0.1 1536
1740791510241 0.1 1537
1740791513753 0.1 1538
1740791517262 0.1 1539
1740791520917 0.1 1540
1740791524410 0.1 1541
1740791528183 0.1 1542
1740791531890 0.1 1543
1740791535452 0.1 1544
1740791539219 0.1 1545
1740791542751 0.1 1546
1740791546510 0.1 1547
1740791550446 0.1 1548
1740791554652 0.1 1549
1740791558367 0.1 1550
1740791562346 0.1 1551
1740791566023 0.1 1552
1740791569526 0.1 1553
1740791573119 0.1 1554
1740791576643 0.1 1555
1740791580096 0.1 1556
1740791583857 0.1 1557
1740791587520 0.1 1558
1740791591107 0.1 1559
1740791594730 0.1 1560
1740791598424 0.1 1561
1740791601994 0.1 1562
1740791605457 0.1 1563
1740791609050 0.1 1564
1740791612844 0.1 1565
1740791616591 0.1 1566
1740791620435 0.1 1567
1740791623960 0.1 1568
1740791629953 0.1 1569
1740791633909 0.1 1570
1740791637599 0.1 1571
1740791641052 0.1 1572
1740791644663 0.1 1573
1740791648143 0.1 1574
1740791651538 0.1 1575
1740791655001 0.1 1576
1740791658643 0.1 1577
1740791662175 0.1 1578
1740791665713 0.1 1579
1740791669156 0.1 1580
1740791672733 0.1 1581
1740791676304 0.1 1582
1740791679870 0.1 1583
1740791683399 0.1 1584
1740791686868 0.1 1585
1740791690457 0.1 1586
1740791693993 0.1 1587
1740791699260 0.1 1588
1740791702985 0.1 1589
1740791706366 0.1 1590
1740791709835 0.1 1591
1740791713298 0.1 1592
1740791716821 0.1 1593
1740791720419 0.1 1594
1740791724078 0.1 1595
1740791725342 0.1 1596
1740791728890 0.1 1597
1740791732326 0.1 1598
1740791735759 0.1 1599
1740791739472 0.1 1600
1740791743041 0.1 1601
1740791746574 0.1 1602
1740791750057 0.1 1603
1740791753680 0.1 1604
1740791757509 0.1 1605
1740791761261 0.1 1606
1740791764821 0.1 1607
1740791768709 0.1 1608
1740791772354 0.1 1609
1740791776348 0.1 1610
1740791779838 0.1 1611
1740791783402 0.1 1612
1740791787171 0.1 1613
1740791790962 0.1 1614
1740791794437 0.1 1615
1740791798024 0.1 1616
1740791801482 0.1 1617
1740791805062 0.1 1618
1740791808826 0.1 1619
1740791812440 0.1 1620
1740791815941 0.1 1621
1740791819582 0.1 1622
1740791823228 0.1 1623
1740791827085 0.1 1624
1740791828102 0.1 1625
1740791831700 0.1 1626
1740791835146 0.1 1627
1740791838627 0.1 1628
1740791842250 0.1 1629
1740791845769 0.1 1630
1740791849224 0.1 1631
1740791852930 0.1 1632
1740791856589 0.1 1633
1740791860260 0.1 1634
1740791863912 0.1 1635
1740791867587 0.1 1636
1740791871017 0.1 1637
1740791874625 0.1 1638
1740791878176 0.1 1639
1740791881804 0.1 1640
1740791885407 0.1 1641
1740791889166 0.1 1642
1740791892662 0.1 1643
1740791896317 0.1 1644
1740791900328 0.1 1645
1740791903832 0.1 1646
1740791907423 0.1 1647
1740791910935 0.1 1648
1740791914702 0.1 1649
1740791918522 0.1 1650
1740791922227 0.1 1651
1740791925795 0.1 1652
1740791929274 0.1 1653
1740791932758 0.1 1654
1740791936649 0.1 1655
1740791940589 0.1 1656
1740791944146 0.1 1657
1740791948089 0.1 1658
1740791951707 0.1 1659
1740791955182 0.1 1660
1740791958712 0.1 1661
1740791962343 0.1 1662
1740791965954 0.1 1663
1740791969526 0.1 1664
1740791973027 0.1 1665
1740791976645 0.1 1666
1740791980134 0.1 1667
1740791983575 0.1 1668
1740791987082 0.1 1669
1740791990920 0.1 1670
1740791994460 0.1 1671
1740791998027 0.1 1672
1740792002522 0.1 1673
1740792006106 0.1 1674
1740792009652 0.1 1675
1740792011545 0.1 1676
1740792015248 0.1 1677
1740792018878 0.1 1678
1740792022416 0.1 1679
1740792025886 0.1 1680
1740792029404 0.1 1681
1740792033103 0.1 1682
1740792036883 0.1 1683
1740792040473 0.1 1684
1740792046038 0.1 1685
1740792049512 0.1 1686
1740792053257 0.1 1687
1740792056735 0.1 1688
1740792060457 0.1 1689
1740792063962 0.1 1690
1740792067639 0.1 1691
1740792071110 0.1 1692
1740792074629 0.1 1693
1740792078132 0.1 1694
1740792081683 0.1 1695
1740792085154 0.1 1696
1740792088827 0.1 1697
1740792092268 0.1 1698
1740792095724 0.1 1699
1740792099245 0.1 1700
1740792102711 0.1 1701
1740792106304 0.1 1702
1740792109773 0.1 1703
1740792113385 0.1 1704
1740792116875 0.1 1705
1740792120432 0.1 1706
1740792122757 0.1 1707
1740792126370 0.1 1708
1740792129954 0.1 1709
1740792133463 0.1 1710
1740792137164 0.1 1711
1740792140628 0.1 1712
1740792144213 0.1 1713
1740792151105 0.1 1714
1740792154613 0.1 1715
1740792158086 0.1 1716
1740792161581 0.1 1717
1740792165928 0.1 1718
1740792169385 0.1 1719
1740792172994 0.1 1720
1740792176455 0.1 1721
1740792180043 0.1 1722
1740792183812 0.1 1723
1740792187560 0.1 1724
1740792191188 0.1 1725
1740792194822 0.1 1726
1740792198565 0.1 1727
1740792202200 0.1 1728
1740792205783 0.1 1729
1740792209313 0.1 1730
1740792213138 0.1 1731
1740792216879 0.1 1732
1740792220774 0.1 1733
1740792224364 0.1 1734
1740792228108 0.1 1735
1740792231578 0.1 1736
1740792235431 0.1 1737
1740792238878 0.1 1738
1740792242481 0.1 1739
1740792246067 0.1 1740
1740792249601 0.1 1741
1740792253317 0.1 1742
1740792256817 0.1 1743
1740792260356 0.1 1744
1740792263997 0.1 1745
1740792264749 0.1 1746
1740792268260 0.1 1747
1740792271698 0.1 1748
1740792275388 0.1 1749
1740792279141 0.1 1750
1740792282884 0.1 1751
1740792286560 0.1 1752
1740792292023 0.1 1753
1740792295821 0.1 1754
1740792299416 0.1 1755
1740792302885 0.1 1756
1740792306504 0.1 1757
1740792310174 0.1 1758
1740792311651 0.1 1759
1740792315264 0.1 1760
1740792318976 0.1 1761
1740792322511 0.1 1762
1740792326286 0.1 1763
1740792329834 0.1 1764
1740792333453 0.1 1765
1740792337139 0.1 1766
1740792340614 0.1 1767
1740792344178 0.1 1768
1740792347823 0.1 1769
1740792351422 0.1 1770
1740792355850 0.1 1771
1740792359359 0.1 1772
1740792362911 0.1 1773
1740792366392 0.1 1774
1740792369959 0.1 1775
1740792373394 0.1 1776
1740792376995 0.1 1777
1740792380446 0.1 1778
1740792383985 0.1 1779
1740792387558 0.1 1780
1740792391259 0.1 1781
1740792394827 0.1 1782
1740792398549 0.1 1783
1740792402104 0.1 1784
1740792405596 0.1 1785
1740792409078 0.1 1786
1740792412654 0.1 1787
1740792416055 0.1 1788
1740792419618 0.1 1789
1740792423092 0.1 1790
1740792426585 0.1 1791
1740792430293 0.1 1792
1740792433818 0.1 1793
1740792437379 0.1 1794
1740792440999 0.1 1795
1740792444832 0.1 1796
1740792448303 0.1 1797
1740792452043 0.1 1798
1740792455652 0.1 1799
1740792459222 0.1 1800
1740792463082 0.1 1801
1740792466627 0.1 1802
1740792470166 0.1 1803
1740792473680 0.1 1804
1740792477113 0.1 1805
1740792480795 0.1 1806
1740792484262 0.1 1807
1740792487914 0.1 1808
1740792491525 0.1 1809
1740792495024 0.1 1810
1740792498436 0.1 1811
1740792501925 0.1 1812
1740792504294 0.1 1813
1740792507892 0.1 1814
1740792511439 0.1 1815
1740792515072 0.1 1816
1740792518813 0.1 1817
1740792522342 0.1 1818
1740792525924 0.1 1819
1740792529716 0.1 1820
1740792533315 0.1 1821
1740792536999 0.1 1822
1740792540486 0.1 1823
1740792544049 0.1 1824
1740792547588 0.1 1825
1740792551304 0.1 1826
1740792554966 0.1 1827
1740792558619 0.1 1828
1740792562132 0.1 1829
1740792565709 0.1 1830
1740792569205 0.1 1831
1740792572893 0.1 1832
1740792576672 0.1 1833
1740792580431 0.1 1834
1740792584186 0.1 1835
1740792587694 0.1 1836
1740792591176 0.1 1837
1740792594743 0.1 1838
1740792598437 0.1 1839
1740792601891 0.1 1840
1740792605493 0.1 1841
1740792609063 0.1 1842
1740792612790 0.1 1843
1740792616374 0.1 1844
1740792620356 0.1 1845
1740792624057 0.1 1846
1740792627581 0.1 1847
1740792631081 0.1 1848
1740792634612 0.1 1849
1740792638725 0.1 1850
1740792642225 0.1 1851
1740792645789 0.1 1852
1740792649249 0.1 1853
1740792652655 0.1 1854
1740792656213 0.1 1855
1740792659997 0.1 1856
1740792663646 0.1 1857
1740792667414 0.1 1858
1740792671013 0.1 1859
1740792674668 0.1 1860
1740792678199 0.1 1861
1740792681653 0.1 1862
1740792685092 0.1 1863
1740792688702 0.1 1864
1740792692254 0.1 1865
1740792695641 0.1 1866
1740792699145 0.1 1867
1740792702886 0.1 1868
1740792706352 0.1 1869
1740792709854 0.1 1870
1740792713519 0.1 1871
1740792719012 0.1 1872
1740792722530 0.1 1873
1740792726136 0.1 1874
1740792729740 0.1 1875
1740792733314 0.1 1876
1740792736908 0.1 1877
1740792740434 0.1 1878
1740792747059 0.1 1879
1740792750692 0.1 1880
1740792754285 0.1 1881
1740792757931 0.1 1882
1740792761595 0.1 1883
1740792765044 0.1 1884
1740792768579 0.1 1885
1740792772187 0.1 1886
1740792782649 0.1 1887
1740792786271 0.1 1888
1740792789924 0.1 1889
1740792793635 0.1 1890
1740792797144 0.1 1891
1740792800843 0.1 1892
1740792804663 0.1 1893
1740792808287 0.1 1894
1740792811980 0.1 1895
1740792815609 0.1 1896
1740792819231 0.1 1897
1740792822709 0.1 1898
1740792826236 0.1 1899
1740792829814 0.1 1900
1740792833370 0.1 1901
1740792836915 0.1 1902
1740792840493 0.1 1903
1740792843974 0.1 1904
1740792847424 0.1 1905
1740792850969 0.1 1906
1740792854601 0.1 1907
1740792858156 0.1 1908
1740792861671 0.1 1909
1740792865244 0.1 1910
1740792868777 0.1 1911
1740792872201 0.1 1912
1740792875733 0.1 1913
1740792879683 0.1 1914
1740792883168 0.1 1915
1740792887044 0.1 1916
1740792890735 0.1 1917
1740792894347 0.1 1918
1740792898171 0.1 1919
1740792901705 0.1 1920
1740792905330 0.1 1921
1740792908884 0.1 1922
1740792912443 0.1 1923
1740792915983 0.1 1924
1740792919590 0.1 1925
1740792923191 0.1 1926
1740792926828 0.1 1927
1740792930586 0.1 1928
1740792934100 0.1 1929
1740792938012 0.1 1930
1740792941519 0.1 1931
1740792945029 0.1 1932
1740792948764 0.1 1933
1740792951791 0.1 1934
1740792955326 0.1 1935
1740792958826 0.1 1936
1740792962264 0.1 1937
1740792965994 0.1 1938
1740792969596 0.1 1939
1740792973321 0.1 1940
1740792976824 0.1 1941
1740792980305 0.1 1942
1740792983891 0.1 1943
1740792987298 0.1 1944
1740792990738 0.1 1945
1740792994304 0.1 1946
1740792997736 0.1 1947
1740793001189 0.1 1948
1740793004654 0.1 1949
1740793008458 0.1 1950
1740793012177 0.1 1951
1740793015767 0.1 1952
1740793019421 0.1 1953
1740793022892 0.1 1954
1740793026403 0.1 1955
1740793030053 0.1 1956
1740793033636 0.1 1957
1740793037245 0.1 1958
1740793040765 0.1 1959
1740793044663 0.1 1960
1740793048292 0.1 1961
1740793051915 0.1 1962
1740793055692 0.1 1963
1740793059298 0.1 1964
1740793062922 0.1 1965
1740793066578 0.1 1966
1740793070363 0.1 1967
1740793073850 0.1 1968
1740793077406 0.1 1969
1740793081049 0.1 1970
1740793084667 0.1 1971
1740793088170 0.1 1972
1740793091758 0.1 1973
1740793095538 0.1 1974
1740793099372 0.1 1975
1740793103038 0.1 1976
1740793106572 0.1 1977
1740793110056 0.1 1978
1740793113511 0.1 1979
1740793117133 0.1 1980
1740793121004 0.1 1981
1740793124768 0.1 1982
1740793128421 0.1 1983
1740793131906 0.1 1984
1740793135732 0.1 1985
1740793139289 0.1 1986
1740793142855 0.1 1987
1740793146421 0.1 1988
1740793149928 0.1 1989
1740793153551 0.1 1990
1740793157064 0.1 1991
1740793160913 0.1 1992
1740793164541 0.1 1993
1740793168020 0.1 1994
1740793171577 0.1 1995
1740793175206 0.1 1996
1740793178710 0.1 1997
1740793182434 0.1 1998
1740793185967 0.1 1999
1740793189511 0.1 2000
1740793193066 0.1 2001
1740793196701 0.1 2002
1740793200207 0.1 2003
1740793204030 0.1 2004
1740793207591 0.1 2005
1740793211169 0.1 2006
1740793214755 0.1 2007
1740793218325 0.1 2008
1740793221913 0.1 2009
1740793225378 0.1 2010
1740793228920 0.1 2011
1740793232587 0.1 2012
1740793236221 0.1 2013
1740793240163 0.1 2014
1740793243681 0.1 2015
1740793247342 0.1 2016
1740793250784 0.1 2017
1740793254424 0.1 2018
1740793257971 0.1 2019
1740793261539 0.1 2020
1740793265209 0.1 2021
1740793268751 0.1 2022
1740793272195 0.1 2023
1740793275706 0.1 2024
1740793279261 0.1 2025
1740793282847 0.1 2026
1740793286537 0.1 2027
1740793290205 0.1 2028
1740793293735 0.1 2029
1740793297340 0.1 2030
1740793301897 0.1 2031
1740793305439 0.1 2032
1740793309219 0.1 2033
1740793312664 0.1 2034
1740793316157 0.1 2035
1740793319718 0.1 2036
1740793323403 0.1 2037
1740793327381 0.1 2038
1740793331248 0.1 2039
1740793334709 0.1 2040
1740793338147 0.1 2041
1740793341633 0.1 2042
1740793345402 0.1 2043
1740793349328 0.1 2044
1740793352931 0.1 2045
1740793356465 0.1 2046
1740793360158 0.1 2047
1740793363609 0.1 2048
1740793367264 0.1 2049
1740793370695 0.1 2050
1740793374271 0.1 2051
1740793377842 0.1 2052
1740793381468 0.1 2053
1740793384978 0.1 2054
1740793392415 0.1 2055
1740793395939 0.1 2056
1740793399474 0.1 2057
1740793404029 0.1 2058
1740793407557 0.1 2059
1740793411755 0.1 2060
1740793415594 0.1 2061
1740793419174 0.1 2062
1740793422639 0.1 2063
1740793426171 0.1 2064
1740793429932 0.1 2065
1740793433722 0.1 2066
1740793437283 0.1 2067
1740793443988 0.1 2068
1740793447539 0.1 2069
1740793451153 0.1 2070
1740793454872 0.1 2071
1740793458403 0.1 2072
1740793462048 0.1 2073
1740793465629 0.1 2074
1740793469315 0.1 2075
1740793472809 0.1 2076
1740793476648 0.1 2077
1740793480352 0.1 2078
1740793484018 0.1 2079
1740793487764 0.1 2080
1740793491333 0.1 2081
1740793495093 0.1 2082
1740793498771 0.1 2083
1740793502216 0.1 2084
1740793505920 0.1 2085
1740793509472 0.1 2086
1740793513061 0.1 2087
1740793516618 0.1 2088
1740793520264 0.1 2089
1740793523965 0.1 2090
1740793527569 0.1 2091
1740793531175 0.1 2092
1740793534942 0.1 2093
1740793538682 0.1 2094
1740793542387 0.1 2095
1740793546194 0.1 2096
1740793549591 0.1 2097
1740793553293 0.1 2098
1740793556773 0.1 2099
1740793560203 0.1 2100
1740793563729 0.1 2101
1740793567280 0.1 2102
1740793570665 0.1 2103
1740793574048 0.1 2104
1740793577562 0.1 2105
1740793581025 0.1 2106
1740793584570 0.1 2107
1740793588135 0.1 2108
1740793591540 0.1 2109
1740793594936 0.1 2110
1740793598331 0.1 2111
1740793601804 0.1 2112
1740793605373 0.1 2113
1740793608908 0.1 2114
1740793612344 0.1 2115
1740793615883 0.1 2116
1740793619351 0.1 2117
1740793622750 0.1 2118
1740793626332 0.1 2119
1740793629916 0.1 2120
1740793633463 0.1 2121
1740793636933 0.1 2122
1740793640441 0.1 2123
1740793644000 0.1 2124
1740793647435 0.1 2125
1740793650975 0.1 2126
1740793654532 0.1 2127
1740793657776 0.1 2128
1740793661390 0.1 2129
1740793667209 0.1 2130
1740793670999 0.1 2131
1740793674416 0.1 2132
1740793677789 0.1 2133
1740793681348 0.1 2134
1740793684894 0.1 2135
1740793688328 0.1 2136
1740793691873 0.1 2137
1740793695282 0.1 2138
1740793698678 0.1 2139
1740793702253 0.1 2140
1740793706074 0.1 2141
1740793709587 0.1 2142
1740793713000 0.1 2143
1740793716610 0.1 2144
1740793720176 0.1 2145
1740793723760 0.1 2146
1740793727429 0.1 2147
1740793730812 0.1 2148
1740793734298 0.1 2149
1740793737778 0.1 2150
1740793741238 0.1 2151
1740793744783 0.1 2152
1740793748334 0.1 2153
1740793751907 0.1 2154
1740793755499 0.1 2155
1740793758880 0.1 2156
1740793762336 0.1 2157
1740793766538 0.1 2158
1740793770406 0.1 2159
1740793774006 0.1 2160
1740793777440 0.1 2161
1740793780966 0.1 2162
1740793784516 0.1 2163
1740793787979 0.1 2164
1740793791444 0.1 2165
1740793794906 0.1 2166
1740793795601 0.1 2167
1740793799061 0.1 2168
1740793802582 0.1 2169
1740793805984 0.1 2170
1740793809606 0.1 2171
1740793813112 0.1 2172
1740793816571 0.1 2173
1740793819901 0.1 2174
1740793823375 0.1 2175
1740793827023 0.1 2176
1740793830693 0.1 2177
1740793834569 0.1 2178
1740793838178 0.1 2179
1740793841735 0.1 2180
1740793845336 0.1 2181
1740793849017 0.1 2182
1740793852587 0.1 2183
1740793856420 0.1 2184
1740793860036 0.1 2185
1740793863700 0.1 2186
1740793867284 0.1 2187
1740793870932 0.1 2188
1740793874470 0.1 2189
1740793878157 0.1 2190
1740793882069 0.1 2191
1740793885731 0.1 2192
1740793889525 0.1 2193
1740793893313 0.1 2194
1740793897055 0.1 2195
1740793900948 0.1 2196
1740793904546 0.1 2197
1740793908280 0.1 2198
1740793911747 0.1 2199
1740793915264 0.1 2200
1740793918553 0.1 2201
1740793921972 0.1 2202
1740793925697 0.1 2203
1740793929345 0.1 2204
1740793930497 0.1 2205
1740793933983 0.1 2206
1740793937650 0.1 2207
1740793941262 0.1 2208
1740793945258 0.1 2209
1740793948998 0.1 2210
1740793959456 0.1 2211
1740793963206 0.1 2212
1740793966793 0.1 2213
1740793970316 0.1 2214
1740793972724 0.1 2215
1740793976292 0.1 2216
1740793979655 0.1 2217
1740793983106 0.1 2218
1740793986639 0.1 2219
1740793990054 0.1 2220
1740793993646 0.1 2221
1740793997602 0.1 2222
1740794000964 0.1 2223
1740794004580 0.1 2224
1740794008050 0.1 2225
1740794011627 0.1 2226
1740794015195 0.1 2227
1740794018902 0.1 2228
1740794022520 0.1 2229
1740794025925 0.1 2230
1740794029504 0.1 2231
1740794036312 0.1 2232
1740794039831 0.1 2233
1740794043585 0.1 2234
1740794047060 0.1 2235
1740794050587 0.1 2236
1740794055138 0.1 2237
1740794058910 0.1 2238
1740794062528 0.1 2239
1740794066298 0.1 2240
1740794069847 0.1 2241
1740794073502 0.1 2242
1740794077081 0.1 2243
1740794080626 0.1 2244
1740794084087 0.1 2245
1740794087745 0.1 2246
1740794091812 0.1 2247
1740794095376 0.1 2248
1740794099023 0.1 2249
1740794102616 0.1 2250
1740794106266 0.1 2251
1740794109786 0.1 2252
1740794113446 0.1 2253
1740794116959 0.1 2254
1740794120652 0.1 2255
1740794124111 0.1 2256
1740794127574 0.1 2257
1740794131000 0.1 2258
1740794134779 0.1 2259
1740794138395 0.1 2260
1740794141897 0.1 2261
1740794145593 0.1 2262
1740794149118 0.1 2263
1740794152789 0.1 2264
1740794156933 0.1 2265
1740794160662 0.1 2266
1740794164486 0.1 2267
1740794168057 0.1 2268
1740794171816 0.1 2269
1740794175377 0.1 2270
1740794178898 0.1 2271
1740794182585 0.1 2272
1740794186203 0.1 2273
1740794189846 0.1 2274
1740794193680 0.1 2275
1740794197404 0.1 2276
1740794201063 0.1 2277
1740794204744 0.1 2278
1740794208393 0.1 2279
1740794211945 0.1 2280
1740794216967 0.1 2281
1740794220727 0.1 2282
1740794224370 0.1 2283
1740794227899 0.1 2284
1740794233345 0.1 2285
1740794236880 0.1 2286
1740794240303 0.1 2287
1740794243880 0.1 2288
1740794247361 0.1 2289
1740794251340 0.1 2290
1740794254829 0.1 2291
1740794258278 0.1 2292
1740794261747 0.1 2293
1740794265216 0.1 2294
1740794268627 0.1 2295
1740794272156 0.1 2296
1740794275970 0.1 2297
1740794279473 0.1 2298
1740794282959 0.1 2299
1740794286409 0.1 2300
1740794290074 0.1 2301
1740794293717 0.1 2302
1740794297470 0.1 2303
1740794301012 0.1 2304
1740794304755 0.1 2305
1740794308326 0.1 2306
1740794311717 0.1 2307
1740794315330 0.1 2308
1740794318977 0.1 2309
1740794322364 0.1 2310
1740794325854 0.1 2311
1740794329336 0.1 2312
1740794332783 0.1 2313
1740794336353 0.1 2314
1740794337480 0.1 2315
1740794341050 0.1 2316
1740794344511 0.1 2317
1740794347933 0.1 2318
1740794351471 0.1 2319
1740794354868 0.1 2320
1740794358553 0.1 2321
1740794362166 0.1 2322
1740794365766 0.1 2323
1740794369350 0.1 2324
1740794372864 0.1 2325
1740794376299 0.1 2326
1740794379797 0.1 2327
1740794383443 0.1 2328
1740794387146 0.1 2329
1740794390979 0.1 2330
1740794394683 0.1 2331
1740794398217 0.1 2332
1740794401673 0.1 2333
1740794405511 0.1 2334
1740794409373 0.1 2335
1740794413139 0.1 2336
1740794416927 0.1 2337
1740794420476 0.1 2338
1740794424198 0.1 2339
1740794427722 0.1 2340
1740794431405 0.1 2341
1740794435195 0.1 2342
1740794438987 0.1 2343
1740794442501 0.1 2344
1740794445904 0.1 2345
1740794449528 0.1 2346
1740794453186 0.1 2347
1740794456899 0.1 2348
1740794460409 0.1 2349
1740794463893 0.1 2350
1740794469483 0.1 2351
1740794473103 0.1 2352
1740794476895 0.1 2353
1740794480400 0.1 2354
1740794483965 0.1 2355
1740794487706 0.1 2356
1740794491384 0.1 2357
1740794494865 0.1 2358
1740794498450 0.1 2359
1740794501880 0.1 2360
1740794505656 0.1 2361
1740794509259 0.1 2362
1740794513245 0.1 2363
1740794516838 0.1 2364
1740794520325 0.1 2365
1740794523880 0.1 2366
1740794527452 0.1 2367
1740794531131 0.1 2368
1740794531689 0.1 2369
1740794535350 0.1 2370
1740794539100 0.1 2371
1740794542747 0.1 2372
1740794546544 0.1 2373
1740794550105 0.1 2374
1740794553781 0.1 2375
1740794557618 0.1 2376
1740794561426 0.1 2377
1740794565177 0.1 2378
1740794568930 0.1 2379
1740794572644 0.1 2380
1740794576330 0.1 2381
1740794579889 0.1 2382
1740794583375 0.1 2383
1740794587118 0.1 2384
1740794590757 0.1 2385
1740794594598 0.1 2386
1740794598164 0.1 2387
1740794601733 0.1 2388
1740794605203 0.1 2389
1740794608850 0.1 2390
1740794612430 0.1 2391
1740794615849 0.1 2392
1740794619812 0.1 2393
1740794623315 0.1 2394
1740794626757 0.1 2395
1740794630386 0.1 2396
1740794634127 0.1 2397
1740794637809 0.1 2398
1740794641358 0.1 2399
1740794645015 0.1 2400
1740794648460 0.1 2401
1740794652041 0.1 2402
1740794655742 0.1 2403
1740794659493 0.1 2404
1740794663086 0.1 2405
1740794666804 0.1 2406
1740794670238 0.1 2407
1740794673711 0.1 2408
1740794677202 0.1 2409
1740794680672 0.1 2410
1740794684458 0.1 2411
1740794688019 0.1 2412
1740794691593 0.1 2413
1740794695073 0.1 2414
1740794698721 0.1 2415
1740794702061 0.1 2416
1740794705772 0.1 2417
1740794709290 0.1 2418
1740794710307 0.1 2419
1740794713813 0.1 2420
1740794717524 0.1 2421
1740794719994 0.1 2422
1740794723641 0.1 2423
1740794727291 0.1 2424
1740794730805 0.1 2425
1740794734345 0.1 2426
1740794738529 0.1 2427
1740794742388 0.1 2428
1740794745895 0.1 2429
1740794749400 0.1 2430
1740794752823 0.1 2431
1740794756741 0.1 2432
1740794760921 0.1 2433
1740794764789 0.1 2434
1740794768674 0.1 2435
1740794772309 0.1 2436
1740794776010 0.1 2437
1740794779721 0.1 2438
1740794783304 0.1 2439
1740794786904 0.1 2440
1740794790454 0.1 2441
1740794794191 0.1 2442
1740794797849 0.1 2443
1740794801256 0.1 2444
1740794804612 0.1 2445
1740794808201 0.1 2446
1740794818546 0.1 2447
1740794822323 0.1 2448
1740794826057 0.1 2449
1740794829967 0.1 2450
1740794833505 0.1 2451
1740794837039 0.1 2452
1740794841014 0.1 2453
1740794844849 0.1 2454
1740794848423 0.1 2455
1740794852145 0.1 2456
1740794855572 0.1 2457
1740794859112 0.1 2458
1740794862666 0.1 2459
1740794866354 0.1 2460
1740794870003 0.1 2461
1740794873844 0.1 2462
1740794877620 0.1 2463
1740794881302 0.1 2464
1740794884923 0.1 2465
1740794888598 0.1 2466
1740794891989 0.1 2467
1740794895655 0.1 2468
1740794899184 0.1 2469
1740794901196 0.1 2470
1740794904972 0.1 2471
1740794908770 0.1 2472
1740794912267 0.1 2473
1740794913353 0.1 2474
1740794916807 0.1 2475
1740794920347 0.1 2476
1740794923798 0.1 2477
1740794927311 0.1 2478
1740794930741 0.1 2479
1740794931787 0.1 2480
1740794935372 0.1 2481
1740794938762 0.1 2482
1740794942450 0.1 2483
1740794946296 0.1 2484
1740794949860 0.1 2485
1740794953433 0.1 2486
1740794956914 0.1 2487
1740794960546 0.1 2488
1740794964349 0.1 2489
1740794968150 0.1 2490
1740794972143 0.1 2491
1740794975799 0.1 2492
1740794979367 0.1 2493
1740794982842 0.1 2494
1740794986443 0.1 2495
1740794990170 0.1 2496
1740794993767 0.1 2497
1740794997437 0.1 2498
1740795000801 0.1 2499
1740795004150 0.1 2500
1740795007549 0.1 2501
1740795010897 0.1 2502
1740795014573 0.1 2503
1740795018232 0.1 2504
1740795021702 0.1 2505
1740795025147 0.1 2506
1740795028596 0.1 2507
1740795032161 0.1 2508
1740795035886 0.1 2509
1740795039552 0.1 2510
1740795043176 0.1 2511
1740795046582 0.1 2512
1740795050099 0.1 2513
1740795053916 0.1 2514
1740795057644 0.1 2515
1740795061265 0.1 2516
1740795064758 0.1 2517
1740795068451 0.1 2518
1740795072104 0.1 2519
1740795075716 0.1 2520
1740795079403 0.1 2521
1740795083335 0.1 2522
1740795086888 0.1 2523
1740795090476 0.1 2524
1740795094010 0.1 2525
1740795098112 0.1 2526
1740795101570 0.1 2527
1740795105390 0.1 2528
1740795108792 0.1 2529
1740795112416 0.1 2530
1740795116161 0.1 2531
1740795119747 0.1 2532
1740795123543 0.1 2533
1740795127454 0.1 2534
1740795130907 0.1 2535
1740795134549 0.1 2536
1740795138183 0.1 2537
1740795141718 0.1 2538
1740795145663 0.1 2539
1740795149597 0.1 2540
1740795153241 0.1 2541
1740795156792 0.1 2542
1740795160343 0.1 2543
1740795164041 0.1 2544
1740795167693 0.1 2545
1740795171107 0.1 2546
1740795174867 0.1 2547
1740795178290 0.1 2548
1740795181874 0.1 2549
1740795185410 0.1 2550
1740795188881 0.1 2551
1740795192606 0.1 2552
1740795196527 0.1 2553
1740795200092 0.1 2554
1740795203666 0.1 2555
1740795207243 0.1 2556
1740795210756 0.1 2557
1740795214431 0.1 2558
1740795218036 0.1 2559
1740795221777 0.1 2560
1740795225166 0.1 2561
1740795228623 0.1 2562
1740795232025 0.1 2563
1740795235535 0.1 2564
1740795239068 0.1 2565
1740795242488 0.1 2566
1740795246000 0.1 2567
1740795249327 0.1 2568
1740795252684 0.1 2569
1740795256238 0.1 2570
1740795259697 0.1 2571
1740795263202 0.1 2572
1740795266597 0.1 2573
1740795270091 0.1 2574
1740795273509 0.1 2575
1740795277247 0.1 2576
1740795280853 0.1 2577
1740795284819 0.1 2578
1740795288405 0.1 2579
1740795291896 0.1 2580
1740795295403 0.1 2581
1740795298805 0.1 2582
1740795302499 0.1 2583
1740795306078 0.1 2584
1740795309743 0.1 2585
1740795313336 0.1 2586
1740795316823 0.1 2587
1740795320499 0.1 2588
1740795324160 0.1 2589
1740795327774 0.1 2590
1740795331454 0.1 2591
1740795336470 0.1 2592
1740795341882 0.1 2593
1740795345614 0.1 2594
1740795349125 0.1 2595
1740795352866 0.1 2596
1740795356710 0.1 2597
1740795360472 0.1 2598
1740795363851 0.1 2599
1740795367433 0.1 2600
1740795371080 0.1 2601
1740795374591 0.1 2602
1740795378389 0.1 2603
1740795382058 0.1 2604
1740795385845 0.1 2605
1740795389517 0.1 2606
1740795393081 0.1 2607
1740795396387 0.1 2608
1740795400100 0.1 2609
1740795403610 0.1 2610
1740795407088 0.1 2611
1740795410529 0.1 2612
1740795413869 0.1 2613
1740795417485 0.1 2614
1740795421035 0.1 2615
1740795424581 0.1 2616
1740795428140 0.1 2617
1740795431754 0.1 2618
1740795435298 0.1 2619
1740795438756 0.1 2620
1740795442436 0.1 2621
1740795446014 0.1 2622
1740795449468 0.1 2623
1740795453066 0.1 2624
1740795456577 0.1 2625
1740795460825 0.1 2626
1740795464388 0.1 2627
1740795468092 0.1 2628
1740795471555 0.1 2629
1740795474941 0.1 2630
1740795478548 0.1 2631
1740795482256 0.1 2632
1740795485769 0.1 2633
1740795489444 0.1 2634
1740795492954 0.1 2635
1740795496453 0.1 2636
1740795499968 0.1 2637
1740795503772 0.1 2638
1740795507462 0.1 2639
1740795511065 0.1 2640
1740795514702 0.1 2641
1740795518207 0.1 2642
1740795521815 0.1 2643
1740795525432 0.1 2644
1740795529341 0.1 2645
1740795532879 0.1 2646
1740795536573 0.1 2647
1740795537500 0.1 2648
1740795541193 0.1 2649
1740795544756 0.1 2650
1740795548173 0.1 2651
1740795551750 0.1 2652
1740795555352 0.1 2653
1740795559191 0.1 2654
1740795562873 0.1 2655
1740795566434 0.1 2656
1740795570549 0.1 2657
1740795573955 0.1 2658
1740795577586 0.1 2659
1740795581201 0.1 2660
1740795584799 0.1 2661
1740795588558 0.1 2662
1740795592014 0.1 2663
1740795595554 0.1 2664
1740795599110 0.1 2665
1740795602498 0.1 2666
1740795606137 0.1 2667
1740795609626 0.1 2668
1740795613307 0.1 2669
1740795616896 0.1 2670
1740795620541 0.1 2671
1740795624272 0.1 2672
1740795630291 0.1 2673
1740795633733 0.1 2674
1740795637403 0.1 2675
1740795641195 0.1 2676
1740795644918 0.1 2677
1740795648538 0.1 2678
1740795652139 0.1 2679
1740795655785 0.1 2680
1740795659173 0.1 2681
1740795662714 0.1 2682
1740795666367 0.1 2683
1740795670102 0.1 2684
1740795673852 0.1 2685
1740795677389 0.1 2686
1740795681084 0.1 2687
1740795684671 0.1 2688
1740795688291 0.1 2689
1740795691995 0.1 2690
1740795695820 0.1 2691
1740795699406 0.1 2692
1740795704792 0.1 2693
1740795708511 0.1 2694
1740795712053 0.1 2695
1740795715919 0.1 2696
1740795719367 0.1 2697
1740795722962 0.1 2698
1740795726450 0.1 2699
1740795730056 0.1 2700
1740795733778 0.1 2701
1740795737501 0.1 2702
1740795741079 0.1 2703
1740795744658 0.1 2704
1740795748332 0.1 2705
1740795752022 0.1 2706
1740795755799 0.1 2707
1740795759288 0.1 2708
1740795762922 0.1 2709
1740795766568 0.1 2710
1740795770291 0.1 2711
1740795773961 0.1 2712
1740795777766 0.1 2713
1740795778994 0.1 2714
1740795782647 0.1 2715
1740795786106 0.1 2716
1740795789605 0.1 2717
1740795793458 0.1 2718
1740795797092 0.1 2719
1740795800609 0.1 2720
1740795804401 0.1 2721
1740795808004 0.1 2722
1740795811549 0.1 2723
1740795815129 0.1 2724
1740795818933 0.1 2725
1740795820652 0.1 2726
1740795824072 0.1 2727
1740795828095 0.1 2728
1740795831886 0.1 2729
1740795835529 0.1 2730
1740795839408 0.1 2731
1740795843168 0.1 2732
1740795846697 0.1 2733
1740795850444 0.1 2734
1740795853960 0.1 2735
1740795857548 0.1 2736
1740795861016 0.1 2737
1740795864773 0.1 2738
1740795868384 0.1 2739
1740795872121 0.1 2740
1740795875796 0.1 2741
1740795879299 0.1 2742
1740795882977 0.1 2743
1740795886566 0.1 2744
1740795890171 0.1 2745
1740795893928 0.1 2746
1740795897809 0.1 2747
1740795901476 0.1 2748
1740795905243 0.1 2749
1740795909017 0.1 2750
1740795912466 0.1 2751
1740795916520 0.1 2752
1740795920339 0.1 2753
1740795923967 0.1 2754
1740795927631 0.1 2755
1740795931340 0.1 2756
1740795934889 0.1 2757
1740795938525 0.1 2758
1740795939844 0.1 2759
1740795943745 0.1 2760
1740795947399 0.1 2761
1740795951000 0.1 2762
1740795954495 0.1 2763
1740795958269 0.1 2764
1740795962172 0.1 2765
1740795965768 0.1 2766
1740795969313 0.1 2767
1740795972675 0.1 2768
1740795976123 0.1 2769
1740795979656 0.1 2770
1740795983250 0.1 2771
1740795986856 0.1 2772
1740795990628 0.1 2773
1740795994151 0.1 2774
1740795997668 0.1 2775
1740796001280 0.1 2776
1740796004845 0.1 2777
1740796008778 0.1 2778
1740796012543 0.1 2779
1740796016301 0.1 2780
1740796019889 0.1 2781
1740796023499 0.1 2782
1740796027097 0.1 2783
1740796030670 0.1 2784
1740796034252 0.1 2785
1740796037675 0.1 2786
1740796041347 0.1 2787
1740796045051 0.1 2788
1740796048794 0.1 2789
1740796052443 0.1 2790
1740796056028 0.1 2791
1740796059657 0.1 2792
1740796063430 0.1 2793
1740796066933 0.1 2794
1740796070556 0.1 2795
1740796074248 0.1 2796
1740796077961 0.1 2797
1740796081545 0.1 2798
1740796085174 0.1 2799
1740796088855 0.1 2800
1740796092410 0.1 2801
1740796096181 0.1 2802
1740796099854 0.1 2803
1740796103493 0.1 2804
1740796107230 0.1 2805
1740796110930 0.1 2806
1740796114505 0.1 2807
1740796118097 0.1 2808
1740796121942 0.1 2809
1740796125568 0.1 2810
1740796129207 0.1 2811
1740796132845 0.1 2812
1740796136549 0.1 2813
1740796140073 0.1 2814
1740796143798 0.1 2815
1740796147453 0.1 2816
1740796157406 0.1 2817
1740796160900 0.1 2818
1740796164479 0.1 2819
1740796168075 0.1 2820
1740796171568 0.1 2821
1740796175295 0.1 2822
1740796179019 0.1 2823
1740796182665 0.1 2824
1740796186293 0.1 2825
1740796190376 0.1 2826
1740796193933 0.1 2827
1740796197755 0.1 2828
1740796201372 0.1 2829
1740796205105 0.1 2830
1740796209215 0.1 2831
1740796210281 0.1 2832
1740796213982 0.1 2833
1740796217848 0.1 2834
1740796221723 0.1 2835
1740796225339 0.1 2836
1740796229199 0.1 2837
1740796232850 0.1 2838
1740796236388 0.1 2839
1740796240433 0.1 2840
1740796244277 0.1 2841
1740796247876 0.1 2842
1740796251436 0.1 2843
1740796255087 0.1 2844
1740796258585 0.1 2845
1740796262087 0.1 2846
1740796265789 0.1 2847
1740796269570 0.1 2848
1740796273183 0.1 2849
1740796276795 0.1 2850
1740796282580 0.1 2851
1740796286281 0.1 2852
1740796290117 0.1 2853
1740796293679 0.1 2854
1740796297560 0.1 2855
1740796301372 0.1 2856
1740796305062 0.1 2857
1740796308475 0.1 2858
1740796312159 0.1 2859
1740796315972 0.1 2860
1740796319570 0.1 2861
1740796323262 0.1 2862
1740796326835 0.1 2863
1740796330678 0.1 2864
1740796334397 0.1 2865
1740796338021 0.1 2866
1740796341967 0.1 2867
1740796345646 0.1 2868
1740796349307 0.1 2869
1740796352756 0.1 2870
1740796356442 0.1 2871
1740796360045 0.1 2872
1740796363707 0.1 2873
1740796367299 0.1 2874
1740796370754 0.1 2875
1740796374487 0.1 2876
1740796378032 0.1 2877
1740796381622 0.1 2878
1740796385587 0.1 2879
1740796389201 0.1 2880
1740796395981 0.1 2881
1740796399536 0.1 2882
1740796403307 0.1 2883
1740796406981 0.1 2884
1740796410711 0.1 2885
1740796414390 0.1 2886
1740796417818 0.1 2887
1740796421410 0.1 2888
1740796424998 0.1 2889
1740796428526 0.1 2890
1740796432150 0.1 2891
1740796435708 0.1 2892
1740796439318 0.1 2893
1740796442919 0.1 2894
1740796446390 0.1 2895
1740796449895 0.1 2896
1740796453685 0.1 2897
1740796457276 0.1 2898
1740796461170 0.1 2899
1740796464842 0.1 2900
1740796468522 0.1 2901
1740796472097 0.1 2902
1740796475901 0.1 2903
1740796479244 0.1 2904
1740796482999 0.1 2905
1740796486727 0.1 2906
1740796490415 0.1 2907
1740796493992 0.1 2908
1740796497846 0.1 2909
1740796501511 0.1 2910
1740796505055 0.1 2911
1740796508547 0.1 2912
1740796512225 0.1 2913
1740796515732 0.1 2914
1740796519158 0.1 2915
1740796522674 0.1 2916
1740796526089 0.1 2917
1740796529643 0.1 2918
1740796533202 0.1 2919
1740796536784 0.1 2920
1740796540378 0.1 2921
1740796543967 0.1 2922
1740796547511 0.1 2923
1740796551175 0.1 2924
1740796554544 0.1 2925
1740796558043 0.1 2926
1740796561499 0.1 2927
1740796565296 0.1 2928
1740796568719 0.1 2929
1740796572292 0.1 2930
1740796575936 0.1 2931
1740796579631 0.1 2932
1740796583058 0.1 2933
1740796586656 0.1 2934
1740796590209 0.1 2935
1740796593630 0.1 2936
1740796597330 0.1 2937
1740796600944 0.1 2938
1740796604333 0.1 2939
1740796607983 0.1 2940
1740796611544 0.1 2941
1740796614929 0.1 2942
1740796618582 0.1 2943
1740796622033 0.1 2944
1740796625773 0.1 2945
1740796629246 0.1 2946
1740796632897 0.1 2947
1740796636289 0.1 2948
1740796639838 0.1 2949
1740796643305 0.1 2950
1740796646962 0.1 2951
1740796650530 0.1 2952
1740796654031 0.1 2953
1740796657495 0.1 2954
1740796660956 0.1 2955
1740796664431 0.1 2956
1740796667915 0.1 2957
1740796671399 0.1 2958
1740796675109 0.1 2959
1740796678624 0.1 2960
1740796682007 0.1 2961
1740796685545 0.1 2962
1740796689208 0.1 2963
1740796692935 0.1 2964
1740796696500 0.1 2965
1740796699976 0.1 2966
1740796703444 0.1 2967
1740796706918 0.1 2968
1740796710341 0.1 2969
1740796714248 0.1 2970
1740796717816 0.1 2971
1740796721378 0.1 2972
1740796724936 0.1 2973
1740796728561 0.1 2974
1740796732106 0.1 2975
1740796735755 0.1 2976
1740796739214 0.1 2977
1740796742904 0.1 2978
1740796746524 0.1 2979
1740796750042 0.1 2980
1740796753504 0.1 2981
1740796757120 0.1 2982
1740796760513 0.1 2983
1740796764241 0.1 2984
1740796767926 0.1 2985
1740796771594 0.1 2986
1740796775195 0.1 2987
1740796778613 0.1 2988
1740796782069 0.1 2989
1740796785629 0.1 2990
1740796789482 0.1 2991
1740796793153 0.1 2992
1740796797034 0.1 2993
1740796800592 0.1 2994
1740796804044 0.1 2995
1740796807572 0.1 2996
1740796811357 0.1 2997
1740796814845 0.1 2998
1740796818316 0.1 2999
