1740786114067 0.995 0
1740786117940 0.990025 1
1740786121817 0.985074875 2
1740786125748 0.9801495006250001 3
1740786129393 0.9752487531218751 4
1740786132996 0.9703725093562657 5
1740786136736 0.9655206468094844 6
1740786140158 0.960693043575437 7
1740786143913 0.9558895783575597 8
1740786147751 0.9511101304657719 9
1740786151552 0.946354579813443 10
1740786155287 0.9416228069143757 11
1740786159069 0.9369146928798039 12
1740786162881 0.9322301194154049 13
1740786166665 0.9275689688183278 14
1740786170386 0.9229311239742362 15
1740786174083 0.918316468354365 16
1740786177643 0.9137248860125932 17
1740786181405 0.9091562615825302 18
1740786185021 0.9046104802746175 19
1740786188761 0.9000874278732445 20
1740786192595 0.8955869907338783 21
1740786196355 0.8911090557802088 22
1740786200236 0.8866535105013078 23
1740786204014 0.8822202429488013 24
1740786207731 0.8778091417340573 25
1740786211621 0.8734200960253871 26
1740786215558 0.8690529955452602 27
1740786219394 0.8647077305675338 28
1740786223053 0.8603841919146962 29
1740786226901 0.8560822709551227 30
1740786230812 0.851801859600347 31
1740786234453 0.8475428503023453 32
1740786238008 0.8433051360508336 33
1740786241757 0.8390886103705794 34
1740786245495 0.8348931673187264 35
1740786249084 0.8307187014821328 36
1740786252789 0.8265651079747222 37
1740786256446 0.8224322824348486 38
1740786260097 0.8183201210226743 39
1740786263620 0.8142285204175609 40
1740786267130 0.810157377815473 41
1740786270689 0.8061065909263957 42
1740786274046 0.8020760579717637 43
1740786277593 0.798065677681905 44
1740786281012 0.7940753492934954 45
1740786284573 0.7901049725470279 46
1740786288206 0.7861544476842928 47
1740786291718 0.7822236754458713 48
1740786295477 0.778312557068642 49
1740786298987 0.7744209942832988 50
1740786302614 0.7705488893118823 51
1740786306187 0.7666961448653229 52
1740786309604 0.7628626641409962 53
1740786313019 0.7590483508202912 54
1740786316593 0.7552531090661897 55
1740786320094 0.7514768435208588 56
1740786323726 0.7477194593032545 57
1740786327306 0.7439808620067382 58
1740786330839 0.7402609576967045 59
1740786334254 0.736559652908221 60
1740786337693 0.7328768546436799 61
1740786341160 0.7292124703704616 62
1740786344509 0.7255664080186093 63
1740786348051 0.7219385759785162 64
1740786351499 0.7183288830986236 65
1740786354875 0.7147372386831305 66
1740786358395 0.7111635524897149 67
1740786361938 0.7076077347272662 68
1740786365480 0.7040696960536299 69
1740786369076 0.7005493475733617 70
1740786372738 0.697046600835495 71
1740786376250 0.6935613678313175 72
1740786379760 0.6900935609921609 73
1740786383255 0.6866430931872001 74
1740786386761 0.6832098777212641 75
1740786390374 0.6797938283326578 76
1740786393964 0.6763948591909945 77
1740786397308 0.6730128848950395 78
1740786400896 0.6696478204705644 79
1740786404410 0.6662995813682115 80
1740786407729 0.6629680834613705 81
1740786411341 0.6596532430440636 82
1740786414773 0.6563549768288433 83
1740786418125 0.653073201944699 84
1740786421713 0.6498078359349755 85
1740786425257 0.6465587967553006 86
1740786428630 0.6433260027715241 87
1740786432216 0.6401093727576664 88
1740786435788 0.6369088258938781 89
1740786439411 0.6337242817644086 90
1740786443053 0.6305556603555866 91
1740786446417 0.6274028820538087 92
1740786449791 0.6242658676435396 93
1740786453728 0.6211445383053219 94
1740786457265 0.6180388156137953 95
1740786460637 0.6149486215357263 96
1740786464339 0.6118738784280476 97
1740786467913 0.6088145090359074 98
1740786471443 0.6057704364907278 99
1740786475092 0.6027415843082742 100
1740786478525 0.5997278763867329 101
1740786482092 0.5967292370047992 102
1740786485690 0.5937455908197752 103
1740786489155 0.5907768628656763 104
1740786492537 0.5878229785513479 105
1740786495960 0.5848838636585911 106
1740786499686 0.5819594443402982 107
1740786503270 0.5790496471185967 108
1740786506847 0.5761543988830038 109
1740786510241 0.5732736268885887 110
1740786513800 0.5704072587541458 111
1740786517536 0.567555222460375 112
1740786521262 0.5647174463480732 113
1740786524997 0.5618938591163328 114
1740786528738 0.5590843898207511 115
1740786532177 0.5562889678716474 116
1740786535937 0.5535075230322891 117
1740786539344 0.5507399854171277 118
1740786543062 0.547986285490042 119
1740786546617 0.5452463540625918 120
1740786550197 0.5425201222922789 121
1740786553589 0.5398075216808175 122
1740786557219 0.5371084840724134 123
1740786560687 0.5344229416520513 124
1740786564370 0.531750826943791 125
1740786567748 0.5290920728090721 126
1740786571354 0.5264466124450268 127
1740786574760 0.5238143793828016 128
1740786578270 0.5211953074858876 129
1740786581627 0.5185893309484582 130
1740786585372 0.5159963842937159 131
1740786588858 0.5134164023722473 132
1740786592273 0.510849320360386 133
1740786595824 0.5082950737585841 134
1740786599257 0.5057535983897912 135
1740786602684 0.5032248303978422 136
1740786606239 0.500708706245853 137
1740786609882 0.4982051627146237 138
1740786613441 0.49571413690105054 139
1740786617286 0.4932355662165453 140
1740786620745 0.4907693883854626 141
1740786624266 0.4883155414435353 142
1740786627755 0.4858739637363176 143
1740786631424 0.483444593917636 144
1740786635108 0.4810273709480478 145
1740786638830 0.47862223409330756 146
1740786642365 0.47622912292284103 147
1740786646024 0.4738479773082268 148
1740786649616 0.47147873742168567 149
1740786653311 0.46912134373457726 150
1740786657061 0.46677573701590436 151
1740786660594 0.46444185833082485 152
1740786664275 0.46211964903917074 153
1740786667879 0.4598090507939749 154
1740786671539 0.457510005540005 155
1740786675143 0.45522245551230495 156
1740786678939 0.4529463432347434 157
1740786682389 0.4506816115185697 158
1740786685941 0.4484282034609769 159
1740786689302 0.446186062443672 160
1740786692769 0.4439551321314536 161
1740786696205 0.4417353564707963 162
1740786699865 0.43952667968844233 163
1740786703473 0.43732904629000013 164
1740786707014 0.4351424010585501 165
1740786710573 0.43296668905325736 166
1740786714113 0.43080185560799106 167
1740786717588 0.4286478463299511 168
1740786721126 0.42650460709830135 169
1740786724645 0.42437208406280985 170
1740786728042 0.4222502236424958 171
1740786731520 0.42013897252428334 172
1740786734981 0.4180382776616619 173
1740786738459 0.4159480862733536 174
1740786742115 0.41386834584198684 175
1740786745847 0.4117990041127769 176
1740786749438 0.40974000909221303 177
1740786753267 0.40769130904675194 178
1740786756671 0.40565285250151817 179
1740786760210 0.4036245882390106 180
1740786764120 0.4016064652978155 181
1740786767831 0.3995984329713264 182
1740786771316 0.3976004408064698 183
1740786774785 0.39561243860243744 184
1740786778406 0.3936343764094253 185
1740786781900 0.39166620452737816 186
1740786785396 0.3897078735047413 187
1740786788892 0.3877593341372176 188
1740786792420 0.3858205374665315 189
1740786795948 0.38389143477919885 190
1740786799438 0.3819719776053028 191
1740786803068 0.3800621177172763 192
1740786806847 0.37816180712868996 193
1740786810768 0.37627099809304654 194
1740786814530 0.3743896431025813 195
1740786818134 0.37251769488706843 196
1740786821713 0.3706551064126331 197
1740786825169 0.36880183088056995 198
1740786828672 0.3669578217261671 199
1740786832301 0.36512303261753626 200
1740786835832 0.3632974174544486 201
1740786839520 0.3614809303671764 202
1740786843216 0.3596735257153405 203
1740786846705 0.3578751580867638 204
1740786850412 0.35608578229633 205
1740786854512 0.3543053533848483 206
1740786858141 0.35253382661792404 207
1740786862000 0.3507711574848344 208
1740786865777 0.34901730169741024 209
1740786869241 0.3472722151889232 210
1740786873795 0.3455358541129786 211
1740786880015 0.3438081748424137 212
1740786883483 0.3420891339682016 213
1740786887121 0.3403786882983606 214
1740786890710 0.3386767948568688 215
1740786894455 0.33698341088258443 216
1740786897913 0.3352984938281715 217
1740786901381 0.33362200135903064 218
1740786904919 0.33195389135223546 219
1740786908445 0.3302941218954743 220
1740786911912 0.32864265128599696 221
1740786915431 0.326999438029567 222
1740786918975 0.3253644408394192 223
1740786922677 0.3237376186352221 224
1740786926174 0.322118930542046 225
1740786929583 0.32050833588933575 226
1740786933345 0.31890579420988907 227
1740786936729 0.3173112652388396 228
1740786940172 0.3157247089126454 229
1740786943727 0.3141460853680822 230
1740786947637 0.3125753549412418 231
1740786951495 0.31101247816653554 232
1740786955249 0.30945741577570285 233
1740786958947 0.3079101286968243 234
1740786962531 0.3063705780533402 235
1740786966091 0.30483872516307353 236
1740786970044 0.3033145315372582 237
1740786973815 0.3017979588795719 238
1740786977548 0.30028896908517405 239
1740786981253 0.2987875242397482 240
1740786984714 0.29729358661854943 241
1740786988295 0.29580711868545667 242
1740786991876 0.2943280830920294 243
1740786995627 0.29285644267656924 244
1740786999213 0.2913921604631864 245
1740787002993 0.28993519966087045 246
1740787006454 0.2884855236625661 247
1740787009922 0.28704309604425327 248
1740787013393 0.285607880564032 249
1740787017142 0.28417984116121187 250
1740787020725 0.2827589419554058 251
1740787024514 0.28134514724562876 252
1740787027914 0.2799384215094006 253
1740787031509 0.27853872940185365 254
1740787035159 0.27714603575484437 255
1740787038967 0.2757603055760701 256
1740787042453 0.2743815040481898 257
1740787046181 0.2730095965279488 258
1740787049877 0.27164454854530906 259
1740787053559 0.2702863258025825 260
1740787056935 0.2689348941735696 261
1740787060757 0.26759021970270175 262
1740787064368 0.2662522686041882 263
1740787067926 0.2649210072611673 264
1740787071527 0.26359640222486147 265
1740787075043 0.26227842021373715 266
1740787078572 0.2609670281126685 267
1740787082283 0.25966219297210513 268
1740787085931 0.2583638820072446 269
1740787089623 0.2570720625972084 270
1740787093306 0.25578670228422234 271
1740787096800 0.25450776877280124 272
1740787100913 0.2532352299289372 273
1740787104372 0.2519690537792925 274
1740787108271 0.2507092085103961 275
1740787111801 0.2494556624678441 276
1740787115445 0.24820838415550486 277
1740787119081 0.24696734223472733 278
1740787122883 0.2457325055235537 279
1740787126538 0.24450384299593592 280
1740787130215 0.24328132378095624 281
1740787133964 0.24206491716205145 282
1740787137461 0.2408545925762412 283
1740787141039 0.23965031961336 284
1740787144697 0.2384520680152932 285
1740787148332 0.23725980767521673 286
1740787151925 0.23607350863684065 287
1740787155577 0.23489314109365644 288
1740787159033 0.23371867538818816 289
1740787162716 0.23255008201124722 290
1740787166346 0.231387331601191 291
1740787169920 0.23023039494318503 292
1740787173575 0.2290792429684691 293
1740787177116 0.22793384675362674 294
1740787180510 0.22679417751985861 295
1740787184112 0.22566020663225933 296
1740787187704 0.22453190559909803 297
1740787191530 0.22340924607110255 298
1740787194972 0.22229219984074702 299
1740787198543 0.2211807388415433 300
1740787202077 0.22007483514733558 301
1740787205596 0.2189744609715989 302
1740787209144 0.2178795886667409 303
1740787212776 0.2167901907234072 304
1740787216615 0.21570623976979014 305
1740787220396 0.21462770857094118 306
1740787224072 0.21355457002808648 307
1740787227552 0.21248679717794605 308
1740787231185 0.21142436319205632 309
1740787234741 0.21036724137609603 310
1740787238294 0.20931540516921554 311
1740787241825 0.20826882814336947 312
1740787245214 0.20722748400265262 313
1740787248641 0.20619134658263935 314
1740787252146 0.20516038984972615 315
1740787255753 0.2041345879004775 316
1740787259352 0.2031139149609751 317
1740787262918 0.20209834538617025 318
1740787266426 0.2010878536592394 319
1740787269941 0.2000824143909432 320
1740787273646 0.19908200231898848 321
1740787277301 0.19808659230739353 322
1740787280655 0.19709615934585656 323
1740787284312 0.19611067854912728 324
1740787288189 0.19513012515638165 325
1740787291808 0.19415447453059972 326
1740787295305 0.19318370215794672 327
1740787298868 0.192217783647157 328
1740787302372 0.1912566947289212 329
1740787306031 0.1903004112552766 330
1740787310034 0.18934890919900021 331
1740787313601 0.18840216465300522 332
1740787317281 0.18746015382974018 333
1740787320918 0.1865228530605915 334
1740787324752 0.18559023879528855 335
1740787328240 0.1846622876013121 336
1740787331863 0.18373897616330553 337
1740787335609 0.182820281282489 338
1740787339123 0.18190617987607657 339
1740787344873 0.18099664897669618 340
1740787348456 0.1800916657318127 341
1740787352183 0.17919120740315364 342
1740787355914 0.17829525136613786 343
1740787359644 0.17740377510930716 344
1740787363224 0.17651675623376062 345
1740787366866 0.1756341724525918 346
1740787370592 0.17475600159032884 347
1740787374308 0.17388222158237718 348
1740787377987 0.1730128104744653 349
1740787381668 0.17214774642209296 350
1740787385230 0.1712870076899825 351
1740787388771 0.17043057265153258 352
1740787392192 0.16957841978827493 353
1740787395658 0.16873052768933355 354
1740787399208 0.1678868750508869 355
1740787403040 0.16704744067563246 356
1740787406748 0.1662122034722543 357
1740787410615 0.16538114245489302 358
1740787414644 0.16455423674261854 359
1740787418307 0.16373146555890544 360
1740787422161 0.16291280823111093 361
1740787425904 0.16209824418995536 362
1740787429766 0.16128775296900558 363
1740787433317 0.16048131420416054 364
1740787436752 0.15967890763313974 365
1740787440484 0.15888051309497406 366
1740787444100 0.1580861105294992 367
1740787447890 0.1572956799768517 368
1740787451433 0.15650920157696743 369
1740787455136 0.1557266555690826 370
1740787458919 0.1549480222912372 371
1740787462655 0.15417328217978102 372
1740787466229 0.1534024157688821 373
1740787470061 0.1526354036900377 374
1740787473647 0.1518722266715875 375
1740787477084 0.15111286553822956 376
1740787480452 0.15035730121053842 377
1740787484075 0.14960551470448571 378
1740787487879 0.14885748713096328 379
1740787491416 0.14811319969530845 380
1740787495203 0.1473726336968319 381
1740787498919 0.14663577052834775 382
1740787502408 0.14590259167570602 383
1740787505923 0.1451730787173275 384
1740787509452 0.14444721332374086 385
1740787513050 0.14372497725712216 386
1740787516937 0.14300635237083656 387
1740787520738 0.14229132060898236 388
1740787524155 0.14157986400593744 389
1740787528114 0.14087196468590776 390
1740787531665 0.14016760486247823 391
1740787535231 0.13946676683816583 392
1740787538945 0.138769433003975 393
1740787542641 0.13807558583895513 394
1740787546474 0.13738520790976036 395
1740787547025 0.13738520790976036 396
1740787550721 0.13669828187021155 397
1740787554345 0.13601479046086049 398
1740787558323 0.1353347165085562 399
1740787562167 0.1346580429260134 400
1740787565920 0.13398475271138335 401
1740787569421 0.13331482894782642 402
1740787573101 0.13264825480308728 403
1740787576942 0.13198501352907185 404
1740787580480 0.1313250884614265 405
1740787584155 0.13066846301911936 406
1740787587662 0.13001512070402377 407
1740787591133 0.12936504510050365 408
1740787592223 0.12936504510050365 409
1740787595624 0.12871821987500112 410
1740787599184 0.12807462877562611 411
1740787602815 0.12743425563174798 412
1740787606341 0.12679708435358925 413
1740787613498 0.1261630989318213 414
1740787617345 0.1255322834371622 415
1740787620914 0.12490462201997637 416
1740787626621 0.1242800989098765 417
1740787630246 0.12365869841532712 418
1740787633959 0.12304040492325048 419
1740787637755 0.12242520289863423 420
1740787641415 0.12181307688414106 421
1740787644891 0.12120401149972035 422
1740787648531 0.12059799144222175 423
1740787652228 0.11999500148501063 424
1740787655849 0.11939502647758558 425
1740787659372 0.11879805134519765 426
1740787662971 0.11820406108847166 427
1740787667351 0.1176130407830293 428
1740787671196 0.11702497557911415 429
1740787674993 0.11643985070121858 430
1740787678778 0.11585765144771248 431
1740787682449 0.11527836319047392 432
1740787686127 0.11470197137452155 433
1740787689745 0.11412846151764894 434
1740787693434 0.1135578192100607 435
1740787697081 0.11299003011401039 436
1740787700702 0.11242507996344034 437
1740787704508 0.11186295456362313 438
1740787708047 0.11130363979080501 439
1740787711544 0.11074712159185099 440
1740787715151 0.11019338598389174 441
1740787718910 0.10964241905397228 442
1740787722572 0.10909420695870241 443
1740787726424 0.1085487359239089 444
1740787730237 0.10800599224428936 445
1740787733860 0.10746596228306791 446
1740787737458 0.10692863247165257 447
1740787741060 0.1063939893092943 448
1740787744894 0.10586201936274783 449
1740787748266 0.10533270926593409 450
1740787751963 0.10480604571960442 451
1740787755513 0.1042820154910064 452
1740787759096 0.10376060541355137 453
1740787762734 0.1032418023864836 454
1740787766438 0.10272559337455119 455
1740787769971 0.10221196540767843 456
1740787773593 0.10170090558064004 457
1740787777174 0.10119240105273684 458
1740787780717 0.10068643904747315 459
1740787784410 0.10018300685223579 460
1740787788055 0.1 461
1740787791853 0.1 462
1740787795643 0.1 463
1740787799392 0.1 464
1740787802920 0.1 465
1740787806601 0.1 466
1740787810357 0.1 467
1740787814097 0.1 468
1740787817823 0.1 469
1740787821458 0.1 470
1740787825304 0.1 471
1740787829077 0.1 472
1740787832938 0.1 473
1740787836616 0.1 474
1740787840194 0.1 475
1740787843774 0.1 476
1740787847612 0.1 477
1740787851185 0.1 478
1740787854823 0.1 479
1740787858465 0.1 480
1740787862061 0.1 481
1740787865632 0.1 482
1740787869134 0.1 483
1740787872589 0.1 484
1740787876198 0.1 485
1740787876883 0.1 486
1740787880549 0.1 487
1740787884156 0.1 488
1740787887720 0.1 489
1740787893492 0.1 490
1740787897059 0.1 491
1740787900701 0.1 492
1740787904329 0.1 493
1740787907864 0.1 494
1740787911243 0.1 495
1740787914651 0.1 496
1740787918273 0.1 497
1740787921809 0.1 498
1740787925518 0.1 499
1740787929123 0.1 500
1740787932877 0.1 501
1740787936610 0.1 502
1740787940292 0.1 503
1740787943863 0.1 504
1740787947503 0.1 505
1740787951093 0.1 506
1740787954754 0.1 507
1740787958439 0.1 508
1740787961887 0.1 509
1740787965369 0.1 510
1740787969021 0.1 511
1740787972618 0.1 512
1740787976347 0.1 513
1740787980014 0.1 514
1740787983603 0.1 515
1740787987181 0.1 516
1740787990852 0.1 517
1740787994552 0.1 518
1740787998179 0.1 519
1740788001709 0.1 520
1740788005257 0.1 521
1740788009012 0.1 522
1740788012580 0.1 523
1740788016249 0.1 524
1740788019763 0.1 525
1740788023343 0.1 526
1740788027098 0.1 527
1740788031007 0.1 528
1740788034491 0.1 529
1740788038248 0.1 530
1740788041789 0.1 531
1740788045193 0.1 532
1740788048913 0.1 533
1740788052401 0.1 534
1740788055987 0.1 535
1740788059556 0.1 536
1740788063156 0.1 537
1740788066482 0.1 538
1740788070222 0.1 539
1740788074049 0.1 540
1740788077991 0.1 541
1740788081483 0.1 542
1740788085491 0.1 543
1740788088951 0.1 544
1740788092575 0.1 545
1740788096201 0.1 546
1740788099842 0.1 547
1740788103414 0.1 548
1740788107158 0.1 549
1740788110831 0.1 550
1740788114398 0.1 551
1740788118195 0.1 552
1740788121776 0.1 553
1740788125407 0.1 554
1740788129064 0.1 555
1740788132514 0.1 556
1740788133486 0.1 557
1740788137218 0.1 558
1740788140992 0.1 559
1740788144683 0.1 560
1740788148645 0.1 561
1740788152355 0.1 562
1740788156104 0.1 563
1740788159865 0.1 564
1740788163361 0.1 565
1740788166859 0.1 566
1740788170483 0.1 567
1740788174378 0.1 568
1740788178095 0.1 569
1740788181730 0.1 570
1740788185310 0.1 571
1740788188889 0.1 572
1740788192488 0.1 573
1740788196130 0.1 574
1740788199674 0.1 575
1740788203196 0.1 576
1740788206799 0.1 577
1740788210472 0.1 578
1740788214038 0.1 579
1740788217676 0.1 580
1740788221507 0.1 581
1740788225492 0.1 582
1740788229321 0.1 583
1740788232911 0.1 584
1740788236488 0.1 585
1740788240587 0.1 586
1740788243966 0.1 587
1740788247589 0.1 588
1740788251000 0.1 589
1740788254593 0.1 590
1740788258227 0.1 591
1740788262003 0.1 592
1740788265732 0.1 593
1740788269369 0.1 594
1740788273080 0.1 595
1740788276570 0.1 596
1740788280278 0.1 597
1740788284111 0.1 598
1740788287999 0.1 599
1740788291706 0.1 600
1740788295211 0.1 601
1740788298867 0.1 602
1740788302460 0.1 603
1740788306144 0.1 604
1740788310272 0.1 605
1740788314137 0.1 606
1740788318047 0.1 607
1740788321651 0.1 608
1740788325215 0.1 609
1740788328819 0.1 610
1740788332532 0.1 611
1740788335973 0.1 612
1740788340053 0.1 613
1740788343982 0.1 614
1740788347368 0.1 615
1740788350945 0.1 616
1740788354535 0.1 617
1740788358258 0.1 618
1740788361719 0.1 619
1740788365235 0.1 620
1740788368771 0.1 621
1740788372386 0.1 622
1740788375995 0.1 623
1740788379650 0.1 624
1740788382987 0.1 625
1740788386777 0.1 626
1740788390203 0.1 627
1740788393941 0.1 628
1740788397565 0.1 629
1740788401252 0.1 630
1740788404934 0.1 631
1740788408737 0.1 632
1740788412896 0.1 633
1740788416931 0.1 634
1740788420516 0.1 635
1740788424203 0.1 636
1740788427680 0.1 637
1740788431481 0.1 638
1740788435347 0.1 639
1740788439261 0.1 640
1740788449159 0.1 641
1740788452790 0.1 642
1740788456336 0.1 643
1740788460012 0.1 644
1740788463952 0.1 645
1740788467752 0.1 646
1740788471564 0.1 647
1740788475229 0.1 648
1740788479017 0.1 649
1740788482938 0.1 650
1740788486795 0.1 651
1740788490259 0.1 652
1740788494007 0.1 653
1740788497643 0.1 654
1740788501663 0.1 655
1740788505623 0.1 656
1740788509094 0.1 657
1740788512613 0.1 658
1740788516797 0.1 659
1740788520545 0.1 660
1740788524660 0.1 661
1740788528167 0.1 662
1740788532075 0.1 663
1740788535978 0.1 664
1740788539920 0.1 665
1740788544402 0.1 666
1740788548067 0.1 667
1740788551533 0.1 668
1740788555201 0.1 669
1740788558892 0.1 670
1740788562415 0.1 671
1740788566244 0.1 672
1740788570110 0.1 673
1740788574017 0.1 674
1740788577646 0.1 675
1740788581224 0.1 676
1740788585040 0.1 677
1740788589120 0.1 678
1740788593044 0.1 679
1740788596774 0.1 680
1740788600531 0.1 681
1740788604210 0.1 682
1740788607851 0.1 683
1740788611362 0.1 684
1740788615119 0.1 685
1740788618901 0.1 686
1740788622584 0.1 687
1740788626222 0.1 688
1740788629829 0.1 689
1740788633833 0.1 690
1740788637472 0.1 691
1740788641248 0.1 692
1740788644928 0.1 693
1740788648536 0.1 694
1740788652297 0.1 695
1740788655953 0.1 696
1740788659721 0.1 697
1740788663614 0.1 698
1740788670549 0.1 699
1740788674365 0.1 700
1740788677903 0.1 701
1740788681622 0.1 702
1740788685178 0.1 703
1740788689095 0.1 704
1740788693079 0.1 705
1740788696628 0.1 706
1740788700375 0.1 707
1740788703946 0.1 708
1740788707574 0.1 709
1740788711018 0.1 710
1740788714718 0.1 711
1740788718221 0.1 712
1740788722049 0.1 713
1740788725858 0.1 714
1740788729603 0.1 715
1740788732982 0.1 716
1740788736525 0.1 717
1740788740259 0.1 718
1740788743986 0.1 719
1740788747663 0.1 720
1740788751348 0.1 721
1740788755101 0.1 722
1740788758994 0.1 723
1740788762708 0.1 724
1740788766382 0.1 725
1740788770451 0.1 726
1740788773958 0.1 727
1740788777394 0.1 728
1740788780971 0.1 729
1740788784785 0.1 730
1740788788363 0.1 731
1740788792042 0.1 732
1740788795703 0.1 733
1740788799599 0.1 734
1740788803358 0.1 735
1740788807074 0.1 736
1740788810613 0.1 737
1740788814143 0.1 738
1740788817779 0.1 739
1740788821430 0.1 740
1740788825177 0.1 741
1740788828825 0.1 742
1740788832457 0.1 743
1740788836243 0.1 744
1740788839929 0.1 745
1740788843656 0.1 746
1740788847267 0.1 747
1740788851349 0.1 748
1740788855288 0.1 749
1740788858830 0.1 750
1740788862449 0.1 751
1740788866054 0.1 752
1740788870087 0.1 753
1740788873699 0.1 754
1740788877612 0.1 755
1740788881688 0.1 756
1740788887443 0.1 757
1740788891065 0.1 758
1740788894756 0.1 759
1740788898374 0.1 760
1740788901979 0.1 761
1740788905552 0.1 762
1740788909318 0.1 763
1740788913320 0.1 764
1740788917102 0.1 765
1740788920968 0.1 766
1740788924483 0.1 767
1740788928396 0.1 768
1740788932056 0.1 769
1740788935725 0.1 770
1740788939310 0.1 771
1740788942868 0.1 772
1740788946585 0.1 773
1740788950165 0.1 774
1740788954004 0.1 775
1740788957650 0.1 776
1740788961281 0.1 777
1740788965249 0.1 778
1740788968950 0.1 779
1740788972834 0.1 780
1740788976568 0.1 781
1740788980323 0.1 782
1740788983870 0.1 783
1740788987474 0.1 784
1740788991076 0.1 785
1740788994686 0.1 786
1740788998342 0.1 787
1740789002925 0.1 788
1740789006418 0.1 789
1740789009977 0.1 790
1740789013534 0.1 791
1740789017266 0.1 792
1740789021089 0.1 793
1740789025239 0.1 794
1740789028976 0.1 795
1740789032753 0.1 796
1740789036302 0.1 797
1740789040166 0.1 798
1740789043756 0.1 799
1740789047330 0.1 800
1740789050994 0.1 801
1740789054444 0.1 802
1740789058065 0.1 803
1740789061733 0.1 804
1740789065419 0.1 805
1740789068960 0.1 806
1740789070730 0.1 807
1740789074505 0.1 808
1740789078079 0.1 809
1740789081686 0.1 810
1740789085271 0.1 811
1740789088862 0.1 812
1740789092598 0.1 813
1740789096458 0.1 814
1740789100009 0.1 815
1740789103825 0.1 816
1740789107642 0.1 817
1740789111307 0.1 818
1740789114914 0.1 819
1740789116576 0.1 820
1740789120096 0.1 821
1740789123730 0.1 822
1740789127465 0.1 823
1740789131123 0.1 824
1740789134981 0.1 825
1740789138745 0.1 826
1740789142134 0.1 827
1740789145842 0.1 828
1740789149384 0.1 829
1740789153313 0.1 830
1740789157116 0.1 831
1740789160807 0.1 832
1740789164808 0.1 833
1740789168581 0.1 834
1740789172129 0.1 835
1740789175718 0.1 836
1740789179639 0.1 837
1740789183130 0.1 838
1740789186795 0.1 839
1740789190329 0.1 840
1740789193996 0.1 841
1740789198018 0.1 842
1740789202324 0.1 843
1740789206529 0.1 844
1740789210069 0.1 845
1740789213628 0.1 846
1740789217215 0.1 847
1740789220953 0.1 848
1740789224817 0.1 849
1740789228491 0.1 850
1740789232164 0.1 851
1740789235923 0.1 852
1740789239713 0.1 853
1740789243645 0.1 854
1740789247318 0.1 855
1740789251146 0.1 856
1740789254723 0.1 857
1740789258222 0.1 858
1740789262194 0.1 859
1740789266185 0.1 860
1740789269877 0.1 861
1740789273472 0.1 862
1740789277133 0.1 863
1740789280666 0.1 864
1740789284440 0.1 865
1740789288101 0.1 866
1740789291821 0.1 867
1740789299732 0.1 868
1740789303379 0.1 869
1740789306964 0.1 870
1740789310658 0.1 871
1740789314608 0.1 872
1740789318420 0.1 873
1740789322339 0.1 874
1740789326155 0.1 875
1740789332131 0.1 876
1740789335706 0.1 877
1740789339459 0.1 878
1740789343270 0.1 879
1740789346987 0.1 880
1740789350794 0.1 881
1740789354292 0.1 882
1740789357956 0.1 883
1740789361538 0.1 884
1740789365447 0.1 885
1740789368936 0.1 886
1740789372378 0.1 887
1740789375986 0.1 888
1740789376544 0.1 889
1740789380228 0.1 890
1740789383763 0.1 891
1740789387571 0.1 892
1740789391290 0.1 893
1740789394912 0.1 894
1740789398772 0.1 895
1740789402238 0.1 896
1740789405815 0.1 897
1740789409817 0.1 898
1740789413474 0.1 899
1740789417065 0.1 900
1740789420754 0.1 901
1740789424601 0.1 902
1740789428181 0.1 903
1740789432430 0.1 904
1740789435989 0.1 905
1740789439548 0.1 906
1740789443346 0.1 907
1740789447056 0.1 908
1740789450862 0.1 909
1740789454657 0.1 910
1740789458398 0.1 911
1740789462150 0.1 912
1740789465995 0.1 913
1740789469528 0.1 914
1740789473233 0.1 915
1740789481662 0.1 916
1740789485664 0.1 917
1740789489342 0.1 918
1740789492967 0.1 919
1740789496742 0.1 920
1740789500554 0.1 921
1740789506385 0.1 922
1740789510263 0.1 923
1740789514108 0.1 924
1740789518089 0.1 925
1740789521882 0.1 926
1740789525711 0.1 927
1740789529525 0.1 928
1740789533569 0.1 929
1740789537533 0.1 930
1740789541194 0.1 931
1740789544900 0.1 932
1740789548614 0.1 933
1740789552630 0.1 934
1740789556412 0.1 935
1740789560160 0.1 936
1740789563888 0.1 937
1740789567918 0.1 938
1740789571878 0.1 939
1740789575754 0.1 940
1740789579549 0.1 941
1740789583087 0.1 942
1740789586569 0.1 943
1740789590294 0.1 944
1740789593974 0.1 945
1740789599162 0.1 946
1740789602974 0.1 947
1740789606870 0.1 948
1740789610653 0.1 949
1740789614505 0.1 950
1740789618256 0.1 951
1740789621900 0.1 952
1740789625823 0.1 953
1740789629603 0.1 954
1740789633586 0.1 955
1740789637603 0.1 956
1740789641257 0.1 957
1740789645242 0.1 958
1740789649153 0.1 959
1740789652933 0.1 960
1740789656522 0.1 961
1740789660295 0.1 962
1740789664038 0.1 963
1740789667762 0.1 964
1740789671570 0.1 965
1740789675433 0.1 966
1740789679348 0.1 967
1740789683036 0.1 968
1740789686981 0.1 969
1740789690736 0.1 970
1740789694616 0.1 971
1740789698502 0.1 972
1740789702779 0.1 973
1740789706455 0.1 974
1740789710546 0.1 975
1740789714457 0.1 976
1740789718119 0.1 977
1740789721806 0.1 978
1740789725558 0.1 979
1740789729047 0.1 980
1740789732505 0.1 981
1740789736019 0.1 982
1740789739678 0.1 983
1740789743131 0.1 984
1740789747097 0.1 985
1740789750737 0.1 986
1740789754422 0.1 987
1740789758147 0.1 988
1740789758789 0.1 989
1740789762262 0.1 990
1740789765926 0.1 991
1740789769884 0.1 992
1740789773408 0.1 993
1740789777011 0.1 994
1740789780691 0.1 995
1740789784533 0.1 996
1740789788017 0.1 997
1740789791692 0.1 998
1740789795258 0.1 999
1740789799051 0.1 1000
1740789803133 0.1 1001
1740789806966 0.1 1002
1740789810799 0.1 1003
1740789814757 0.1 1004
1740789818739 0.1 1005
1740789822447 0.1 1006
1740789826090 0.1 1007
1740789829984 0.1 1008
1740789833454 0.1 1009
1740789837225 0.1 1010
1740789840746 0.1 1011
1740789844370 0.1 1012
1740789848149 0.1 1013
1740789850055 0.1 1014
1740789853786 0.1 1015
1740789857606 0.1 1016
1740789861507 0.1 1017
1740789865316 0.1 1018
1740789869236 0.1 1019
1740789872960 0.1 1020
1740789876991 0.1 1021
1740789880773 0.1 1022
1740789884574 0.1 1023
1740789889242 0.1 1024
1740789893089 0.1 1025
1740789897562 0.1 1026
1740789901244 0.1 1027
1740789905157 0.1 1028
1740789908910 0.1 1029
1740789912594 0.1 1030
1740789916335 0.1 1031
1740789920467 0.1 1032
1740789924189 0.1 1033
1740789927677 0.1 1034
1740789931419 0.1 1035
1740789935100 0.1 1036
1740789938694 0.1 1037
1740789940460 0.1 1038
1740789944320 0.1 1039
1740789947948 0.1 1040
1740789951619 0.1 1041
1740789955667 0.1 1042
1740789959492 0.1 1043
1740789963166 0.1 1044
1740789966773 0.1 1045
1740789970336 0.1 1046
1740789974208 0.1 1047
1740789978145 0.1 1048
1740789981889 0.1 1049
1740789985505 0.1 1050
1740789989339 0.1 1051
1740789992821 0.1 1052
1740789996835 0.1 1053
1740790000635 0.1 1054
1740790004269 0.1 1055
1740790007762 0.1 1056
1740790012017 0.1 1057
1740790015490 0.1 1058
1740790018944 0.1 1059
1740790022437 0.1 1060
1740790026364 0.1 1061
1740790030123 0.1 1062
1740790033789 0.1 1063
1740790037221 0.1 1064
1740790040929 0.1 1065
1740790044461 0.1 1066
1740790048173 0.1 1067
1740790051822 0.1 1068
1740790055590 0.1 1069
1740790059253 0.1 1070
1740790062818 0.1 1071
1740790066370 0.1 1072
1740790070246 0.1 1073
1740790074138 0.1 1074
1740790077926 0.1 1075
1740790081526 0.1 1076
1740790085208 0.1 1077
1740790089108 0.1 1078
1740790093128 0.1 1079
1740790096980 0.1 1080
1740790100869 0.1 1081
1740790104703 0.1 1082
1740790108836 0.1 1083
1740790112684 0.1 1084
1740790116916 0.1 1085
1740790120691 0.1 1086
1740790124306 0.1 1087
1740790127904 0.1 1088
1740790131659 0.1 1089
1740790135341 0.1 1090
1740790139101 0.1 1091
1740790143026 0.1 1092
1740790146936 0.1 1093
1740790150463 0.1 1094
1740790154082 0.1 1095
1740790157751 0.1 1096
1740790161714 0.1 1097
1740790165478 0.1 1098
1740790169496 0.1 1099
1740790173522 0.1 1100
1740790177195 0.1 1101
1740790180768 0.1 1102
1740790184372 0.1 1103
1740790188270 0.1 1104
1740790192442 0.1 1105
1740790196382 0.1 1106
1740790200321 0.1 1107
1740790204320 0.1 1108
1740790207989 0.1 1109
1740790211608 0.1 1110
1740790215640 0.1 1111
1740790219278 0.1 1112
1740790222806 0.1 1113
1740790226353 0.1 1114
1740790229857 0.1 1115
1740790233341 0.1 1116
1740790234897 0.1 1117
1740790238988 0.1 1118
1740790242712 0.1 1119
1740790246606 0.1 1120
1740790250223 0.1 1121
1740790253922 0.1 1122
1740790257537 0.1 1123
1740790261063 0.1 1124
1740790264719 0.1 1125
1740790268532 0.1 1126
1740790272134 0.1 1127
1740790275667 0.1 1128
1740790279602 0.1 1129
1740790283700 0.1 1130
1740790287304 0.1 1131
1740790291099 0.1 1132
1740790294757 0.1 1133
1740790298706 0.1 1134
1740790302521 0.1 1135
1740790306453 0.1 1136
1740790310152 0.1 1137
1740790313960 0.1 1138
1740790318375 0.1 1139
1740790322174 0.1 1140
1740790326899 0.1 1141
1740790330879 0.1 1142
1740790334678 0.1 1143
1740790338319 0.1 1144
1740790342542 0.1 1145
1740790346173 0.1 1146
1740790349770 0.1 1147
1740790354067 0.1 1148
1740790358109 0.1 1149
1740790362190 0.1 1150
1740790365982 0.1 1151
1740790369705 0.1 1152
1740790373236 0.1 1153
1740790377123 0.1 1154
1740790381030 0.1 1155
1740790384989 0.1 1156
1740790388482 0.1 1157
1740790391865 0.1 1158
1740790395320 0.1 1159
1740790399026 0.1 1160
1740790402934 0.1 1161
1740790406716 0.1 1162
1740790410550 0.1 1163
1740790414177 0.1 1164
1740790417902 0.1 1165
1740790421326 0.1 1166
1740790425106 0.1 1167
1740790429268 0.1 1168
1740790432911 0.1 1169
1740790436606 0.1 1170
1740790440196 0.1 1171
1740790444103 0.1 1172
1740790447928 0.1 1173
1740790451486 0.1 1174
1740790455405 0.1 1175
1740790459459 0.1 1176
1740790463116 0.1 1177
1740790466788 0.1 1178
1740790470366 0.1 1179
1740790474184 0.1 1180
1740790477948 0.1 1181
1740790481561 0.1 1182
1740790485070 0.1 1183
1740790488789 0.1 1184
1740790492704 0.1 1185
1740790496578 0.1 1186
1740790500206 0.1 1187
1740790503841 0.1 1188
1740790507386 0.1 1189
1740790511054 0.1 1190
1740790515257 0.1 1191
1740790518911 0.1 1192
1740790522543 0.1 1193
1740790526158 0.1 1194
1740790529756 0.1 1195
1740790533623 0.1 1196
1740790537252 0.1 1197
1740790541165 0.1 1198
1740790544940 0.1 1199
1740790548648 0.1 1200
1740790552393 0.1 1201
1740790556224 0.1 1202
1740790559872 0.1 1203
1740790563866 0.1 1204
1740790567707 0.1 1205
1740790571363 0.1 1206
1740790575152 0.1 1207
1740790578873 0.1 1208
1740790582613 0.1 1209
1740790586093 0.1 1210
1740790589935 0.1 1211
1740790593840 0.1 1212
1740790598687 0.1 1213
1740790602531 0.1 1214
1740790606538 0.1 1215
1740790610277 0.1 1216
1740790614038 0.1 1217
1740790617656 0.1 1218
1740790621232 0.1 1219
1740790624758 0.1 1220
1740790628407 0.1 1221
1740790632033 0.1 1222
1740790636021 0.1 1223
1740790639734 0.1 1224
1740790643473 0.1 1225
1740790647481 0.1 1226
1740790651291 0.1 1227
1740790654709 0.1 1228
1740790658271 0.1 1229
1740790661922 0.1 1230
1740790665957 0.1 1231
1740790669460 0.1 1232
1740790672914 0.1 1233
1740790676404 0.1 1234
1740790679915 0.1 1235
1740790683654 0.1 1236
1740790687684 0.1 1237
1740790691234 0.1 1238
1740790694773 0.1 1239
1740790698212 0.1 1240
1740790701790 0.1 1241
1740790705306 0.1 1242
1740790708974 0.1 1243
1740790712605 0.1 1244
1740790716347 0.1 1245
1740790720000 0.1 1246
1740790723746 0.1 1247
1740790727519 0.1 1248
1740790731083 0.1 1249
1740790734549 0.1 1250
1740790738003 0.1 1251
1740790741593 0.1 1252
1740790745423 0.1 1253
1740790749306 0.1 1254
1740790752910 0.1 1255
1740790756469 0.1 1256
1740790760081 0.1 1257
1740790763835 0.1 1258
1740790768266 0.1 1259
1740790769056 0.1 1260
1740790772821 0.1 1261
1740790776603 0.1 1262
1740790780307 0.1 1263
1740790784048 0.1 1264
1740790787863 0.1 1265
1740790791643 0.1 1266
1740790795471 0.1 1267
1740790799293 0.1 1268
1740790803109 0.1 1269
1740790806889 0.1 1270
1740790810534 0.1 1271
1740790814476 0.1 1272
1740790818245 0.1 1273
1740790821861 0.1 1274
1740790825358 0.1 1275
1740790828973 0.1 1276
1740790832643 0.1 1277
1740790836260 0.1 1278
1740790840097 0.1 1279
1740790843823 0.1 1280
1740790847473 0.1 1281
1740790851289 0.1 1282
1740790855030 0.1 1283
1740790858579 0.1 1284
1740790862305 0.1 1285
1740790866158 0.1 1286
1740790869665 0.1 1287
1740790873426 0.1 1288
1740790877193 0.1 1289
1740790881065 0.1 1290
1740790884599 0.1 1291
1740790888400 0.1 1292
1740790892197 0.1 1293
1740790895780 0.1 1294
1740790899488 0.1 1295
1740790903398 0.1 1296
1740790908157 0.1 1297
1740790912236 0.1 1298
1740790915982 0.1 1299
1740790919642 0.1 1300
1740790923425 0.1 1301
1740790927587 0.1 1302
1740790931365 0.1 1303
1740790935309 0.1 1304
1740790939159 0.1 1305
1740790943163 0.1 1306
1740790946849 0.1 1307
1740790950339 0.1 1308
1740790954113 0.1 1309
1740790958016 0.1 1310
1740790961853 0.1 1311
1740790965501 0.1 1312
1740790969274 0.1 1313
1740790973079 0.1 1314
1740790977008 0.1 1315
1740790980560 0.1 1316
1740790984247 0.1 1317
1740790987961 0.1 1318
1740790991554 0.1 1319
1740790995509 0.1 1320
1740790999177 0.1 1321
1740791002833 0.1 1322
1740791006960 0.1 1323
1740791010814 0.1 1324
1740791014592 0.1 1325
1740791018719 0.1 1326
1740791022378 0.1 1327
1740791025789 0.1 1328
1740791029677 0.1 1329
1740791033669 0.1 1330
1740791037338 0.1 1331
1740791041045 0.1 1332
1740791044612 0.1 1333
1740791048346 0.1 1334
1740791051907 0.1 1335
1740791055368 0.1 1336
1740791059110 0.1 1337
1740791062836 0.1 1338
1740791066484 0.1 1339
1740791070212 0.1 1340
1740791073746 0.1 1341
1740791077392 0.1 1342
1740791081033 0.1 1343
1740791084444 0.1 1344
1740791088885 0.1 1345
1740791092689 0.1 1346
1740791096498 0.1 1347
1740791100215 0.1 1348
1740791103692 0.1 1349
1740791107172 0.1 1350
1740791110999 0.1 1351
1740791114537 0.1 1352
1740791118022 0.1 1353
1740791123547 0.1 1354
1740791127153 0.1 1355
1740791130600 0.1 1356
1740791134203 0.1 1357
1740791137948 0.1 1358
1740791141703 0.1 1359
1740791145855 0.1 1360
1740791149412 0.1 1361
1740791151844 0.1 1362
1740791155420 0.1 1363
1740791158922 0.1 1364
1740791162510 0.1 1365
1740791166419 0.1 1366
1740791169931 0.1 1367
1740791173476 0.1 1368
1740791177100 0.1 1369
1740791180726 0.1 1370
1740791184234 0.1 1371
1740791187823 0.1 1372
1740791191550 0.1 1373
1740791195045 0.1 1374
1740791198548 0.1 1375
1740791202240 0.1 1376
1740791206061 0.1 1377
1740791209751 0.1 1378
1740791213578 0.1 1379
1740791217268 0.1 1380
1740791220812 0.1 1381
1740791224231 0.1 1382
1740791227810 0.1 1383
1740791231504 0.1 1384
1740791236409 0.1 1385
1740791240485 0.1 1386
1740791243992 0.1 1387
1740791247601 0.1 1388
1740791251384 0.1 1389
1740791255333 0.1 1390
1740791259459 0.1 1391
1740791263282 0.1 1392
1740791266877 0.1 1393
1740791270409 0.1 1394
1740791274134 0.1 1395
1740791278051 0.1 1396
1740791281530 0.1 1397
1740791285416 0.1 1398
1740791289191 0.1 1399
1740791292743 0.1 1400
1740791298128 0.1 1401
1740791302075 0.1 1402
1740791305857 0.1 1403
1740791309689 0.1 1404
1740791313226 0.1 1405
1740791317256 0.1 1406
1740791321480 0.1 1407
1740791325020 0.1 1408
1740791328722 0.1 1409
1740791332542 0.1 1410
1740791336430 0.1 1411
1740791340188 0.1 1412
1740791343679 0.1 1413
1740791347457 0.1 1414
1740791350967 0.1 1415
1740791354914 0.1 1416
1740791358557 0.1 1417
1740791362037 0.1 1418
1740791365788 0.1 1419
1740791369498 0.1 1420
1740791373381 0.1 1421
1740791377216 0.1 1422
1740791380830 0.1 1423
1740791384386 0.1 1424
1740791388079 0.1 1425
1740791391907 0.1 1426
1740791395565 0.1 1427
1740791399116 0.1 1428
1740791402763 0.1 1429
1740791406541 0.1 1430
1740791410433 0.1 1431
1740791413970 0.1 1432
1740791417406 0.1 1433
1740791421016 0.1 1434
1740791424743 0.1 1435
1740791428319 0.1 1436
1740791431872 0.1 1437
1740791435462 0.1 1438
1740791439140 0.1 1439
1740791442700 0.1 1440
1740791446233 0.1 1441
1740791449731 0.1 1442
1740791453585 0.1 1443
1740791457256 0.1 1444
1740791460823 0.1 1445
1740791464547 0.1 1446
1740791465656 0.1 1447
1740791469457 0.1 1448
1740791473034 0.1 1449
1740791476651 0.1 1450
1740791480284 0.1 1451
1740791484649 0.1 1452
1740791488179 0.1 1453
1740791492043 0.1 1454
1740791500664 0.1 1455
1740791504367 0.1 1456
1740791508159 0.1 1457
1740791512149 0.1 1458
1740791515833 0.1 1459
1740791519548 0.1 1460
1740791523244 0.1 1461
1740791526974 0.1 1462
1740791530844 0.1 1463
1740791534441 0.1 1464
1740791537921 0.1 1465
1740791541871 0.1 1466
1740791545439 0.1 1467
1740791548964 0.1 1468
1740791553248 0.1 1469
1740791556854 0.1 1470
1740791560348 0.1 1471
1740791564024 0.1 1472
1740791567606 0.1 1473
1740791571349 0.1 1474
1740791575167 0.1 1475
1740791577363 0.1 1476
1740791581157 0.1 1477
1740791584697 0.1 1478
1740791588530 0.1 1479
1740791592345 0.1 1480
1740791596063 0.1 1481
1740791599749 0.1 1482
1740791603273 0.1 1483
1740791607037 0.1 1484
1740791610800 0.1 1485
1740791614477 0.1 1486
1740791618366 0.1 1487
1740791621819 0.1 1488
1740791625336 0.1 1489
1740791628780 0.1 1490
1740791632660 0.1 1491
1740791636309 0.1 1492
1740791639742 0.1 1493
1740791644492 0.1 1494
1740791648885 0.1 1495
1740791652405 0.1 1496
1740791656054 0.1 1497
1740791659626 0.1 1498
1740791663377 0.1 1499
1740791666897 0.1 1500
1740791670870 0.1 1501
1740791674468 0.1 1502
1740791678022 0.1 1503
1740791681761 0.1 1504
1740791685430 0.1 1505
1740791689095 0.1 1506
1740791692877 0.1 1507
1740791696654 0.1 1508
1740791700241 0.1 1509
1740791703972 0.1 1510
1740791707748 0.1 1511
1740791711321 0.1 1512
1740791714892 0.1 1513
1740791718690 0.1 1514
1740791722346 0.1 1515
1740791726653 0.1 1516
1740791730274 0.1 1517
1740791733982 0.1 1518
1740791737691 0.1 1519
1740791741261 0.1 1520
1740791744947 0.1 1521
1740791748798 0.1 1522
1740791752560 0.1 1523
1740791756430 0.1 1524
1740791760356 0.1 1525
1740791764080 0.1 1526
1740791767654 0.1 1527
1740791771345 0.1 1528
1740791774882 0.1 1529
1740791778677 0.1 1530
1740791782570 0.1 1531
1740791786474 0.1 1532
1740791790311 0.1 1533
1740791794010 0.1 1534
1740791797991 0.1 1535
1740791801556 0.1 1536
1740791805043 0.1 1537
1740791808667 0.1 1538
1740791812455 0.1 1539
1740791816138 0.1 1540
1740791819755 0.1 1541
1740791823460 0.1 1542
1740791827006 0.1 1543
1740791830483 0.1 1544
1740791833961 0.1 1545
1740791837484 0.1 1546
1740791841507 0.1 1547
1740791845168 0.1 1548
1740791850713 0.1 1549
1740791854614 0.1 1550
1740791858512 0.1 1551
1740791862372 0.1 1552
1740791866094 0.1 1553
1740791869938 0.1 1554
1740791873729 0.1 1555
1740791877581 0.1 1556
1740791881160 0.1 1557
1740791884703 0.1 1558
1740791888380 0.1 1559
1740791889655 0.1 1560
1740791893580 0.1 1561
1740791897181 0.1 1562
1740791900946 0.1 1563
1740791904827 0.1 1564
1740791908941 0.1 1565
1740791912895 0.1 1566
1740791916748 0.1 1567
1740791920258 0.1 1568
1740791923813 0.1 1569
1740791927311 0.1 1570
1740791930898 0.1 1571
1740791931659 0.1 1572
1740791935196 0.1 1573
1740791938637 0.1 1574
1740791942612 0.1 1575
1740791946083 0.1 1576
1740791949596 0.1 1577
1740791953497 0.1 1578
1740791957078 0.1 1579
1740791960586 0.1 1580
1740791964398 0.1 1581
1740791968555 0.1 1582
1740791972037 0.1 1583
1740791975596 0.1 1584
1740791979405 0.1 1585
1740791983037 0.1 1586
1740791986707 0.1 1587
1740791990548 0.1 1588
1740791994577 0.1 1589
1740791995381 0.1 1590
1740791999215 0.1 1591
1740792003127 0.1 1592
1740792007261 0.1 1593
1740792011230 0.1 1594
1740792015027 0.1 1595
1740792018489 0.1 1596
1740792022179 0.1 1597
1740792026011 0.1 1598
1740792029907 0.1 1599
1740792033550 0.1 1600
1740792037106 0.1 1601
1740792040781 0.1 1602
1740792044292 0.1 1603
1740792048204 0.1 1604
1740792051707 0.1 1605
1740792055487 0.1 1606
1740792058945 0.1 1607
1740792062578 0.1 1608
1740792066316 0.1 1609
1740792070084 0.1 1610
1740792073495 0.1 1611
1740792077011 0.1 1612
1740792080518 0.1 1613
1740792084315 0.1 1614
1740792087940 0.1 1615
1740792091986 0.1 1616
1740792095776 0.1 1617
1740792099714 0.1 1618
1740792103523 0.1 1619
1740792107489 0.1 1620
1740792111465 0.1 1621
1740792115583 0.1 1622
1740792119077 0.1 1623
1740792122792 0.1 1624
1740792126399 0.1 1625
1740792130279 0.1 1626
1740792133902 0.1 1627
1740792137546 0.1 1628
1740792141191 0.1 1629
1740792144750 0.1 1630
1740792148289 0.1 1631
1740792152068 0.1 1632
1740792155695 0.1 1633
1740792159525 0.1 1634
1740792163122 0.1 1635
1740792166633 0.1 1636
1740792170158 0.1 1637
1740792176212 0.1 1638
1740792179847 0.1 1639
1740792183768 0.1 1640
1740792187418 0.1 1641
1740792190963 0.1 1642
1740792194493 0.1 1643
1740792198783 0.1 1644
1740792202708 0.1 1645
1740792203948 0.1 1646
1740792207546 0.1 1647
1740792211176 0.1 1648
1740792214844 0.1 1649
1740792218707 0.1 1650
1740792222635 0.1 1651
1740792226296 0.1 1652
1740792229841 0.1 1653
1740792233879 0.1 1654
1740792237797 0.1 1655
1740792241730 0.1 1656
1740792245380 0.1 1657
1740792249161 0.1 1658
1740792252730 0.1 1659
1740792256765 0.1 1660
1740792260361 0.1 1661
1740792264141 0.1 1662
1740792267770 0.1 1663
1740792271762 0.1 1664
1740792275378 0.1 1665
1740792279212 0.1 1666
1740792282673 0.1 1667
1740792286704 0.1 1668
1740792290436 0.1 1669
1740792294013 0.1 1670
1740792297637 0.1 1671
1740792301170 0.1 1672
1740792304959 0.1 1673
1740792308546 0.1 1674
1740792312186 0.1 1675
1740792315793 0.1 1676
1740792319306 0.1 1677
1740792322906 0.1 1678
1740792326600 0.1 1679
1740792330246 0.1 1680
1740792334267 0.1 1681
1740792338104 0.1 1682
1740792341710 0.1 1683
1740792345259 0.1 1684
1740792349230 0.1 1685
1740792352919 0.1 1686
1740792356691 0.1 1687
1740792360282 0.1 1688
1740792364449 0.1 1689
1740792368304 0.1 1690
1740792371974 0.1 1691
1740792375467 0.1 1692
1740792379285 0.1 1693
1740792383280 0.1 1694
1740792387032 0.1 1695
1740792390821 0.1 1696
1740792394652 0.1 1697
1740792398488 0.1 1698
1740792402348 0.1 1699
1740792405880 0.1 1700
1740792409349 0.1 1701
1740792413021 0.1 1702
1740792416893 0.1 1703
1740792420760 0.1 1704
1740792424463 0.1 1705
1740792428115 0.1 1706
1740792431744 0.1 1707
1740792435769 0.1 1708
1740792439265 0.1 1709
1740792443179 0.1 1710
1740792446818 0.1 1711
1740792450417 0.1 1712
1740792454171 0.1 1713
1740792457964 0.1 1714
1740792461652 0.1 1715
1740792465234 0.1 1716
1740792468826 0.1 1717
1740792472442 0.1 1718
1740792475965 0.1 1719
1740792479595 0.1 1720
1740792483284 0.1 1721
1740792486907 0.1 1722
1740792490498 0.1 1723
1740792494266 0.1 1724
1740792497909 0.1 1725
1740792501336 0.1 1726
1740792504872 0.1 1727
1740792508356 0.1 1728
1740792512433 0.1 1729
1740792516228 0.1 1730
1740792519734 0.1 1731
1740792523365 0.1 1732
1740792527145 0.1 1733
1740792531239 0.1 1734
1740792534838 0.1 1735
1740792538386 0.1 1736
1740792542125 0.1 1737
1740792545709 0.1 1738
1740792549892 0.1 1739
1740792553395 0.1 1740
1740792556933 0.1 1741
1740792560579 0.1 1742
1740792564291 0.1 1743
1740792568022 0.1 1744
1740792571506 0.1 1745
1740792575092 0.1 1746
1740792578789 0.1 1747
1740792582647 0.1 1748
1740792586414 0.1 1749
1740792589989 0.1 1750
1740792593617 0.1 1751
1740792597497 0.1 1752
1740792601424 0.1 1753
1740792605258 0.1 1754
1740792609294 0.1 1755
1740792613083 0.1 1756
1740792616782 0.1 1757
1740792620474 0.1 1758
1740792624043 0.1 1759
1740792627878 0.1 1760
1740792631355 0.1 1761
1740792634955 0.1 1762
1740792638601 0.1 1763
1740792642322 0.1 1764
1740792646032 0.1 1765
1740792649670 0.1 1766
1740792653331 0.1 1767
1740792656867 0.1 1768
1740792660536 0.1 1769
1740792664044 0.1 1770
1740792667624 0.1 1771
1740792671338 0.1 1772
1740792675056 0.1 1773
1740792678641 0.1 1774
1740792679243 0.1 1775
1740792683001 0.1 1776
1740792686717 0.1 1777
1740792690286 0.1 1778
1740792693943 0.1 1779
1740792697532 0.1 1780
1740792702778 0.1 1781
1740792706244 0.1 1782
1740792710200 0.1 1783
1740792720678 0.1 1784
1740792724572 0.1 1785
1740792728222 0.1 1786
1740792732055 0.1 1787
1740792740697 0.1 1788
1740792744267 0.1 1789
1740792747790 0.1 1790
1740792751507 0.1 1791
1740792755002 0.1 1792
1740792758600 0.1 1793
1740792762214 0.1 1794
1740792765735 0.1 1795
1740792769274 0.1 1796
1740792773635 0.1 1797
1740792777489 0.1 1798
1740792781126 0.1 1799
1740792784876 0.1 1800
1740792788787 0.1 1801
1740792792416 0.1 1802
1740792796042 0.1 1803
1740792800217 0.1 1804
1740792804076 0.1 1805
1740792808042 0.1 1806
1740792811678 0.1 1807
1740792815816 0.1 1808
1740792819436 0.1 1809
1740792823367 0.1 1810
1740792827428 0.1 1811
1740792831133 0.1 1812
1740792835032 0.1 1813
1740792840683 0.1 1814
1740792845942 0.1 1815
1740792849781 0.1 1816
1740792853456 0.1 1817
1740792857548 0.1 1818
1740792861106 0.1 1819
1740792861660 0.1 1820
1740792865593 0.1 1821
1740792869102 0.1 1822
1740792872731 0.1 1823
1740792876352 0.1 1824
1740792880074 0.1 1825
1740792883699 0.1 1826
1740792887468 0.1 1827
1740792891107 0.1 1828
1740792895047 0.1 1829
1740792898550 0.1 1830
1740792902912 0.1 1831
1740792906819 0.1 1832
1740792910497 0.1 1833
1740792914083 0.1 1834
1740792917897 0.1 1835
1740792921570 0.1 1836
1740792925272 0.1 1837
1740792928799 0.1 1838
1740792932505 0.1 1839
1740792936148 0.1 1840
1740792940207 0.1 1841
1740792943876 0.1 1842
1740792947710 0.1 1843
1740792951240 0.1 1844
1740792954856 0.1 1845
1740792958703 0.1 1846
1740792962412 0.1 1847
1740792966183 0.1 1848
1740792970000 0.1 1849
1740792973487 0.1 1850
1740792977038 0.1 1851
1740792980606 0.1 1852
1740792984171 0.1 1853
1740792987909 0.1 1854
1740792991549 0.1 1855
1740792995421 0.1 1856
1740792999388 0.1 1857
1740793003188 0.1 1858
1740793006818 0.1 1859
1740793010422 0.1 1860
1740793013891 0.1 1861
1740793017514 0.1 1862
1740793020936 0.1 1863
1740793024435 0.1 1864
1740793028053 0.1 1865
1740793031832 0.1 1866
1740793035509 0.1 1867
1740793039029 0.1 1868
1740793042717 0.1 1869
1740793046420 0.1 1870
1740793050146 0.1 1871
1740793053793 0.1 1872
1740793057414 0.1 1873
1740793060964 0.1 1874
1740793064624 0.1 1875
1740793068122 0.1 1876
1740793071630 0.1 1877
1740793075295 0.1 1878
1740793078918 0.1 1879
1740793082690 0.1 1880
1740793086265 0.1 1881
1740793089863 0.1 1882
1740793093499 0.1 1883
1740793097300 0.1 1884
1740793100992 0.1 1885
1740793104686 0.1 1886
1740793108775 0.1 1887
1740793112789 0.1 1888
1740793116308 0.1 1889
1740793120132 0.1 1890
1740793125237 0.1 1891
1740793129127 0.1 1892
1740793133018 0.1 1893
1740793136657 0.1 1894
1740793140979 0.1 1895
1740793151129 0.1 1896
1740793154800 0.1 1897
1740793158407 0.1 1898
1740793162335 0.1 1899
1740793165891 0.1 1900
1740793170010 0.1 1901
1740793173664 0.1 1902
1740793177360 0.1 1903
1740793181072 0.1 1904
1740793184603 0.1 1905
1740793188147 0.1 1906
1740793191861 0.1 1907
1740793195741 0.1 1908
1740793199429 0.1 1909
1740793203124 0.1 1910
1740793207026 0.1 1911
1740793210670 0.1 1912
1740793214326 0.1 1913
1740793218292 0.1 1914
1740793221849 0.1 1915
1740793225948 0.1 1916
1740793229749 0.1 1917
1740793233309 0.1 1918
1740793236889 0.1 1919
1740793240516 0.1 1920
1740793244026 0.1 1921
1740793248443 0.1 1922
1740793252104 0.1 1923
1740793256169 0.1 1924
1740793259895 0.1 1925
1740793263493 0.1 1926
1740793267041 0.1 1927
1740793270850 0.1 1928
1740793275641 0.1 1929
1740793279166 0.1 1930
1740793282730 0.1 1931
1740793286449 0.1 1932
1740793290152 0.1 1933
1740793293653 0.1 1934
1740793297202 0.1 1935
1740793300677 0.1 1936
1740793304505 0.1 1937
1740793307890 0.1 1938
1740793311419 0.1 1939
1740793315388 0.1 1940
1740793319066 0.1 1941
1740793323365 0.1 1942
1740793326963 0.1 1943
1740793330532 0.1 1944
1740793334111 0.1 1945
1740793339554 0.1 1946
1740793343349 0.1 1947
1740793346879 0.1 1948
1740793350357 0.1 1949
1740793354067 0.1 1950
1740793357578 0.1 1951
1740793361422 0.1 1952
1740793364976 0.1 1953
1740793368735 0.1 1954
1740793374524 0.1 1955
1740793377971 0.1 1956
1740793381598 0.1 1957
1740793385540 0.1 1958
1740793388982 0.1 1959
1740793392524 0.1 1960
1740793396096 0.1 1961
1740793399742 0.1 1962
1740793403430 0.1 1963
1740793407117 0.1 1964
1740793411094 0.1 1965
1740793414750 0.1 1966
1740793418482 0.1 1967
1740793422223 0.1 1968
1740793425715 0.1 1969
1740793429198 0.1 1970
1740793432768 0.1 1971
1740793436334 0.1 1972
1740793439874 0.1 1973
1740793443340 0.1 1974
1740793447061 0.1 1975
1740793450792 0.1 1976
1740793454874 0.1 1977
1740793458567 0.1 1978
1740793462129 0.1 1979
1740793465938 0.1 1980
1740793469675 0.1 1981
1740793473573 0.1 1982
1740793477222 0.1 1983
1740793480833 0.1 1984
1740793484525 0.1 1985
1740793488204 0.1 1986
1740793491998 0.1 1987
1740793495601 0.1 1988
1740793499482 0.1 1989
1740793503348 0.1 1990
1740793506978 0.1 1991
1740793510780 0.1 1992
1740793514520 0.1 1993
1740793518092 0.1 1994
1740793521828 0.1 1995
1740793525453 0.1 1996
1740793529312 0.1 1997
1740793533105 0.1 1998
1740793536829 0.1 1999
