1740786114067 0.10400040000677109 0
1740786117940 0.06609726093709468 1
1740786121817 0.02473646380007267 2
1740786125748 0.010045675504952669 3
1740786129393 0.00578240929171443 4
1740786132996 0.004492012541741133 5
1740786136736 0.003797082472592592 6
1740786140158 0.002844195468351245 7
1740786143913 0.002435094779357314 8
1740786147751 0.0022088091261684897 9
1740786151552 0.0020376812433823945 10
1740786155287 0.0018513246905058622 11
1740786159069 0.0018536626640707253 12
1740786162881 0.007162448856979609 13
1740786166665 0.006836074143648147 14
1740786170386 0.004614679194055497 15
1740786174083 0.005164087605662644 16
1740786177643 0.005032746572978795 17
1740786181405 0.003983941981568932 18
1740786185021 0.004534085933119059 19
1740786188761 0.002593416578602046 20
1740786192595 0.003582205360289663 21
1740786196355 0.0033032696438021958 22
1740786200236 0.0035031737899407743 23
1740786204014 0.0022172759380191566 24
1740786207731 0.004157517359126359 25
1740786211621 0.0031202086061239242 26
1740786215558 0.003750084745697677 27
1740786219394 0.003981101834215224 28
1740786223053 0.002800327022559941 29
1740786226901 0.005520583153702319 30
1740786230812 0.004431408001109958 31
1740786234453 0.006423834268935025 32
1740786238008 0.005796611711848527 33
1740786241757 0.002436343356966972 34
1740786245495 0.005553443445824087 35
1740786249084 0.005064683132804931 36
1740786252789 0.0057644476974383 37
1740786256446 0.004496327531524002 38
1740786260097 0.0032276002177968623 39
1740786263620 0.003445510594174266 40
1740786267130 0.004609886130783707 41
1740786270689 0.003041607313789427 42
1740786274046 0.0022526853578165172 43
1740786277593 0.002064812392927706 44
1740786281012 0.004913128335028887 45
1740786284573 0.004122664162423462 46
1740786288206 0.0028695450723171235 47
1740786291718 0.003563504272606224 48
1740786295477 0.0034698806842789055 49
1740786298987 0.006333920028991997 50
1740786302614 0.001999220778234303 51
1740786306187 0.0015785081777721643 52
1740786309604 0.005569323343224824 53
1740786313019 0.003602180042071268 54
1740786316593 0.005057500996626913 55
1740786320094 0.0034192733536474408 56
1740786323726 0.0021756777074187993 57
1740786327306 0.003293947904603556 58
1740786330839 0.0017360720923170448 59
1740786334254 0.003178981123492122 60
1740786337693 0.003234693764243275 61
1740786341160 0.002062667354475707 62
1740786344509 0.003104045584332198 63
1740786348051 0.0037121838820166884 64
1740786351499 0.004835078590549529 65
1740786354875 0.00445997241185978 66
1740786358395 0.0034875904279761017 67
1740786361938 0.0046446274779737 68
1740786365480 0.004340964569710195 69
1740786369076 0.0019178309431299567 70
1740786372738 0.0031214584736153485 71
1740786376250 0.003200949120800942 72
1740786379760 0.004376616466324776 73
1740786383255 0.003267849355470389 74
1740786386761 0.0026904836553148927 75
1740786390374 0.003400274822488427 76
1740786393964 0.0032854358409531415 77
1740786397308 0.0031806041370145977 78
1740786400896 0.0032100357883609832 79
1740786404410 0.002993280361406505 80
1740786407729 0.004515155754052103 81
1740786411341 0.003389069880358875 82
1740786414773 0.0015293870866298674 83
1740786418125 0.004281796298455447 84
1740786421713 0.00156428474932909 85
1740786425257 0.0027632673527114094 86
1740786428630 0.0014757320785429328 87
1740786432216 0.002505054097855464 88
1740786435788 0.0019518334232270717 89
1740786439411 0.003611409888835624 90
1740786443053 0.0036613410548307 91
1740786446417 0.0031351660913787782 92
1740786449791 0.0031565846083685756 93
1740786453728 0.0028418363351374863 94
1740786457265 0.005065623810514808 95
1740786460637 0.0016832647821865977 96
1740786464339 0.003984409612603486 97
1740786467913 0.0021420654724352063 98
1740786471443 0.002837052629329264 99
1740786475092 0.0034273445466533304 100
1740786478525 0.003617032407782972 101
1740786482092 0.0030870291567407547 102
1740786485690 0.003124604027252644 103
1740786489155 0.001636693615000695 104
1740786492537 0.004051671775523573 105
1740786495960 0.0023933102015871554 106
1740786499686 0.0026124863768927755 107
1740786503270 0.00386577075580135 108
1740786506847 0.00210331272915937 109
1740786510241 0.0028215787711087614 110
1740786513800 0.003736977947410196 111
1740786517536 0.0026207504991907628 112
1740786521262 0.0028028179355897007 113
1740786524997 0.0026195488939993084 114
1740786528738 0.0015648678527213633 115
1740786532177 0.0023552573681809006 116
1740786535937 0.002167110531590879 117
1740786539344 0.0025687716831453143 118
1740786543062 0.002790330592542887 119
1740786546617 0.0032705755066126585 120
1740786550197 0.003308294063899666 121
1740786553589 0.002594348667189479 122
1740786557219 0.001546253077685833 123
1740786560687 0.001766608718317002 124
1740786564370 0.0010710881685372443 125
1740786567748 0.0033210206765215845 126
1740786571354 0.0025293906126171353 127
1740786574760 0.002467477796599269 128
1740786578270 0.0019140616816002876 129
1740786581627 0.0018963395268656313 130
1740786585372 0.0025252495030872522 131
1740786588858 0.0023182301002088934 132
1740786592273 0.002313934825360775 133
1740786595824 0.0023736159049440177 134
1740786599257 0.002424721831921488 135
1740786602684 0.0017273422447033227 136
1740786606239 0.0030300628021359445 137
1740786609882 0.002885127776535228 138
1740786613441 0.003086196770891547 139
1740786617286 0.0014060293685179204 140
1740786620745 0.0010720010148361325 141
1740786624266 0.0029324557771906257 142
1740786627755 0.002331125744385645 143
1740786631424 0.003192441971041262 144
1740786635108 0.0021747289504855873 145
1740786638830 0.0027644053287804128 146
1740786642365 0.002534219941589981 147
1740786646024 0.0021410549129359424 148
1740786649616 0.0031115671596489845 149
1740786653311 0.0026676025078631936 150
1740786657061 0.004101940649561584 151
1740786660594 0.0015092087537050248 152
1740786664275 0.003323117436375469 153
1740786667879 0.002464419286698103 154
1740786671539 0.00218251594575122 155
1740786675143 0.0035504090844187884 156
1740786678939 0.0027325191348791123 157
1740786682389 0.002835653689689934 158
1740786685941 0.0023125606833491476 159
1740786689302 0.001979499723529443 160
1740786692769 0.00296998719451949 161
1740786696205 0.004115233146585524 162
1740786699865 0.004149998154025525 163
1740786703473 0.0022218153113499283 164
1740786707014 0.0028102236171253024 165
1740786710573 0.002118493168381974 166
1740786714113 0.004197141733020544 167
1740786717588 0.00268215658608824 168
1740786721126 0.001396526248427108 169
1740786724645 0.00366823308984749 170
1740786728042 0.003179627466015518 171
1740786731520 0.0022682306612841784 172
1740786734981 0.004140365035273135 173
1740786738459 0.0028044695709832012 174
1740786742115 0.0030378128844313324 175
1740786745847 0.002722058582585305 176
1740786749438 0.0017816102039068936 177
1740786753267 0.0019842427619732915 178
1740786756671 0.0023620137386023998 179
1740786760210 0.0029425896285101773 180
1740786764120 0.0033956475649029017 181
1740786767831 0.0028896690160036087 182
1740786771316 0.0025453219516202805 183
1740786774785 0.002788506072247401 184
1740786778406 0.0031144194514490663 185
1740786781900 0.002331855680095032 186
1740786785396 0.0023138750973157583 187
1740786788892 0.00299837289378047 188
1740786792420 0.00367817685008049 189
1740786795948 0.002928756910841912 190
1740786799438 0.0028530757455155252 191
1740786803068 0.0032754936860874295 192
1740786806847 0.0027394958678632975 193
1740786810768 0.002483521979302168 194
1740786814530 0.002244715780252591 195
1740786818134 0.002901586187072098 196
1740786821713 0.001519422996789217 197
1740786825169 0.0026124198315665126 198
1740786828672 0.002272401684895158 199
1740786832301 0.0024609222775325177 200
1740786835832 0.0015585386124439538 201
1740786839520 0.004817541756201535 202
1740786843216 0.002202454836806282 203
1740786846705 0.003443261042702943 204
1740786850412 0.0023511390062049033 205
1740786854512 0.002373697925359011 206
1740786858141 0.0030343788710888477 207
1740786862000 0.002891897731460631 208
1740786865777 0.004120527813211083 209
1740786869241 0.003908975189551711 210
1740786873795 0.004445144697092474 211
1740786880015 0.0021166325581725687 212
1740786883483 0.005707288414705545 213
1740786887121 0.0040473648998886344 214
1740786890710 0.0052243005856871605 215
1740786894455 0.008107810849323868 216
1740786897913 0.004803406009450555 217
1740786901381 0.004913182635791599 218
1740786904919 0.008106522811576724 219
1740786908445 0.006593299400992692 220
1740786911912 0.00702815230935812 221
1740786915431 0.006387917152605951 222
1740786918975 0.006974689029157162 223
1740786922677 0.007195189502090216 224
1740786926174 0.005737507594749332 225
1740786929583 0.007744087688624859 226
1740786933345 0.0065802793577313425 227
1740786936729 0.007105275867506862 228
1740786940172 0.0077326360018923875 229
1740786943727 0.00750900259707123 230
1740786947637 0.005412797504104674 231
1740786951495 0.007424342427402735 232
1740786955249 0.007908036820590497 233
1740786958947 0.006691970725078136 234
1740786962531 0.006252323808148504 235
1740786966091 0.008241445301100611 236
1740786970044 0.00886852981057018 237
1740786973815 0.007557557346299291 238
1740786977548 0.008203761642798782 239
1740786981253 0.006426137248054147 240
1740786984714 0.005861158762127161 241
1740786988295 0.008547370079904795 242
1740786991876 0.007664126199670136 243
1740786995627 0.008342925431206823 244
1740786999213 0.007092388372402638 245
1740787002993 0.007463762415573001 246
1740787006454 0.008090657913126052 247
1740787009922 0.006179626879747957 248
1740787013393 0.006990657057613135 249
1740787017142 0.005664267153479159 250
1740787020725 0.005462303031235933 251
1740787024514 0.006521279611624777 252
1740787027914 0.008984210193157196 253
1740787031509 0.00776330332737416 254
1740787035159 0.009984060088172556 255
1740787038967 0.006954438760876655 256
1740787042453 0.008446518271230162 257
1740787046181 0.00739880652166903 258
1740787049877 0.011411687675863504 259
1740787053559 0.01085701448842883 260
1740787056935 0.008695555510930717 261
1740787060757 0.011977794216945767 262
1740787064368 0.010373716177418828 263
1740787067926 0.010983105953782797 264
1740787071527 0.008285035858862103 265
1740787075043 0.008530053258873523 266
1740787078572 0.0077066538389772175 267
1740787082283 0.009745757230557501 268
1740787085931 0.009125723987817764 269
1740787089623 0.008855452756397425 270
1740787093306 0.014049283331260085 271
1740787096800 0.011008882541209459 272
1740787100913 0.008524710265919565 273
1740787104372 0.008834130112081767 274
1740787108271 0.011162437861785293 275
1740787111801 0.012094618799164892 276
1740787115445 0.010466605937108398 277
1740787119081 0.01194717182777822 278
1740787122883 0.00989857230335474 279
1740787126538 0.011794247850775718 280
1740787130215 0.01222599545493722 281
1740787133964 0.009946703128516674 282
1740787137461 0.009506513476371764 283
1740787141039 0.0093610860966146 284
1740787144697 0.008764127264730632 285
1740787148332 0.013676425628364085 286
1740787151925 0.010157053340226412 287
1740787155577 0.010770002845674753 288
1740787159033 0.011217301916331053 289
1740787162716 0.00946053983643651 290
1740787166346 0.01186250951141119 291
1740787169920 0.010583877298049629 292
1740787173575 0.010541182225570083 293
1740787177116 0.010984758185222744 294
1740787180510 0.010712880892679095 295
1740787184112 0.013025829633697868 296
1740787187704 0.014106078278273345 297
1740787191530 0.010806313548237086 298
1740787194972 0.009642552128061652 299
1740787198543 0.013481313223019242 300
1740787202077 0.012202336043119431 301
1740787205596 0.01067209838423878 302
1740787209144 0.012095264783129096 303
1740787212776 0.009768706588074565 304
1740787216615 0.011210115049034358 305
1740787220396 0.013684783466160297 306
1740787224072 0.011363993156701327 307
1740787227552 0.013623472629114985 308
1740787231185 0.009898179778829216 309
1740787234741 0.012045312076807022 310
1740787238294 0.009374825516715646 311
1740787241825 0.008370357975363731 312
1740787245214 0.012269189171493054 313
1740787248641 0.008960552606731653 314
1740787252146 0.009850474195554853 315
1740787255753 0.010442044539377093 316
1740787259352 0.012590900301001967 317
1740787262918 0.00926973977126181 318
1740787266426 0.009299985459074378 319
1740787269941 0.012163317035883666 320
1740787273646 0.014461091542616487 321
1740787277301 0.01481093385256827 322
1740787280655 0.009605946699157358 323
1740787284312 0.010171766867861151 324
1740787288189 0.008522666823118925 325
1740787291808 0.012563762813806533 326
1740787295305 0.01190789976157248 327
1740787298868 0.01116036631166935 328
1740787302372 0.011886710608378053 329
1740787306031 0.010089121963828803 330
1740787310034 0.00945984677411616 331
1740787313601 0.012430186243727803 332
1740787317281 0.010737348422408104 333
1740787320918 0.01012826425023377 334
1740787324752 0.011946405721828342 335
1740787328240 0.009109187358990311 336
1740787331863 0.013456254629418254 337
1740787335609 0.01159391357563436 338
1740787339123 0.009597162632271648 339
1740787344873 0.0106614541541785 340
1740787348456 0.008948871167376637 341
1740787352183 0.010924334591254591 342
1740787355914 0.01091448542661965 343
1740787359644 0.008922571297734976 344
1740787363224 0.010538371689617633 345
1740787366866 0.01023720278404653 346
1740787370592 0.00848059678915888 347
1740787374308 0.011259794142097235 348
1740787377987 0.011423266502097249 349
1740787381668 0.01031221560202539 350
1740787385230 0.010613909997045994 351
1740787388771 0.010477808974683285 352
1740787392192 0.008379217516630889 353
1740787395658 0.007265101922675967 354
1740787399208 0.0086897705309093 355
1740787403040 0.008625864190980792 356
1740787406748 0.008773118476383387 357
1740787410615 0.008248201655223966 358
1740787414644 0.007442329237237573 359
1740787418307 0.010484352223575116 360
1740787422161 0.007229594080708921 361
1740787425904 0.01020743653178215 362
1740787429766 0.00858470524661243 363
1740787433317 0.008676510551013053 364
1740787436752 0.010033647427335382 365
1740787440484 0.00875667211599648 366
1740787444100 0.010183522012084723 367
1740787447890 0.008469199286773801 368
1740787451433 0.007514360258355736 369
1740787455136 0.007636185092851519 370
1740787458919 0.008689080621115864 371
1740787462655 0.009469677866436542 372
1740787466229 0.008022551299072802 373
1740787470061 0.006077545983716845 374
1740787473647 0.00841973108239472 375
1740787477084 0.005889866310171783 376
1740787480452 0.008395726075395942 377
1740787484075 0.009039422180503607 378
1740787487879 0.009664271096698939 379
1740787491416 0.008750266414135694 380
1740787495203 0.008006539111956954 381
1740787498919 0.007001991928555071 382
1740787502408 0.007738777189515531 383
1740787505923 0.009075332563370467 384
1740787509452 0.008711933689191938 385
1740787513050 0.0066063489113003014 386
1740787516937 0.008804667233489454 387
1740787520738 0.009723221966996789 388
1740787524155 0.009473899779841304 389
1740787528114 0.010865059671923518 390
1740787531665 0.010317237498238683 391
1740787535231 0.008716621114872395 392
1740787538945 0.011417664205655455 393
1740787542641 0.009711233489215374 394
1740787546474 0.007537306295707822 395
1740787547025 0.0 396
1740787550721 0.010661857333034278 397
1740787554345 0.009856727365404367 398
1740787558323 0.00916910900734365 399
1740787562167 0.010516162551939488 400
1740787565920 0.008105790726840496 401
1740787569421 0.01000933933071792 402
1740787573101 0.008236338943243026 403
1740787576942 0.008866378227248789 404
1740787580480 0.007875379067845642 405
1740787584155 0.008839380955323576 406
1740787587662 0.0074910585395991805 407
1740787591133 0.008897423148155212 408
1740787592223 0.011910474905744196 409
1740787595624 0.008702130923047662 410
1740787599184 0.010837271176278591 411
1740787602815 0.008781604645773768 412
1740787606341 0.009928693529218435 413
1740787613498 0.009880446251481772 414
1740787617345 0.011915058512240648 415
1740787620914 0.010417339000850916 416
1740787626621 0.013025373993441463 417
1740787630246 0.009543140828609466 418
1740787633959 0.011702001998201013 419
1740787637755 0.014200015012174844 420
1740787641415 0.009722310658544302 421
1740787644891 0.010816618613898755 422
1740787648531 0.011223553158342838 423
1740787652228 0.012522699590772391 424
1740787655849 0.012833168590441346 425
1740787659372 0.01412246135994792 426
1740787662971 0.01162860555574298 427
1740787667351 0.011326154880225658 428
1740787671196 0.01226273420266807 429
1740787674993 0.01272046634927392 430
1740787678778 0.014547248035669327 431
1740787682449 0.012455788664519787 432
1740787686127 0.014919650480151177 433
1740787689745 0.011910174163058401 434
1740787693434 0.011897531216964125 435
1740787697081 0.01406425228342414 436
1740787700702 0.012180691389366984 437
1740787704508 0.010240318439900874 438
1740787708047 0.013326254617422819 439
1740787711544 0.011176872989162803 440
1740787715151 0.010477096932008862 441
1740787718910 0.012333961641415954 442
1740787722572 0.012237360766157508 443
1740787726424 0.011673507876694203 444
1740787730237 0.009073317470028996 445
1740787733860 0.010972675373777748 446
1740787737458 0.011571567924693226 447
1740787741060 0.012573715504258872 448
1740787744894 0.012376178987324238 449
1740787748266 0.013040590584278106 450
1740787751963 0.011974363438785076 451
1740787755513 0.013197826184332372 452
1740787759096 0.012728410875424742 453
1740787762734 0.01334872992709279 454
1740787766438 0.012039082925766706 455
1740787769971 0.014731304701417685 456
1740787773593 0.011645037867128848 457
1740787777174 0.012042806390672922 458
1740787780717 0.01668596373870969 459
1740787784410 0.011688588559627533 460
1740787788055 0.013549429811537266 461
1740787791853 0.011970598250627518 462
1740787795643 0.01295663570985198 463
1740787799392 0.014923207340762018 464
1740787802920 0.01248735498636961 465
1740787806601 0.011412536557763815 466
1740787810357 0.012893638629466296 467
1740787814097 0.01172911185771227 468
1740787817823 0.012601776458323001 469
1740787821458 0.01371184978634119 470
1740787825304 0.013852868527173996 471
1740787829077 0.013383180517703295 472
1740787832938 0.0133181875012815 473
1740787836616 0.013606639336794615 474
1740787840194 0.014257861748337746 475
1740787843774 0.013628240609541535 476
1740787847612 0.014271810166537762 477
1740787851185 0.014446471650153399 478
1740787854823 0.014251035787165165 479
1740787858465 0.016505514346063135 480
1740787862061 0.014011795287951828 481
1740787865632 0.013040986498817802 482
1740787869134 0.014762465441599489 483
1740787872589 0.01603292878717184 484
1740787876198 0.0146939857583493 485
1740787876883 0.016535591334104538 486
1740787880549 0.014727612026035786 487
1740787884156 0.015608412716537713 488
1740787887720 0.014671023581176995 489
1740787893492 0.01596169201657176 490
1740787897059 0.015656177923083305 491
1740787900701 0.016510201450437308 492
1740787904329 0.013780135866254569 493
1740787907864 0.014878207519650459 494
1740787911243 0.014155911030247808 495
1740787914651 0.01621360156685114 496
1740787918273 0.016037590876221655 497
1740787921809 0.015683181360363962 498
1740787925518 0.01479568399488926 499
1740787929123 0.016512979473918676 500
1740787932877 0.017672002762556076 501
1740787936610 0.01564591657370329 502
1740787940292 0.017062832452356815 503
1740787943863 0.017031523920595645 504
1740787947503 0.01875018173828721 505
1740787951093 0.018051756117492913 506
1740787954754 0.01844174277037382 507
1740787958439 0.021121678650379182 508
1740787961887 0.01764082282781601 509
1740787965369 0.016451907493174076 510
1740787969021 0.01828642826527357 511
1740787972618 0.018444004859775306 512
1740787976347 0.014695821050554513 513
1740787980014 0.01540435554459691 514
1740787983603 0.016286048367619516 515
1740787987181 0.01649733182042837 516
1740787990852 0.018121270388364794 517
1740787994552 0.018771494291722774 518
1740787998179 0.01832130625844002 519
1740788001709 0.018202255945652723 520
1740788005257 0.019565429389476776 521
1740788009012 0.02002915021032095 522
1740788012580 0.02140991896390915 523
1740788016249 0.01907741652801633 524
1740788019763 0.01859266046434641 525
1740788023343 0.02117656584829092 526
1740788027098 0.020321640223264693 527
1740788031007 0.01823685338720679 528
1740788034491 0.01883041899651289 529
1740788038248 0.020732297524809838 530
1740788041789 0.020348211489617823 531
1740788045193 0.01640351437032223 532
1740788048913 0.021509829685091974 533
1740788052401 0.021153600066900254 534
1740788055987 0.02060058604925871 535
1740788059556 0.021269434317946433 536
1740788063156 0.019185746870934963 537
1740788066482 0.024963665418326855 538
1740788070222 0.0222272789478302 539
1740788074049 0.021390534192323684 540
1740788077991 0.0231736870855093 541
1740788081483 0.025199023187160493 542
1740788085491 0.0242118183337152 543
1740788088951 0.021499599795788527 544
1740788092575 0.02110727958381176 545
1740788096201 0.023098915703594684 546
1740788099842 0.023282045163214207 547
1740788103414 0.02108526390045881 548
1740788107158 0.02233311891555786 549
1740788110831 0.022625321354717016 550
1740788114398 0.023767312243580817 551
1740788118195 0.022885932549834252 552
1740788121776 0.022802796214818954 553
1740788125407 0.02113782398402691 554
1740788129064 0.021472345404326916 555
1740788132514 0.020010379403829576 556
1740788133486 0.017681430792436004 557
1740788137218 0.021703242585062982 558
1740788140992 0.02004514880478382 559
1740788144683 0.020229722633957864 560
1740788148645 0.02359548904001713 561
1740788152355 0.021386174224317073 562
1740788156104 0.021698278337717057 563
1740788159865 0.01926539734005928 564
1740788163361 0.020397160053253174 565
1740788166859 0.020865313727408647 566
1740788170483 0.022159203328192233 567
1740788174378 0.022401455007493496 568
1740788178095 0.02482070926576853 569
1740788181730 0.02116283018141985 570
1740788185310 0.021626679934561254 571
1740788188889 0.020883053094148635 572
1740788192488 0.022274212315678596 573
1740788196130 0.021711283661425114 574
1740788199674 0.018967092484235764 575
1740788203196 0.021407135166227817 576
1740788206799 0.019282512832432985 577
1740788210472 0.021826743446290493 578
1740788214038 0.023844158723950386 579
1740788217676 0.020302509032189844 580
1740788221507 0.020970173962414265 581
1740788225492 0.024407132640480996 582
1740788229321 0.023643447533249855 583
1740788232911 0.025495967864990234 584
1740788236488 0.024434891380369663 585
1740788240587 0.020675159133970736 586
1740788243966 0.022570581063628196 587
1740788247589 0.023444479778409005 588
1740788251000 0.021550678797066212 589
1740788254593 0.021744123809039593 590
1740788258227 0.021865620836615564 591
1740788262003 0.02050001323223114 592
1740788265732 0.021851590387523174 593
1740788269369 0.022914120517671107 594
1740788273080 0.02108906999230385 595
1740788276570 0.02442579172551632 596
1740788280278 0.02472691811621189 597
1740788284111 0.022764637507498263 598
1740788287999 0.024740398004651068 599
1740788291706 0.025887195765972138 600
1740788295211 0.024401253052055837 601
1740788298867 0.022151126302778722 602
1740788302460 0.021254553757607937 603
1740788306144 0.021011337861418723 604
1740788310272 0.02371590558439493 605
1740788314137 0.02295425530523062 606
1740788318047 0.023698912784457207 607
1740788321651 0.026235661804676055 608
1740788325215 0.023757141008973123 609
1740788328819 0.02437977898865938 610
1740788332532 0.02444539498537779 611
1740788335973 0.02424912394955754 612
1740788340053 0.02667608853429556 613
1740788343982 0.024967891983687877 614
1740788347368 0.025455635637044907 615
1740788350945 0.023587170951068402 616
1740788354535 0.024756896272301675 617
1740788358258 0.02019635822623968 618
1740788361719 0.021894023045897482 619
1740788365235 0.02164608709514141 620
1740788368771 0.020488630160689355 621
1740788372386 0.019929673597216604 622
1740788375995 0.02237800296396017 623
1740788379650 0.021810112968087197 624
1740788382987 0.022424061931669712 625
1740788386777 0.018714083582162856 626
1740788390203 0.021662403754889967 627
1740788393941 0.023624851070344448 628
1740788397565 0.0221740809828043 629
1740788401252 0.02057392045855522 630
1740788404934 0.021919611506164074 631
1740788408737 0.022497955411672592 632
1740788412896 0.021001556329429148 633
1740788416931 0.02187032487243414 634
1740788420516 0.01808252599090338 635
1740788424203 0.01881485663354397 636
1740788427680 0.02076811086386442 637
1740788431481 0.01980843339115381 638
1740788435347 0.022883797511458397 639
1740788439261 0.0189644730463624 640
1740788449159 0.02109873980283737 641
1740788452790 0.022836547270417215 642
1740788456336 0.02225329078733921 643
1740788460012 0.023674774952232837 644
1740788463952 0.020954823829233648 645
1740788467752 0.01847241196781397 646
1740788471564 0.01988805215805769 647
1740788475229 0.021036072447896004 648
1740788479017 0.021035402864217758 649
1740788482938 0.02174433197826147 650
1740788486795 0.022043149173259734 651
1740788490259 0.021997517943382262 652
1740788494007 0.02096471544355154 653
1740788497643 0.022345045432448387 654
1740788501663 0.021561778038740157 655
1740788505623 0.02016780983656645 656
1740788509094 0.022880085594952106 657
1740788512613 0.01983984373509884 658
1740788516797 0.023967823274433614 659
1740788520545 0.02396700832992792 660
1740788524660 0.022718043811619282 661
1740788528167 0.022368112429976463 662
1740788532075 0.02177236620336771 663
1740788535978 0.02279009237885475 664
1740788539920 0.02193972550332546 665
1740788544402 0.02313722375780344 666
1740788548067 0.025035241581499577 667
1740788551533 0.02298341743648052 668
1740788555201 0.024201035052537918 669
1740788558892 0.022095381319522857 670
1740788562415 0.021819105893373488 671
1740788566244 0.019852120652794836 672
1740788570110 0.021501231864094736 673
1740788574017 0.02035933405160904 674
1740788577646 0.024795196652412414 675
1740788581224 0.023366974480450154 676
1740788585040 0.02027909193187952 677
1740788589120 0.02336226250976324 678
1740788593044 0.022433516681194306 679
1740788596774 0.024005693420767783 680
1740788600531 0.02152259014546871 681
1740788604210 0.02270117875188589 682
1740788607851 0.022695420309901237 683
1740788611362 0.020425389669835568 684
1740788615119 0.019779870957136153 685
1740788618901 0.02279218453913927 686
1740788622584 0.024707112982869147 687
1740788626222 0.021570428032428025 688
1740788629829 0.021571925207972527 689
1740788633833 0.02391059909015894 690
1740788637472 0.023506196215748787 691
1740788641248 0.023026612512767317 692
1740788644928 0.023845026679337026 693
1740788648536 0.024660857357084752 694
1740788652297 0.024056923650205134 695
1740788655953 0.022420279607176782 696
1740788659721 0.02499659076333046 697
1740788663614 0.02463622611016035 698
1740788670549 0.023188407346606255 699
1740788674365 0.023856359981000424 700
1740788677903 0.02306659333407879 701
1740788681622 0.020803468488156795 702
1740788685178 0.023873567283153534 703
1740788689095 0.022886342480778695 704
1740788693079 0.024733714163303375 705
1740788696628 0.024062265157699585 706
1740788700375 0.021609460040926932 707
1740788703946 0.021796386688947678 708
1740788707574 0.022588790841400624 709
1740788711018 0.022459905222058298 710
1740788714718 0.022179000433534383 711
1740788718221 0.020330458171665667 712
1740788722049 0.022656678073108196 713
1740788725858 0.023491643369197845 714
1740788729603 0.019877699203789234 715
1740788732982 0.020247667394578457 716
1740788736525 0.02041276589035988 717
1740788740259 0.021793315038084984 718
1740788743986 0.02114499991759658 719
1740788747663 0.024000436626374723 720
1740788751348 0.024005987010896207 721
1740788755101 0.022308646477758886 722
1740788758994 0.019033807963132858 723
1740788762708 0.022630046717822552 724
1740788766382 0.02501075394451618 725
1740788770451 0.023683337867259978 726
1740788773958 0.02507744662463665 727
1740788777394 0.02550732247531414 728
1740788780971 0.025763837695121763 729
1740788784785 0.02482159487903118 730
1740788788363 0.025512202866375445 731
1740788792042 0.023116571716964244 732
1740788795703 0.02443476367741823 733
1740788799599 0.02539855670183897 734
1740788803358 0.024969671033322812 735
1740788807074 0.02396761506795883 736
1740788810613 0.021582303494215013 737
1740788814143 0.02084638435393572 738
1740788817779 0.023888579085469246 739
1740788821430 0.022535583563148977 740
1740788825177 0.02294137090444565 741
1740788828825 0.02260790828615427 742
1740788832457 0.021626179218292237 743
1740788836243 0.024250668212771415 744
1740788839929 0.023662839829921723 745
1740788843656 0.02427353836596012 746
1740788847267 0.02241980526596308 747
1740788851349 0.026857061609625817 748
1740788855288 0.026855866760015487 749
1740788858830 0.02206880144774914 750
1740788862449 0.024277512393891813 751
1740788866054 0.02200370606034994 752
1740788870087 0.02645647507160902 753
1740788873699 0.024501733370125293 754
1740788877612 0.023655972741544247 755
1740788881688 0.022420232519507408 756
1740788887443 0.02473328273743391 757
1740788891065 0.026309604793787 758
1740788894756 0.024929497241973877 759
1740788898374 0.027223010994493962 760
1740788901979 0.024683609381318094 761
1740788905552 0.024666758477687834 762
1740788909318 0.025452034920454024 763
1740788913320 0.023368309326469897 764
1740788917102 0.02426047723740339 765
1740788920968 0.023489070124924183 766
1740788924483 0.02149637058377266 767
1740788928396 0.023845644593238832 768
1740788932056 0.02331565298140049 769
1740788935725 0.023288080804049968 770
1740788939310 0.02405500367283821 771
1740788942868 0.022947582975029947 772
1740788946585 0.025252200923860074 773
1740788950165 0.02424385741353035 774
1740788954004 0.02449522778391838 775
1740788957650 0.022492535300552844 776
1740788961281 0.023562818467617035 777
1740788965249 0.02576178587973118 778
1740788968950 0.02420557610690594 779
1740788972834 0.02718561939895153 780
1740788976568 0.024239243045449256 781
1740788980323 0.025176208168268203 782
1740788983870 0.023346801586449147 783
1740788987474 0.022066394165158272 784
1740788991076 0.02398160945624113 785
1740788994686 0.022540378011763097 786
1740788998342 0.021195524334907533 787
1740789002925 0.024128250665962695 788
1740789006418 0.022234630472958088 789
1740789009977 0.023562224246561528 790
1740789013534 0.022508734054863453 791
1740789017266 0.02364933304488659 792
1740789021089 0.022286776788532733 793
1740789025239 0.021174758709967136 794
1740789028976 0.021469353325665 795
1740789032753 0.019265726804733277 796
1740789036302 0.020238453410565852 797
1740789040166 0.019683408662676812 798
1740789043756 0.02032165315002203 799
1740789047330 0.019440100267529486 800
1740789050994 0.01997011076658964 801
1740789054444 0.02107927866280079 802
1740789058065 0.02038072783499956 803
1740789061733 0.02007490262389183 804
1740789065419 0.020544284246861933 805
1740789068960 0.02106100458651781 806
1740789070730 0.022116752807050943 807
1740789074505 0.023092452324926852 808
1740789078079 0.021093400903046133 809
1740789081686 0.023277557864785196 810
1740789085271 0.02210825763642788 811
1740789088862 0.01961484257131815 812
1740789092598 0.020515645779669286 813
1740789096458 0.02101939234882593 814
1740789100009 0.01860725902020931 815
1740789103825 0.019730378203094007 816
1740789107642 0.021220997385680677 817
1740789111307 0.019530205093324184 818
1740789114914 0.018257206492125987 819
1740789116576 0.01851141954668694 820
1740789120096 0.01821749657392502 821
1740789123730 0.018328258711844684 822
1740789127465 0.021384835578501224 823
1740789131123 0.021255552768707275 824
1740789134981 0.020417820699512958 825
1740789138745 0.019296029172837733 826
1740789142134 0.020115628279745577 827
1740789145842 0.01869330946356058 828
1740789149384 0.020881824418902396 829
1740789153313 0.021308738477528094 830
1740789157116 0.018591550439596177 831
1740789160807 0.019253443256020547 832
1740789164808 0.018136706370860338 833
1740789168581 0.019076421540230513 834
1740789172129 0.017514500096440316 835
1740789175718 0.021163314394652844 836
1740789179639 0.01988047789782286 837
1740789183130 0.019724767319858075 838
1740789186795 0.020059136860072612 839
1740789190329 0.019341432470828295 840
1740789193996 0.01759261703118682 841
1740789198018 0.020143449231982233 842
1740789202324 0.01994257178157568 843
1740789206529 0.018095207884907722 844
1740789210069 0.01640266876667738 845
1740789213628 0.01702338136732578 846
1740789217215 0.018111126348376274 847
1740789220953 0.019201935529708863 848
1740789224817 0.014616568498313427 849
1740789228491 0.017109758295118807 850
1740789232164 0.016534178368747234 851
1740789235923 0.016155254635959862 852
1740789239713 0.018570756651461125 853
1740789243645 0.01779514905065298 854
1740789247318 0.0166081865131855 855
1740789251146 0.01628060273826122 856
1740789254723 0.01590524157509208 857
1740789258222 0.016499058324843646 858
1740789262194 0.015734891183674337 859
1740789266185 0.017700685802847147 860
1740789269877 0.016862150952219962 861
1740789273472 0.016086334697902202 862
1740789277133 0.015529153756797314 863
1740789280666 0.014829683229327201 864
1740789284440 0.015180545803159475 865
1740789288101 0.017692574486136436 866
1740789291821 0.018268774151802062 867
1740789299732 0.01958457477390766 868
1740789303379 0.0171109127253294 869
1740789306964 0.01581314403563738 870
1740789310658 0.01906347133219242 871
1740789314608 0.019322721846401693 872
1740789318420 0.0199556490406394 873
1740789322339 0.01894297417253256 874
1740789326155 0.018279183581471445 875
1740789332131 0.0189695131033659 876
1740789335706 0.017406334690749644 877
1740789339459 0.018385686725378037 878
1740789343270 0.017252302318811415 879
1740789346987 0.018193590994924305 880
1740789350794 0.017186928130686282 881
1740789354292 0.018093024343252183 882
1740789357956 0.018272792100906373 883
1740789361538 0.01752934355288744 884
1740789365447 0.016846971493214367 885
1740789368936 0.018558512702584268 886
1740789372378 0.016974662654101847 887
1740789375986 0.017036253325641154 888
1740789376544 0.0 889
1740789380228 0.019465094953775405 890
1740789383763 0.018729221485555173 891
1740789387571 0.018835579380393028 892
1740789391290 0.01812200341373682 893
1740789394912 0.016152380015701056 894
1740789398772 0.019159327261149883 895
1740789402238 0.019508393071591853 896
1740789405815 0.0176599321141839 897
1740789409817 0.017893667295575143 898
1740789413474 0.01697452999651432 899
1740789417065 0.019366060271859168 900
1740789420754 0.017536641303449868 901
1740789424601 0.01725851271301508 902
1740789428181 0.019683002047240734 903
1740789432430 0.01779254522174597 904
1740789435989 0.01886705808341503 905
1740789439548 0.02132260536774993 906
1740789443346 0.018666083551943304 907
1740789447056 0.020055020749568938 908
1740789450862 0.020649941489100456 909
1740789454657 0.020554077103734015 910
1740789458398 0.018905254453420638 911
1740789462150 0.01836678422987461 912
1740789465995 0.017215142138302327 913
1740789469528 0.01972757276147604 914
1740789473233 0.019935238249599932 915
1740789481662 0.01865429453551769 916
1740789485664 0.01671083990484476 917
1740789489342 0.019491095691919327 918
1740789492967 0.018990586511790752 919
1740789496742 0.018379687629640103 920
1740789500554 0.01933521244674921 921
1740789506385 0.019781741201877593 922
1740789510263 0.018120942749083043 923
1740789514108 0.019699371047317983 924
1740789518089 0.017239530049264432 925
1740789521882 0.018318179771304132 926
1740789525711 0.019621781446039675 927
1740789529525 0.01893877126276493 928
1740789533569 0.022467397823929786 929
1740789537533 0.02185153964906931 930
1740789541194 0.021775639429688454 931
1740789544900 0.020874722488224508 932
1740789548614 0.021124281585216523 933
1740789552630 0.022377586737275124 934
1740789556412 0.020410144068300724 935
1740789560160 0.023072178587317468 936
1740789563888 0.02091382697224617 937
1740789567918 0.020733921006321907 938
1740789571878 0.018770664297044277 939
1740789575754 0.021519246846437454 940
1740789579549 0.020608807876706124 941
1740789583087 0.02327378325164318 942
1740789586569 0.021891723014414312 943
1740789590294 0.02072477001696825 944
1740789593974 0.023037244789302348 945
1740789599162 0.022039371132850646 946
1740789602974 0.018278217501938344 947
1740789606870 0.02105464953929186 948
1740789610653 0.02334705926477909 949
1740789614505 0.023576911613345145 950
1740789618256 0.022160904221236705 951
1740789621900 0.023856645934283733 952
1740789625823 0.02366489764302969 953
1740789629603 0.022521490156650545 954
1740789633586 0.022739728800952434 955
1740789637603 0.019857303984463216 956
1740789641257 0.022382698394358157 957
1740789645242 0.023032710030674933 958
1740789649153 0.022072470597922802 959
1740789652933 0.020500272661447525 960
1740789656522 0.02102075707167387 961
1740789660295 0.021954851634800435 962
1740789664038 0.022115714736282824 963
1740789667762 0.020588112249970435 964
1740789671570 0.02143045246601105 965
1740789675433 0.022502394169569017 966
1740789679348 0.02258098840713501 967
1740789683036 0.02251242645084858 968
1740789686981 0.024005772657692433 969
1740789690736 0.022260191589593886 970
1740789694616 0.02360149197280407 971
1740789698502 0.022508887685835362 972
1740789702779 0.024481827951967718 973
1740789706455 0.023188747018575668 974
1740789710546 0.02155803207308054 975
1740789714457 0.02297874730080366 976
1740789718119 0.022474274151027204 977
1740789721806 0.02158302169293165 978
1740789725558 0.021248084232211112 979
1740789729047 0.022950951270759107 980
1740789732505 0.022347679436206816 981
1740789736019 0.022630672827363016 982
1740789739678 0.022036809585988523 983
1740789743131 0.021884363852441312 984
1740789747097 0.02233023203909397 985
1740789750737 0.023871407136321066 986
1740789754422 0.021920179203152656 987
1740789758147 0.024145645797252657 988
1740789758789 0.02333800494670868 989
1740789762262 0.025307163298130035 990
1740789765926 0.023619016520678996 991
1740789769884 0.02286467880010605 992
1740789773408 0.023825584165751933 993
1740789777011 0.021926613487303258 994
1740789780691 0.022990631461143492 995
1740789784533 0.022821561507880686 996
1740789788017 0.02425306860357523 997
1740789791692 0.02078463550657034 998
1740789795258 0.021781294345855712 999
1740789799051 0.026086865440011025 1000
1740789803133 0.02544567480683327 1001
1740789806966 0.02450960472226143 1002
1740789810799 0.021620381362736224 1003
1740789814757 0.02337028969079256 1004
1740789818739 0.02276426590979099 1005
1740789822447 0.023491628132760525 1006
1740789826090 0.021328527443110944 1007
1740789829984 0.0208255472779274 1008
1740789833454 0.022040342316031455 1009
1740789837225 0.023134478107094764 1010
1740789840746 0.020879914872348308 1011
1740789844370 0.021990973353385925 1012
1740789848149 0.022072509750723838 1013
1740789850055 0.024764584749937056 1014
1740789853786 0.02086837574839592 1015
1740789857606 0.022682753913104533 1016
1740789861507 0.02281109806150198 1017
1740789865316 0.02386406421661377 1018
1740789869236 0.022783593684434892 1019
1740789872960 0.02309586148709059 1020
1740789876991 0.02185792937874794 1021
1740789880773 0.022608000598847867 1022
1740789884574 0.022487010098993777 1023
1740789889242 0.022678853683173655 1024
1740789893089 0.024124292470514775 1025
1740789897562 0.021059884428977965 1026
1740789901244 0.023123803660273553 1027
1740789905157 0.024396038576960564 1028
1740789908910 0.024334942847490312 1029
1740789912594 0.023235786594450473 1030
1740789916335 0.02242210805416107 1031
1740789920467 0.022534542866051197 1032
1740789924189 0.02217987284064293 1033
1740789927677 0.022636321261525153 1034
1740789931419 0.023151848204433917 1035
1740789935100 0.02058986097574234 1036
1740789938694 0.0232091061770916 1037
1740789940460 0.01981452200561762 1038
1740789944320 0.02375922791659832 1039
1740789947948 0.02179630484431982 1040
1740789951619 0.024114240631461142 1041
1740789955667 0.024629803001880647 1042
1740789959492 0.023815781623125077 1043
1740789963166 0.0237696885317564 1044
1740789966773 0.024956819862127305 1045
1740789970336 0.026876390166580676 1046
1740789974208 0.02429834246635437 1047
1740789978145 0.025381112173199653 1048
1740789981889 0.026493905186653136 1049
1740789985505 0.023393089659512045 1050
1740789989339 0.024457576125860213 1051
1740789992821 0.02319233074784279 1052
1740789996835 0.023282916769385337 1053
1740790000635 0.021602502539753914 1054
1740790004269 0.02097400516271591 1055
1740790007762 0.021984673179686068 1056
1740790012017 0.02212534934282303 1057
1740790015490 0.02116603869944811 1058
1740790018944 0.022508343532681465 1059
1740790022437 0.02074322123080492 1060
1740790026364 0.020430271364748478 1061
1740790030123 0.021522625461220742 1062
1740790033789 0.02217222761362791 1063
1740790037221 0.019942496344447135 1064
1740790040929 0.0209240048751235 1065
1740790044461 0.02106000930070877 1066
1740790048173 0.020550664365291595 1067
1740790051822 0.020849379040300847 1068
1740790055590 0.02209782477468252 1069
1740790059253 0.021428373008966446 1070
1740790062818 0.020437428578734398 1071
1740790066370 0.019970393255352974 1072
1740790070246 0.020754274278879166 1073
1740790074138 0.01819558344781399 1074
1740790077926 0.019651581607758997 1075
1740790081526 0.019954496510326863 1076
1740790085208 0.02008044421672821 1077
1740790089108 0.02030827146023512 1078
1740790093128 0.018020418360829352 1079
1740790096980 0.018134005665779114 1080
1740790100869 0.017425234094262124 1081
1740790104703 0.01850858997553587 1082
1740790108836 0.01844264451414347 1083
1740790112684 0.01840730007737875 1084
1740790116916 0.018942973762750625 1085
1740790120691 0.021458162255585195 1086
1740790124306 0.017911549657583237 1087
1740790127904 0.019384363293647768 1088
1740790131659 0.021777356415987013 1089
1740790135341 0.01738254614174366 1090
1740790139101 0.018519309610128404 1091
1740790143026 0.018900709748268126 1092
1740790146936 0.017345760725438596 1093
1740790150463 0.02088227115571499 1094
1740790154082 0.018540232963860034 1095
1740790157751 0.020212938822805882 1096
1740790161714 0.01820336014032364 1097
1740790165478 0.019378044232726096 1098
1740790169496 0.01967925388365984 1099
1740790173522 0.018054203260689974 1100
1740790177195 0.018032936155796053 1101
1740790180768 0.016718236617743968 1102
1740790184372 0.018039947338402272 1103
1740790188270 0.016722324043512343 1104
1740790192442 0.020535882972180845 1105
1740790196382 0.0177877801284194 1106
1740790200321 0.01684551641345024 1107
1740790204320 0.017752588763833045 1108
1740790207989 0.020432647690176962 1109
1740790211608 0.02017446894198656 1110
1740790215640 0.02050028368830681 1111
1740790219278 0.017865074444562198 1112
1740790222806 0.017919850572943687 1113
1740790226353 0.019350739046931267 1114
1740790229857 0.019172313921153546 1115
1740790233341 0.019357108660042286 1116
1740790234897 0.01841965429484844 1117
1740790238988 0.02071548454463482 1118
1740790242712 0.01833029393106699 1119
1740790246606 0.019514050856232642 1120
1740790250223 0.0193947771564126 1121
1740790253922 0.018695511259138584 1122
1740790257537 0.01807893957942724 1123
1740790261063 0.017440965101122856 1124
1740790264719 0.020286839343607425 1125
1740790268532 0.017866378389298915 1126
1740790272134 0.017474050112068654 1127
1740790275667 0.01959193728864193 1128
1740790279602 0.01828627422451973 1129
1740790283700 0.01820194400846958 1130
1740790287304 0.018890652917325498 1131
1740790291099 0.018743713162839414 1132
1740790294757 0.017269475907087325 1133
1740790298706 0.02179832838475704 1134
1740790302521 0.019682880491018295 1135
1740790306453 0.020396253429353237 1136
1740790310152 0.018935116678476333 1137
1740790313960 0.017317933440208436 1138
1740790318375 0.015070718713104725 1139
1740790322174 0.01578108621761203 1140
1740790326899 0.018397591523826123 1141
1740790330879 0.017802501879632473 1142
1740790334678 0.01840643670409918 1143
1740790338319 0.01792361345142126 1144
1740790342542 0.017422273717820645 1145
1740790346173 0.019152545519173145 1146
1740790349770 0.020342538580298424 1147
1740790354067 0.019509398937225343 1148
1740790358109 0.01735030334442854 1149
1740790362190 0.01875494334846735 1150
1740790365982 0.017193205431103708 1151
1740790369705 0.018099800646305085 1152
1740790373236 0.017611015550792218 1153
1740790377123 0.019294939301908016 1154
1740790381030 0.018632827401161192 1155
1740790384989 0.018505792170763015 1156
1740790388482 0.02062890525907278 1157
1740790391865 0.019626894779503346 1158
1740790395320 0.018267884850502014 1159
1740790399026 0.02071353603154421 1160
1740790402934 0.020517198219895363 1161
1740790406716 0.016544499322772025 1162
1740790410550 0.01883404143154621 1163
1740790414177 0.019238926991820334 1164
1740790417902 0.018554692827165126 1165
1740790421326 0.019405962824821474 1166
1740790425106 0.01874798450618982 1167
1740790429268 0.021784920878708362 1168
1740790432911 0.018332638517022132 1169
1740790436606 0.019239341467618944 1170
1740790440196 0.017683965116739274 1171
1740790444103 0.01892002100124955 1172
1740790447928 0.019989166371524335 1173
1740790451486 0.019227378256618976 1174
1740790455405 0.017903449982404708 1175
1740790459459 0.018604690320789815 1176
1740790463116 0.01914761945605278 1177
1740790466788 0.018501211404800415 1178
1740790470366 0.020919088423252106 1179
1740790474184 0.019150091614574195 1180
1740790477948 0.019409771412611007 1181
1740790481561 0.020905360206961633 1182
1740790485070 0.01979223273694515 1183
1740790488789 0.018686799071729182 1184
1740790492704 0.01908951498568058 1185
1740790496578 0.01844580441713333 1186
1740790500206 0.019555212259292604 1187
1740790503841 0.019245384372770787 1188
1740790507386 0.019459138624370098 1189
1740790511054 0.01916017945855856 1190
1740790515257 0.02033655736595392 1191
1740790518911 0.018515643924474717 1192
1740790522543 0.021893784366548062 1193
1740790526158 0.019517819061875344 1194
1740790529756 0.02051366277039051 1195
1740790533623 0.01897990606725216 1196
1740790537252 0.019933050088584422 1197
1740790541165 0.019034509472548963 1198
1740790544940 0.019767153784632684 1199
1740790548648 0.020817094668745994 1200
1740790552393 0.01968062460422516 1201
1740790556224 0.01999234676361084 1202
1740790559872 0.01980096358805895 1203
1740790563866 0.018617220148444177 1204
1740790567707 0.019162125885486603 1205
1740790571363 0.018772012181580068 1206
1740790575152 0.01939958579838276 1207
1740790578873 0.02037902519106865 1208
1740790582613 0.017506873533129692 1209
1740790586093 0.01832761347293854 1210
1740790589935 0.017913325615227224 1211
1740790593840 0.01924745049327612 1212
1740790598687 0.016979857720434664 1213
1740790602531 0.020123537704348562 1214
1740790606538 0.02067854467779398 1215
1740790610277 0.021516489014029503 1216
1740790614038 0.018362692091614008 1217
1740790617656 0.0212337589263916 1218
1740790621232 0.021522421613335608 1219
1740790624758 0.01991388015449047 1220
1740790628407 0.02122404836118221 1221
1740790632033 0.019397029243409632 1222
1740790636021 0.01943827349692583 1223
1740790639734 0.019194328114390372 1224
1740790643473 0.019286465384066104 1225
1740790647481 0.019671966321766376 1226
1740790651291 0.020217181742191316 1227
1740790654709 0.020233250893652438 1228
1740790658271 0.021629486046731473 1229
1740790661922 0.02044359892606735 1230
1740790665957 0.020812806002795697 1231
1740790669460 0.019307909794151784 1232
1740790672914 0.021490831077098847 1233
1740790676404 0.020465066991746425 1234
1740790679915 0.022367738410830496 1235
1740790683654 0.02050532780587673 1236
1740790687684 0.02034087833017111 1237
1740790691234 0.020571774281561376 1238
1740790694773 0.020810451880097388 1239
1740790698212 0.020434625409543515 1240
1740790701790 0.021538903191685676 1241
1740790705306 0.01893103025853634 1242
1740790708974 0.01893489819020033 1243
1740790712605 0.020551821812987328 1244
1740790716347 0.01985780056566 1245
1740790720000 0.01961253270506859 1246
1740790723746 0.01978070043027401 1247
1740790727519 0.019066588282585145 1248
1740790731083 0.017892808355391025 1249
1740790734549 0.018907969035208225 1250
1740790738003 0.018747027143836022 1251
1740790741593 0.018840855285525322 1252
1740790745423 0.018661068603396416 1253
1740790749306 0.0191748870909214 1254
1740790752910 0.01776654951274395 1255
1740790756469 0.019233947470784187 1256
1740790760081 0.020954571701586246 1257
1740790763835 0.019858553744852542 1258
1740790768266 0.01998990636318922 1259
1740790769056 0.01656450144946575 1260
1740790772821 0.021491363756358624 1261
1740790776603 0.02020390760153532 1262
1740790780307 0.020095776803791522 1263
1740790784048 0.01844774194061756 1264
1740790787863 0.01964661553502083 1265
1740790791643 0.020793861337006093 1266
1740790795471 0.020214943177998067 1267
1740790799293 0.017642436511814595 1268
1740790803109 0.01960092280060053 1269
1740790806889 0.019628595001995562 1270
1740790810534 0.019508583918213845 1271
1740790814476 0.018766984157264233 1272
1740790818245 0.017904541343450545 1273
1740790821861 0.018040266782045365 1274
1740790825358 0.019810856953263282 1275
1740790828973 0.021540376879274844 1276
1740790832643 0.017738530524075032 1277
1740790836260 0.017785445675253867 1278
1740790840097 0.019975567571818828 1279
1740790843823 0.016794040203094482 1280
1740790847473 0.016875732466578485 1281
1740790851289 0.018515242021530865 1282
1740790855030 0.018493770249187948 1283
1740790858579 0.018185454569756985 1284
1740790862305 0.019238107316195966 1285
1740790866158 0.017831591106951237 1286
1740790869665 0.017959597595036028 1287
1740790873426 0.01773125272244215 1288
1740790877193 0.018414227701723577 1289
1740790881065 0.01909789353609085 1290
1740790884599 0.018546278178691863 1291
1740790888400 0.019076465368270873 1292
1740790892197 0.015854990370571614 1293
1740790895780 0.01895725153386593 1294
1740790899488 0.017675440832972525 1295
1740790903398 0.01728160873055458 1296
1740790908157 0.01816214919090271 1297
1740790912236 0.01770595645532012 1298
1740790915982 0.01685495100915432 1299
1740790919642 0.017750450409948826 1300
1740790923425 0.017111042737960814 1301
1740790927587 0.016654841676354407 1302
1740790931365 0.01704860560595989 1303
1740790935309 0.016832971293479205 1304
1740790939159 0.01757625538855791 1305
1740790943163 0.019056895487010478 1306
1740790946849 0.017590682432055475 1307
1740790950339 0.01844078056514263 1308
1740790954113 0.017903127148747443 1309
1740790958016 0.01697934065014124 1310
1740790961853 0.015485675763338804 1311
1740790965501 0.017641320042312145 1312
1740790969274 0.018227202966809273 1313
1740790973079 0.017024329826235772 1314
1740790977008 0.015081410445272923 1315
1740790980560 0.01698475532233715 1316
1740790984247 0.017758380006998777 1317
1740790987961 0.017385353334248066 1318
1740790991554 0.017190040089190006 1319
1740790995509 0.01713820144534111 1320
1740790999177 0.01576218768954277 1321
1740791002833 0.016611493974924087 1322
1740791006960 0.017071919143199922 1323
1740791010814 0.016634628102183344 1324
1740791014592 0.016594240516424177 1325
1740791018719 0.014820478763431311 1326
1740791022378 0.015150955840945245 1327
1740791025789 0.015043094754219055 1328
1740791029677 0.01397345108911395 1329
1740791033669 0.01481564151123166 1330
1740791037338 0.01581423219293356 1331
1740791041045 0.01376745518296957 1332
1740791044612 0.01443880084902048 1333
1740791048346 0.013753378987312317 1334
1740791051907 0.014130456708371639 1335
1740791055368 0.01283053582534194 1336
1740791059110 0.016954979971051217 1337
1740791062836 0.014397497698664665 1338
1740791066484 0.016677428595721723 1339
1740791070212 0.015461213421076536 1340
1740791073746 0.015293642394244671 1341
1740791077392 0.01536063665524125 1342
1740791081033 0.017938365153968336 1343
1740791084444 0.014388677887618542 1344
1740791088885 0.017608357593417168 1345
1740791092689 0.017456228733062743 1346
1740791096498 0.015549379549920559 1347
1740791100215 0.01650546886026859 1348
1740791103692 0.01743133518844843 1349
1740791107172 0.013951690718531608 1350
1740791110999 0.013808220643550157 1351
1740791114537 0.016944273188710213 1352
1740791118022 0.015075721032917499 1353
1740791123547 0.014373488128185272 1354
1740791127153 0.015990712903439997 1355
1740791130600 0.015602147653698922 1356
1740791134203 0.015091420970857144 1357
1740791137948 0.01580217611044645 1358
1740791141703 0.017046357877552508 1359
1740791145855 0.015719278529286385 1360
1740791149412 0.014651310462504626 1361
1740791151844 0.0136432014987804 1362
1740791155420 0.014975121282041072 1363
1740791158922 0.015369971003383397 1364
1740791162510 0.015103897526860238 1365
1740791166419 0.015688883103430272 1366
1740791169931 0.016116080097854136 1367
1740791173476 0.01579080682247877 1368
1740791177100 0.017088871486485004 1369
1740791180726 0.015438832566142082 1370
1740791184234 0.016006338112056255 1371
1740791187823 0.015013778880238533 1372
1740791191550 0.016155662313103676 1373
1740791195045 0.01575030405074358 1374
1740791198548 0.015083721689879894 1375
1740791202240 0.014310943502932787 1376
1740791206061 0.016407652758061886 1377
1740791209751 0.016095809042453765 1378
1740791213578 0.01671725317835808 1379
1740791217268 0.015432810243219137 1380
1740791220812 0.0150229237601161 1381
1740791224231 0.01438484126701951 1382
1740791227810 0.018038024194538593 1383
1740791231504 0.01757878080010414 1384
1740791236409 0.015997169278562068 1385
1740791240485 0.01703710399568081 1386
1740791243992 0.018676623553037643 1387
1740791247601 0.01704792235046625 1388
1740791251384 0.015399495922029018 1389
1740791255333 0.016821232959628105 1390
1740791259459 0.016367486752569674 1391
1740791263282 0.01607847645878792 1392
1740791266877 0.015293180700391531 1393
1740791270409 0.017923322729766367 1394
1740791274134 0.016583704501390458 1395
1740791278051 0.01479649992659688 1396
1740791281530 0.01789212452247739 1397
1740791285416 0.01727109756320715 1398
1740791289191 0.017737718001008033 1399
1740791292743 0.01735701359808445 1400
1740791298128 0.014953610301017762 1401
1740791302075 0.01587355777621269 1402
1740791305857 0.01543349251151085 1403
1740791309689 0.016689378805458545 1404
1740791313226 0.01707536831498146 1405
1740791317256 0.014730543978512287 1406
1740791321480 0.01668840941041708 1407
1740791325020 0.016134773511439562 1408
1740791328722 0.014779871106147766 1409
1740791332542 0.015971162877976893 1410
1740791336430 0.01685961229726672 1411
1740791340188 0.014243834726512432 1412
1740791343679 0.014746096767485142 1413
1740791347457 0.016510928273200987 1414
1740791350967 0.017904939465224742 1415
1740791354914 0.015001207496970892 1416
1740791358557 0.016171093434095382 1417
1740791362037 0.013997027371078729 1418
1740791365788 0.014369015842676162 1419
1740791369498 0.015704555474221706 1420
1740791373381 0.016102548986673355 1421
1740791377216 0.016209388971328734 1422
1740791380830 0.01605221077799797 1423
1740791384386 0.015347394589334727 1424
1740791388079 0.015919723063707352 1425
1740791391907 0.014961823336780072 1426
1740791395565 0.01602842677384615 1427
1740791399116 0.01536224976181984 1428
1740791402763 0.014579684212803841 1429
1740791406541 0.014256106354296208 1430
1740791410433 0.014757032990455627 1431
1740791413970 0.015102768987417222 1432
1740791417406 0.015670422576367856 1433
1740791421016 0.016577807664871217 1434
1740791424743 0.017431905269622804 1435
1740791428319 0.015865451619029046 1436
1740791431872 0.016848685275763272 1437
1740791435462 0.01696954596787691 1438
1740791439140 0.018308373019099235 1439
1740791442700 0.016844795905053615 1440
1740791446233 0.018396975509822368 1441
1740791449731 0.017339894101023674 1442
1740791453585 0.016257874686270952 1443
1740791457256 0.016705212853848933 1444
1740791460823 0.01654103212058544 1445
1740791464547 0.015065683238208293 1446
1740791465656 0.018882960081100464 1447
1740791469457 0.016657944172620773 1448
1740791473034 0.016315645650029183 1449
1740791476651 0.01657955177128315 1450
1740791480284 0.01661478668451309 1451
1740791484649 0.01673603618517518 1452
1740791488179 0.01747915294021368 1453
1740791492043 0.016689150370657446 1454
1740791500664 0.016766265593469144 1455
1740791504367 0.017723374627530576 1456
1740791508159 0.01762209292501211 1457
1740791512149 0.017495763935148716 1458
1740791515833 0.016844109818339347 1459
1740791519548 0.018581344522535802 1460
1740791523244 0.017401290498673914 1461
1740791526974 0.01798584304749966 1462
1740791530844 0.01706743471324444 1463
1740791534441 0.017350745499134065 1464
1740791537921 0.017578228004276754 1465
1740791541871 0.0176617331802845 1466
1740791545439 0.017604323774576186 1467
1740791548964 0.01608423100784421 1468
1740791553248 0.017239672504365443 1469
1740791556854 0.01673128578811884 1470
1740791560348 0.017880662512034178 1471
1740791564024 0.019313842989504337 1472
1740791567606 0.01984180122613907 1473
1740791571349 0.01898996789008379 1474
1740791575167 0.018527429811656476 1475
1740791577363 0.0192573145031929 1476
1740791581157 0.017455794401466846 1477
1740791584697 0.019585561007261276 1478
1740791588530 0.019758804142475127 1479
1740791592345 0.018085049763321877 1480
1740791596063 0.017162461839616297 1481
1740791599749 0.018669339045882225 1482
1740791603273 0.017732949443161488 1483
1740791607037 0.018226138912141324 1484
1740791610800 0.01792811818420887 1485
1740791614477 0.017964189350605012 1486
1740791618366 0.018902803920209408 1487
1740791621819 0.018448301926255226 1488
1740791625336 0.017656248845160007 1489
1740791628780 0.018590155243873595 1490
1740791632660 0.020809738412499428 1491
1740791636309 0.01838522095233202 1492
1740791639742 0.019591162130236626 1493
1740791644492 0.018848329931497574 1494
1740791648885 0.01959012050181627 1495
1740791652405 0.018123629577457903 1496
1740791656054 0.01838644590228796 1497
1740791659626 0.02016872975975275 1498
1740791663377 0.016873361095786094 1499
1740791666897 0.018731881901621818 1500
1740791670870 0.019188643619418144 1501
1740791674468 0.01791421666741371 1502
1740791678022 0.019997229911386968 1503
1740791681761 0.020792630165815354 1504
1740791685430 0.020700201131403445 1505
1740791689095 0.019730519242584704 1506
1740791692877 0.021840959526598452 1507
1740791696654 0.022338543348014356 1508
1740791700241 0.02074014414101839 1509
1740791703972 0.021381739899516104 1510
1740791707748 0.02141256835311651 1511
1740791711321 0.02102472685277462 1512
1740791714892 0.021954884864389897 1513
1740791718690 0.01975866165012121 1514
1740791722346 0.020201437808573246 1515
1740791726653 0.022396278381347657 1516
1740791730274 0.020314097665250302 1517
1740791733982 0.02269949600100517 1518
1740791737691 0.019508937634527684 1519
1740791741261 0.021128248758614063 1520
1740791744947 0.02318616084754467 1521
1740791748798 0.022598264515399934 1522
1740791752560 0.02271534435451031 1523
1740791756430 0.020738561414182188 1524
1740791760356 0.020305839888751506 1525
1740791764080 0.019000695310533045 1526
1740791767654 0.02027232591062784 1527
1740791771345 0.022070491798222066 1528
1740791774882 0.019722937382757665 1529
1740791778677 0.022288434393703937 1530
1740791782570 0.02133941128849983 1531
1740791786474 0.020885298997163772 1532
1740791790311 0.019772135429084303 1533
1740791794010 0.021522977836430073 1534
1740791797991 0.02088492311537266 1535
1740791801556 0.021148880869150163 1536
1740791805043 0.020966186225414275 1537
1740791808667 0.0202981785684824 1538
1740791812455 0.02179371062666178 1539
1740791816138 0.02339485239237547 1540
1740791819755 0.021786891520023347 1541
1740791823460 0.021127457097172737 1542
1740791827006 0.02030283834785223 1543
1740791830483 0.020812250934541227 1544
1740791833961 0.020338983312249183 1545
1740791837484 0.02104025948792696 1546
1740791841507 0.019960100688040258 1547
1740791845168 0.019786353632807733 1548
1740791850713 0.02049388151615858 1549
1740791854614 0.021348423920571805 1550
1740791858512 0.020698967054486275 1551
1740791862372 0.022476622834801674 1552
1740791866094 0.02171277616173029 1553
1740791869938 0.019501025229692458 1554
1740791873729 0.019401205740869044 1555
1740791877581 0.020574159063398836 1556
1740791881160 0.02157176848500967 1557
1740791884703 0.017670516110956668 1558
1740791888380 0.019393935911357404 1559
1740791889655 0.021740366704761982 1560
1740791893580 0.019030679278075696 1561
1740791897181 0.022015904448926447 1562
1740791900946 0.019692529141902924 1563
1740791904827 0.020168052427470683 1564
1740791908941 0.0211975159868598 1565
1740791912895 0.01957849510014057 1566
1740791916748 0.01925009287893772 1567
1740791920258 0.018592108003795148 1568
1740791923813 0.01941887091845274 1569
1740791927311 0.018911412730813027 1570
1740791930898 0.020169484540820123 1571
1740791931659 0.0 1572
1740791935196 0.01887830179184675 1573
1740791938637 0.0183963555842638 1574
1740791942612 0.01871927045285702 1575
1740791946083 0.02045150622725487 1576
1740791949596 0.019679402709007265 1577
1740791953497 0.018820271864533424 1578
1740791957078 0.019138653986155985 1579
1740791960586 0.01891631495207548 1580
1740791964398 0.019758701138198376 1581
1740791968555 0.019735165275633335 1582
1740791972037 0.018730684630572796 1583
1740791975596 0.02023137725889683 1584
1740791979405 0.019300851263105868 1585
1740791983037 0.01958419006317854 1586
1740791986707 0.019852355532348157 1587
1740791990548 0.02193064574152231 1588
1740791994577 0.01924358554184437 1589
1740791995381 0.017719075704614323 1590
1740791999215 0.01979690134525299 1591
1740792003127 0.021417682729661464 1592
1740792007261 0.02058791007846594 1593
1740792011230 0.019678995944559574 1594
1740792015027 0.019561772532761097 1595
1740792018489 0.019027137830853462 1596
1740792022179 0.02069426082074642 1597
1740792026011 0.018982546962797643 1598
1740792029907 0.02001859538257122 1599
1740792033550 0.01952932372689247 1600
1740792037106 0.018621765598654746 1601
1740792040781 0.018988459147512914 1602
1740792044292 0.017388824373483658 1603
1740792048204 0.019915162101387978 1604
1740792051707 0.01830554027110338 1605
1740792055487 0.019455401226878166 1606
1740792058945 0.018052593991160392 1607
1740792062578 0.018709177933633327 1608
1740792066316 0.018177012130618096 1609
1740792070084 0.01785568382591009 1610
1740792073495 0.01682534083724022 1611
1740792077011 0.01778160311281681 1612
1740792080518 0.015301158688962459 1613
1740792084315 0.01999831072986126 1614
1740792087940 0.019153920710086824 1615
1740792091986 0.017643538154661655 1616
1740792095776 0.017747379429638385 1617
1740792099714 0.01917388930916786 1618
1740792103523 0.018770808838307857 1619
1740792107489 0.016820546127855777 1620
1740792111465 0.019172687493264676 1621
1740792115583 0.01937200851738453 1622
1740792119077 0.018158776871860027 1623
1740792122792 0.016721638049930335 1624
1740792126399 0.01581031460314989 1625
1740792130279 0.015169232152402401 1626
1740792133902 0.014508743174374103 1627
1740792137546 0.017364135533571242 1628
1740792141191 0.01627109870314598 1629
1740792144750 0.017170493006706238 1630
1740792148289 0.0174252263084054 1631
1740792152068 0.01569114185869694 1632
1740792155695 0.016039062552154065 1633
1740792159525 0.01576845835894346 1634
1740792163122 0.016810819022357464 1635
1740792166633 0.015767113603651524 1636
1740792170158 0.015506676062941552 1637
1740792176212 0.014995548129081725 1638
1740792179847 0.016958920396864415 1639
1740792183768 0.015368414707481862 1640
1740792187418 0.017082168981432916 1641
1740792190963 0.015488490872085094 1642
1740792194493 0.015533326510339975 1643
1740792198783 0.016283464804291724 1644
1740792202708 0.016518566217273475 1645
1740792203948 0.018934687599539757 1646
1740792207546 0.016501153949648142 1647
1740792211176 0.018167396299540995 1648
1740792214844 0.01581335671246052 1649
1740792218707 0.015644486285746096 1650
1740792222635 0.015220685973763465 1651
1740792226296 0.015713349804282187 1652
1740792229841 0.016296177394688128 1653
1740792233879 0.015205292627215386 1654
1740792237797 0.014928122982382774 1655
1740792241730 0.016522902883589267 1656
1740792245380 0.015086595378816127 1657
1740792249161 0.017446713224053383 1658
1740792252730 0.01659146126359701 1659
1740792256765 0.015591622050851583 1660
1740792260361 0.015019354857504368 1661
1740792264141 0.014573219977319241 1662
1740792267770 0.01452151382341981 1663
1740792271762 0.01406888272613287 1664
1740792275378 0.012220037672668695 1665
1740792279212 0.014323769677430391 1666
1740792282673 0.015767010487616064 1667
1740792286704 0.015427018366754055 1668
1740792290436 0.015821371227502823 1669
1740792294013 0.01563220925629139 1670
1740792297637 0.014275215771049262 1671
1740792301170 0.01583683170378208 1672
1740792304959 0.014454907309263944 1673
1740792308546 0.01315012102946639 1674
1740792312186 0.013568166978657245 1675
1740792315793 0.014501780346035957 1676
1740792319306 0.016338416635990144 1677
1740792322906 0.014507805705070495 1678
1740792326600 0.017124026603996752 1679
1740792330246 0.015741860680282115 1680
1740792334267 0.014515121839940548 1681
1740792338104 0.01410350739955902 1682
1740792341710 0.0156647315248847 1683
1740792345259 0.015663099251687528 1684
1740792349230 0.015312006957828998 1685
1740792352919 0.01595838390290737 1686
1740792356691 0.015375271458178758 1687
1740792360282 0.015203265585005283 1688
1740792364449 0.01485618818551302 1689
1740792368304 0.014816964138299226 1690
1740792371974 0.014729794058948755 1691
1740792375467 0.015482754968106747 1692
1740792379285 0.01426094675436616 1693
1740792383280 0.015934742130339144 1694
1740792387032 0.016161219608038666 1695
1740792390821 0.016689945571124555 1696
1740792394652 0.018789540380239486 1697
1740792398488 0.015722388736903667 1698
1740792402348 0.016482052952051164 1699
1740792405880 0.016069442182779312 1700
1740792409349 0.01661885414272547 1701
1740792413021 0.0168419086933136 1702
1740792416893 0.014377853386104106 1703
1740792420760 0.015317151211202145 1704
1740792424463 0.014772881828248501 1705
1740792428115 0.01556652620434761 1706
1740792431744 0.01560295384377241 1707
1740792435769 0.01740982823073864 1708
1740792439265 0.015290800034999847 1709
1740792443179 0.016953105069696904 1710
1740792446818 0.018691908456385135 1711
1740792450417 0.01650860011577606 1712
1740792454171 0.016116688437759878 1713
1740792457964 0.016681784987449644 1714
1740792461652 0.01579621756449342 1715
1740792465234 0.014182328581809997 1716
1740792468826 0.014599937088787556 1717
1740792472442 0.015506299249827861 1718
1740792475965 0.01660005709156394 1719
1740792479595 0.015113523565232753 1720
1740792483284 0.014223421439528466 1721
1740792486907 0.014755465611815453 1722
1740792490498 0.015556402578949928 1723
1740792494266 0.015361165218055249 1724
1740792497909 0.016323691550642252 1725
1740792501336 0.013405375517904758 1726
1740792504872 0.014324376042932272 1727
1740792508356 0.01610916409641504 1728
1740792512433 0.016459841579198838 1729
1740792516228 0.016728386916220188 1730
1740792519734 0.016200146954506636 1731
1740792523365 0.017103709131479263 1732
1740792527145 0.01652424892410636 1733
1740792531239 0.01664706526324153 1734
1740792534838 0.015187440514564514 1735
1740792538386 0.016033526249229907 1736
1740792542125 0.017579483240842818 1737
1740792545709 0.016785915940999985 1738
1740792549892 0.015522502474486827 1739
1740792553395 0.015801966190338135 1740
1740792556933 0.016242385506629944 1741
1740792560579 0.01468894213438034 1742
1740792564291 0.01595885820686817 1743
1740792568022 0.017154490798711775 1744
1740792571506 0.014519772231578828 1745
1740792575092 0.015477656982839108 1746
1740792578789 0.016878983788192272 1747
1740792582647 0.01546627216041088 1748
1740792586414 0.017193465735763313 1749
1740792589989 0.0162122842669487 1750
1740792593617 0.016899869069457053 1751
1740792597497 0.01806698478758335 1752
1740792601424 0.01766033411026001 1753
1740792605258 0.017331304624676705 1754
1740792609294 0.0164453187584877 1755
1740792613083 0.01705552566796541 1756
1740792616782 0.01700718805193901 1757
1740792620474 0.017065357007086276 1758
1740792624043 0.016464512534439563 1759
1740792627878 0.01737868081778288 1760
1740792631355 0.019581485949456693 1761
1740792634955 0.016710067503154277 1762
1740792638601 0.019778151214122772 1763
1740792642322 0.017116147130727767 1764
1740792646032 0.016701948195695877 1765
1740792649670 0.017024364359676837 1766
1740792653331 0.015009533055126667 1767
1740792656867 0.016172621827572585 1768
1740792660536 0.01636799518018961 1769
1740792664044 0.01642976399511099 1770
1740792667624 0.017363529875874518 1771
1740792671338 0.017152382470667363 1772
1740792675056 0.01499285914003849 1773
1740792678641 0.017194396276026966 1774
1740792679243 0.01566294953227043 1775
1740792683001 0.015922758728265762 1776
1740792686717 0.017887648828327656 1777
1740792690286 0.017614159621298312 1778
1740792693943 0.01673592295497656 1779
1740792697532 0.017347536738961934 1780
1740792702778 0.017060026079416275 1781
1740792706244 0.016937595158815384 1782
1740792710200 0.01607630142942071 1783
1740792720678 0.018596278578042982 1784
1740792724572 0.01593248877674341 1785
1740792728222 0.01848750565201044 1786
1740792732055 0.017828860357403754 1787
1740792740697 0.017041779085993768 1788
1740792744267 0.0166335248015821 1789
1740792747790 0.015259108860045672 1790
1740792751507 0.017158019915223123 1791
1740792755002 0.0166478518769145 1792
1740792758600 0.01643493667244911 1793
1740792762214 0.016274573169648646 1794
1740792765735 0.0180205312743783 1795
1740792769274 0.016075739562511446 1796
1740792773635 0.01660000080242753 1797
1740792777489 0.016739693656563758 1798
1740792781126 0.016312326695770027 1799
1740792784876 0.014725173022598029 1800
1740792788787 0.016981448456645013 1801
1740792792416 0.014448142349720002 1802
1740792796042 0.015654925424605608 1803
1740792800217 0.01613386981189251 1804
1740792804076 0.016298480853438376 1805
1740792808042 0.014366362057626248 1806
1740792811678 0.017105530500411987 1807
1740792815816 0.01625495120882988 1808
1740792819436 0.015261546336114406 1809
1740792823367 0.014930754713714123 1810
1740792827428 0.016613192595541476 1811
1740792831133 0.015653845872730016 1812
1740792835032 0.01787511482834816 1813
1740792840683 0.016540025621652604 1814
1740792845942 0.017431559190154076 1815
1740792849781 0.01621401820331812 1816
1740792853456 0.014447783939540387 1817
1740792857548 0.014932676367461682 1818
1740792861106 0.015594763942062854 1819
1740792861660 0.0 1820
1740792865593 0.017695242390036583 1821
1740792869102 0.016275881342589855 1822
1740792872731 0.018076603561639787 1823
1740792876352 0.015702649056911468 1824
1740792880074 0.01660377062857151 1825
1740792883699 0.01632413938641548 1826
1740792887468 0.016074786074459554 1827
1740792891107 0.016839522421360015 1828
1740792895047 0.01662938257679343 1829
1740792898550 0.016003367938101292 1830
1740792902912 0.016096942666918038 1831
1740792906819 0.014701619036495686 1832
1740792910497 0.01489278957247734 1833
1740792914083 0.015764757059514523 1834
1740792917897 0.014950410462915897 1835
1740792921570 0.016893698573112487 1836
1740792925272 0.015894560813903807 1837
1740792928799 0.012982952222228051 1838
1740792932505 0.014216170851141215 1839
1740792936148 0.015078778490424155 1840
1740792940207 0.01669005837291479 1841
1740792943876 0.01361411601305008 1842
1740792947710 0.016954155303537846 1843
1740792951240 0.018531447425484657 1844
1740792954856 0.017241247072815893 1845
1740792958703 0.015954210869967938 1846
1740792962412 0.01703846428543329 1847
1740792966183 0.015008807629346848 1848
1740792970000 0.015403283406049012 1849
1740792973487 0.014443339742720128 1850
1740792977038 0.016779929306358098 1851
1740792980606 0.015290516633540393 1852
1740792984171 0.015436141192913056 1853
1740792987909 0.014972021989524364 1854
1740792991549 0.014885120689868928 1855
1740792995421 0.01531630428507924 1856
1740792999388 0.016297829747200013 1857
1740793003188 0.014606777504086494 1858
1740793006818 0.016261145286262036 1859
1740793010422 0.01423424633219838 1860
1740793013891 0.015057461131364107 1861
1740793017514 0.014373288080096245 1862
1740793020936 0.015133381895720959 1863
1740793024435 0.015281242448836566 1864
1740793028053 0.016035229302942752 1865
1740793031832 0.014264699891209603 1866
1740793035509 0.013258105106651784 1867
1740793039029 0.015328937657177449 1868
1740793042717 0.014054220654070377 1869
1740793046420 0.017177725918591024 1870
1740793050146 0.014759129211306572 1871
1740793053793 0.014607488363981246 1872
1740793057414 0.015686783008277416 1873
1740793060964 0.012710226159542799 1874
1740793064624 0.015097624398767948 1875
1740793068122 0.013515618108212947 1876
1740793071630 0.016061852518469096 1877
1740793075295 0.013802596125751734 1878
1740793078918 0.015065459478646516 1879
1740793082690 0.016298571303486824 1880
1740793086265 0.017104149051010608 1881
1740793089863 0.015484193582087755 1882
1740793093499 0.01426876112818718 1883
1740793097300 0.015056374706327915 1884
1740793100992 0.015357193537056446 1885
1740793104686 0.015156101379543542 1886
1740793108775 0.014556707330048085 1887
1740793112789 0.013832800183445215 1888
1740793116308 0.016951998583972453 1889
1740793120132 0.01521911334246397 1890
1740793125237 0.01450377520173788 1891
1740793129127 0.014838656596839427 1892
1740793133018 0.015133675746619701 1893
1740793136657 0.01443169016391039 1894
1740793140979 0.01413516316562891 1895
1740793151129 0.01629985373467207 1896
1740793154800 0.01551717109978199 1897
1740793158407 0.016097826436161995 1898
1740793162335 0.015597361605614424 1899
1740793165891 0.01623205382376909 1900
1740793170010 0.01689297381788492 1901
1740793173664 0.01688807301223278 1902
1740793177360 0.013416630532592535 1903
1740793181072 0.014502057526260614 1904
1740793184603 0.01667981330305338 1905
1740793188147 0.015441376678645612 1906
1740793191861 0.014177968315780163 1907
1740793195741 0.014698761086910962 1908
1740793199429 0.01599338848143816 1909
1740793203124 0.014358527883887291 1910
1740793207026 0.015060027204453945 1911
1740793210670 0.01592689033597708 1912
1740793214326 0.01596008349210024 1913
1740793218292 0.015228596813976765 1914
1740793221849 0.015388942342251539 1915
1740793225948 0.015116424150764942 1916
1740793229749 0.013930079080164432 1917
1740793233309 0.015909045338630676 1918
1740793236889 0.016208900436758995 1919
1740793240516 0.01590381160378456 1920
1740793244026 0.016223795861005783 1921
1740793248443 0.0150450349599123 1922
1740793252104 0.014919983297586441 1923
1740793256169 0.014428241103887558 1924
1740793259895 0.015219145193696023 1925
1740793263493 0.015469716731458902 1926
1740793267041 0.017123287692666054 1927
1740793270850 0.016912265997380018 1928
1740793275641 0.01588958118110895 1929
1740793279166 0.016942113619297743 1930
1740793282730 0.014217465575784445 1931
1740793286449 0.015910589806735514 1932
1740793290152 0.015989836640655994 1933
1740793293653 0.017368742525577546 1934
1740793297202 0.018835968002676964 1935
1740793300677 0.0185266475379467 1936
1740793304505 0.0173317339271307 1937
1740793307890 0.015662420596927403 1938
1740793311419 0.015212595909833908 1939
1740793315388 0.01757690913975239 1940
1740793319066 0.018097841553390025 1941
1740793323365 0.01565248118713498 1942
1740793326963 0.01661477591842413 1943
1740793330532 0.015465016476809978 1944
1740793334111 0.01661968119442463 1945
1740793339554 0.016554535664618016 1946
1740793343349 0.016224161759018897 1947
1740793346879 0.017294117845594884 1948
1740793350357 0.016883716527372597 1949
1740793354067 0.017197587192058564 1950
1740793357578 0.018205019496381283 1951
1740793361422 0.017645400799810886 1952
1740793364976 0.016654224991798403 1953
1740793368735 0.015808208249509334 1954
1740793374524 0.017389342896640302 1955
1740793377971 0.01768702745437622 1956
1740793381598 0.018541759327054024 1957
1740793385540 0.01755581684410572 1958
1740793388982 0.01731489013880491 1959
1740793392524 0.016654440239071845 1960
1740793396096 0.018535409532487394 1961
1740793399742 0.016849054731428625 1962
1740793403430 0.017609135992825032 1963
1740793407117 0.017803239338099956 1964
1740793411094 0.017659590933471917 1965
1740793414750 0.016902987249195575 1966
1740793418482 0.016169061958789824 1967
1740793422223 0.01823906261473894 1968
1740793425715 0.017721408009529115 1969
1740793429198 0.01805739738047123 1970
1740793432768 0.017919089943170548 1971
1740793436334 0.017008357010781766 1972
1740793439874 0.016674957424402236 1973
1740793443340 0.015605474915355444 1974
1740793447061 0.017471779976040124 1975
1740793450792 0.01949036505073309 1976
1740793454874 0.016936119571328165 1977
1740793458567 0.017015778701752426 1978
1740793462129 0.018660701476037503 1979
1740793465938 0.019904554113745688 1980
1740793469675 0.019778188429772855 1981
1740793473573 0.020406315252184868 1982
1740793477222 0.017777526266872883 1983
1740793480833 0.018624430149793626 1984
1740793484525 0.01824656467884779 1985
1740793488204 0.01830087721347809 1986
1740793491998 0.02091039277613163 1987
1740793495601 0.018837517872452737 1988
1740793499482 0.01839573834091425 1989
1740793503348 0.01805418487638235 1990
1740793506978 0.01849650215357542 1991
1740793510780 0.018706260025501253 1992
1740793514520 0.018116480596363546 1993
1740793518092 0.01788283295929432 1994
1740793521828 0.019153979122638703 1995
1740793525453 0.015648048147559167 1996
1740793529312 0.01686405871063471 1997
1740793533105 0.018752666153013707 1998
1740793536829 0.02068857155740261 1999
