1740786114067 0.06542408672626349 0
1740786117940 0.0580539336553931 1
1740786121817 0.23556345415458912 2
1740786125748 0.09094123402775774 3
1740786129393 0.09848420812954456 4
1740786132996 0.1476769800910892 5
1740786136736 0.06458527084277542 6
1740786140158 0.10143536156795144 7
1740786143913 0.08051412359674796 8
1740786147751 0.07769663134633402 9
1740786151552 0.05351240708713591 10
1740786155287 0.06704217613812025 11
1740786159069 0.059983531075703034 12
1740786162881 0.22082400231513988 13
1740786166665 0.05415406576744566 14
1740786170386 0.04231507859125106 15
1740786174083 0.05388841213678797 16
1740786177643 0.06454908817959605 17
1740786181405 0.08833284632134228 18
1740786185021 0.06599358958132374 19
1740786188761 0.04474125492125081 20
1740786192595 0.10106640498275432 21
1740786196355 0.15883912888709706 22
1740786200236 0.0982237410001081 23
1740786204014 0.17211194715278672 24
1740786207731 0.15243178597030377 25
1740786211621 0.08197120399107057 26
1740786215558 0.09023800842911225 27
1740786219394 0.15050969408597134 28
1740786223053 0.14761120112603293 29
1740786226901 0.12009588685523367 30
1740786230812 0.09509784894046815 31
1740786234453 0.06289245381883725 32
1740786238008 0.07998678080164931 33
1740786241757 0.07314833044390495 34
1740786245495 0.07370843737079841 35
1740786249084 0.10847107447410037 36
1740786252789 0.057399288607961424 37
1740786256446 0.08835866344822499 38
1740786260097 0.11295924885943895 39
1740786263620 0.09553805665520523 40
1740786267130 0.08744587707814963 41
1740786270689 0.061566386193977723 42
1740786274046 0.08100289354179675 43
1740786277593 0.0474396469375643 44
1740786281012 0.07624293966892953 45
1740786284573 0.05936450264974976 46
1740786288206 0.12118958837748535 47
1740786291718 0.11252952719868156 48
1740786295477 0.11604377351534531 49
1740786298987 0.1429708328831504 50
1740786302614 0.1839275789274939 51
1740786306187 0.07738039813444225 52
1740786309604 0.045631482472298306 53
1740786313019 0.07954957723851498 54
1740786316593 0.05738167754954536 55
1740786320094 0.0732179095040599 56
1740786323726 0.053358284570309104 57
1740786327306 0.11332871031204374 58
1740786330839 0.1102588697938548 59
1740786334254 0.09227504970110571 60
1740786337693 0.13679322921050913 61
1740786341160 0.06429525020890182 62
1740786344509 0.08832397701927672 63
1740786348051 0.1419549788536644 64
1740786351499 0.20207627152459642 65
1740786354875 0.05462798682323063 66
1740786358395 0.11278953991312056 67
1740786361938 0.15432423041879081 68
1740786365480 0.10060830523537323 69
1740786369076 0.06759193153863484 70
1740786372738 0.199576335554083 71
1740786376250 0.08740254585594004 72
1740786379760 0.048262117965183336 73
1740786383255 0.09184274121910631 74
1740786386761 0.16331667454439142 75
1740786390374 0.056267143091224874 76
1740786393964 0.0664738483951898 77
1740786397308 0.09911822988058132 78
1740786400896 0.08389052634426256 79
1740786404410 0.09644086959520325 80
1740786407729 0.10372448896180252 81
1740786411341 0.05745717223483965 82
1740786414773 0.04863039371762614 83
1740786418125 0.09338843972937548 84
1740786421713 0.06606884637354606 85
1740786425257 0.08155401511851226 86
1740786428630 0.09439969921497944 87
1740786432216 0.21963712782319755 88
1740786435788 0.1147832011966844 89
1740786439411 0.12250413762961893 90
1740786443053 0.1869372090563238 91
1740786446417 0.19899817663142536 92
1740786449791 0.06812727894521933 93
1740786453728 0.1292850805201582 94
1740786457265 0.08254301501388189 95
1740786460637 0.10508169597108483 96
1740786464339 0.1133833649761606 97
1740786467913 0.04499212286469975 98
1740786471443 0.06429231610169092 99
1740786475092 0.08423435837772991 100
1740786478525 0.04945232100534493 101
1740786482092 0.11527686685334977 102
1740786485690 0.14374609294191829 103
1740786489155 0.07062099238486656 104
1740786492537 0.10513485842538323 105
1740786495960 0.07186329243167655 106
1740786499686 0.08238529768700945 107
1740786503270 0.08677782359945468 108
1740786506847 0.11226138986500507 109
1740786510241 0.14028293453195448 110
1740786513800 0.15784260037414735 111
1740786517536 0.1472158042844381 112
1740786521262 0.09659698890657463 113
1740786524997 0.12663548093017046 114
1740786528738 0.10503777631186298 115
1740786532177 0.15048473498373077 116
1740786535937 0.17723826990991257 117
1740786539344 0.10923512554186868 118
1740786543062 0.1416908712244548 119
1740786546617 0.07136449474656907 120
1740786550197 0.053650624483044036 121
1740786553589 0.08022763577968689 122
1740786557219 0.11634885322415889 123
1740786560687 0.16765195665024357 124
1740786564370 0.08319507351243888 125
1740786567748 0.06623168415197665 126
1740786571354 0.08571118253936923 127
1740786574760 0.1821376636488439 128
1740786578270 0.10091139163691386 129
1740786581627 0.08336916824218271 130
1740786585372 0.15919405649575255 131
1740786588858 0.12213423368932365 132
1740786592273 0.1228175911599768 133
1740786595824 0.08841094738132294 134
1740786599257 0.11390119186921659 135
1740786602684 0.075280220591767 136
1740786606239 0.0687112219992001 137
1740786609882 0.09917757470403439 138
1740786613441 0.08288087311179161 139
1740786617286 0.1563320273638078 140
1740786620745 0.10872590862809844 141
1740786624266 0.19021515190752722 142
1740786627755 0.07872859921409243 143
1740786631424 0.14967256159125472 144
1740786635108 0.0949378713569191 145
1740786638830 0.27618027983684545 146
1740786642365 0.09248871590478286 147
1740786646024 0.05974965345169043 148
1740786649616 0.04716119764998293 149
1740786653311 0.1686542776272538 150
1740786657061 0.06959669392000623 151
1740786660594 0.11722488279655924 152
1740786664275 0.08540365047643625 153
1740786667879 0.07987131626318644 154
1740786671539 0.06533011907524393 155
1740786675143 0.09634493188372806 156
1740786678939 0.07379523466517285 157
1740786682389 0.10006396594848001 158
1740786685941 0.05954797549965722 159
1740786689302 0.2109886462765 160
1740786692769 0.1054329897206847 161
1740786696205 0.10486402681336898 162
1740786699865 0.12400527693907755 163
1740786703473 0.1118341577133078 164
1740786707014 0.18440881012970314 165
1740786710573 0.0869466426377675 166
1740786714113 0.14402239963694874 167
1740786717588 0.08062871000614877 168
1740786721126 0.08195995329353564 169
1740786724645 0.15108454291126297 170
1740786728042 0.09003109037658918 171
1740786731520 0.1000868287082535 172
1740786734981 0.14971959593330952 173
1740786738459 0.16162240922817334 174
1740786742115 0.15071131431067875 175
1740786745847 0.09662901580509757 176
1740786749438 0.13355518470495886 177
1740786753267 0.09078936224493242 178
1740786756671 0.08100939960495372 179
1740786760210 0.1250051001039991 180
1740786764120 0.114999842015732 181
1740786767831 0.15375836223250916 182
1740786771316 0.12441222638640491 183
1740786774785 0.1421358628966092 184
1740786778406 0.1120861992427919 185
1740786781900 0.16911128052806237 186
1740786785396 0.08646173318091144 187
1740786788892 0.12239001962262425 188
1740786792420 0.12404821252989258 189
1740786795948 0.08694134651700541 190
1740786799438 0.11364644156204214 191
1740786803068 0.05744883545745755 192
1740786806847 0.08793447013600644 193
1740786810768 0.14890446812880503 194
1740786814530 0.08882984311172824 195
1740786818134 0.09118105546109623 196
1740786821713 0.1259308961735754 197
1740786825169 0.16183684191903647 198
1740786828672 0.09035906210190521 199
1740786832301 0.09800159809094382 200
1740786835832 0.10118085886573862 201
1740786839520 0.0994015531617876 202
1740786843216 0.10505118908341618 203
1740786846705 0.07104822861689315 204
1740786850412 0.12313846028248816 205
1740786854512 0.11800870189944244 206
1740786858141 0.08955098262589825 207
1740786862000 0.2721001697198512 208
1740786865777 0.17433420757317677 209
1740786869241 0.09362689819568726 210
1740786873795 0.34364244109077796 211
1740786880015 0.28933317220632215 212
1740786883483 0.06602241018581247 213
1740786887121 0.1099637321543424 214
1740786890710 0.1720946548787417 215
1740786894455 0.0871562466173297 216
1740786897913 0.08079724337422321 217
1740786901381 0.5595211807149348 218
1740786904919 0.19302509803924722 219
1740786908445 0.3348934385870559 220
1740786911912 0.08836897625817439 221
1740786915431 0.1417658234440817 222
1740786918975 0.1297022160131938 223
1740786922677 0.10889605457086109 224
1740786926174 0.1068787645715526 225
1740786929583 0.10313665194630549 226
1740786933345 0.24058817280996034 227
1740786936729 0.07490193721170084 228
1740786940172 0.06660311110789112 229
1740786943727 0.12382413163561695 230
1740786947637 0.12164047601463392 231
1740786951495 0.14784777687326128 232
1740786955249 0.1055327731267944 233
1740786958947 0.12900125432027823 234
1740786962531 0.09648629340496412 235
1740786966091 0.04947600398251218 236
1740786970044 0.06719687286780746 237
1740786973815 0.1261677047147297 238
1740786977548 0.19364592483634954 239
1740786981253 0.12998584629929708 240
1740786984714 0.12325893674374219 241
1740786988295 0.21058607919526173 242
1740786991876 0.10525779409719646 243
1740786995627 0.14558100874430957 244
1740786999213 0.11727058563546823 245
1740787002993 0.18056334101100144 246
1740787006454 0.10799716697565886 247
1740787009922 0.14692255426426773 248
1740787013393 0.11663644725991425 249
1740787017142 0.06791343423903007 250
1740787020725 0.154346038360377 251
1740787024514 0.4394417121547589 252
1740787027914 0.045799384684868286 253
1740787031509 0.416553544905983 254
1740787035159 0.09369573586812675 255
1740787038967 0.16340427140694647 256
1740787042453 0.13203534370270462 257
1740787046181 0.12654480166015392 258
1740787049877 0.12725796103470863 259
1740787053559 0.3093072788259862 260
1740787056935 0.09578673542105293 261
1740787060757 0.2739481426295308 262
1740787064368 0.1262672751315966 263
1740787067926 0.17415443156866836 264
1740787071527 0.1993937683188091 265
1740787075043 0.16334204313724693 266
1740787078572 0.12389118246365331 267
1740787082283 0.1837517628612645 268
1740787085931 0.20594526121532175 269
1740787089623 0.12410319975054601 270
1740787093306 0.13653469485968098 271
1740787096800 0.10620587171212853 272
1740787100913 0.42258331662603915 273
1740787104372 0.14563074347694369 274
1740787108271 0.10393258843773788 275
1740787111801 0.09162067515352171 276
1740787115445 0.11532693192247281 277
1740787119081 0.14695113026724702 278
1740787122883 0.1501582533405965 279
1740787126538 0.1680137397205751 280
1740787130215 0.11105303427339677 281
1740787133964 0.08510711165703577 282
1740787137461 0.09869768980025276 283
1740787141039 0.13687390342696112 284
1740787144697 0.2597447907312214 285
1740787148332 0.10602364196452509 286
1740787151925 0.10770956491571398 287
1740787155577 0.08338563243551522 288
1740787159033 0.10424433013669981 289
1740787162716 0.11732343953108565 290
1740787166346 0.06425140182834459 291
1740787169920 0.12653019959077746 292
1740787173575 0.10315636086529421 293
1740787177116 0.08321538098111882 294
1740787180510 0.2298183639911089 295
1740787184112 0.11677984329092114 296
1740787187704 0.2484482712823901 297
1740787191530 0.09205327201244015 298
1740787194972 0.12181950828597046 299
1740787198543 0.12028231908175814 300
1740787202077 0.08627953515508528 301
1740787205596 0.0840961955176919 302
1740787209144 0.047443965903154306 303
1740787212776 0.30727855123351866 304
1740787216615 0.19879790492485536 305
1740787220396 0.10604874252012708 306
1740787224072 0.24912187518604292 307
1740787227552 0.10183255913054143 308
1740787231185 0.12853628463581193 309
1740787234741 0.14263460732938202 310
1740787238294 0.24611218958035155 311
1740787241825 0.1379487819685505 312
1740787245214 0.05515962619892416 313
1740787248641 0.06593605089357679 314
1740787252146 0.35020390024318715 315
1740787255753 0.09355326731468012 316
1740787259352 0.2787068641716448 317
1740787262918 0.20820015125291924 318
1740787266426 0.5387073198460895 319
1740787269941 0.11069993098007053 320
1740787273646 0.1282897710175536 321
1740787277301 0.14902870995584871 322
1740787280655 0.04407028380902455 323
1740787284312 0.11600892243852153 324
1740787288189 0.13671929024364282 325
1740787291808 0.10016400946393243 326
1740787295305 0.09014832003115507 327
1740787298868 0.10011112144393955 328
1740787302372 0.1427421388668413 329
1740787306031 0.1619744649627445 330
1740787310034 0.15636682773041627 331
1740787313601 0.13767068828928342 332
1740787317281 0.12626772544494577 333
1740787320918 0.09057461797178808 334
1740787324752 0.13628043563616754 335
1740787328240 0.03746809468595999 336
1740787331863 0.14664931440649503 337
1740787335609 0.18026139788121692 338
1740787339123 0.1389273019397321 339
1740787344873 0.24776104862590953 340
1740787348456 0.13788285321887375 341
1740787352183 0.13999439301961464 342
1740787355914 0.1461545884550431 343
1740787359644 0.2432674730746527 344
1740787363224 0.13195451143915496 345
1740787366866 0.12099526957822693 346
1740787370592 0.1228867357127258 347
1740787374308 0.11676098892067524 348
1740787377987 0.10840844595080223 349
1740787381668 0.13655130051810416 350
1740787385230 0.07417185246986673 351
1740787388771 0.14350624329459322 352
1740787392192 0.07331896604266688 353
1740787395658 0.10377278172387167 354
1740787399208 0.062214609001266456 355
1740787403040 0.10183253127652891 356
1740787406748 0.22383646610260047 357
1740787410615 0.11294970125496898 358
1740787414644 0.045647015413344746 359
1740787418307 0.12172289437635796 360
1740787422161 0.09691121587031899 361
1740787425904 0.3932655724041215 362
1740787429766 0.28865764924458714 363
1740787433317 0.11273394688930793 364
1740787436752 0.11878735066427928 365
1740787440484 0.09726875573672743 366
1740787444100 0.13851214023432776 367
1740787447890 0.10718104388450625 368
1740787451433 0.10300779533796406 369
1740787455136 0.28347881316077633 370
1740787458919 0.17921265646985926 371
1740787462655 0.18512581933591093 372
1740787466229 0.19148192833045843 373
1740787470061 0.11289042602651683 374
1740787473647 0.25544319746259364 375
1740787477084 0.1025326890226191 376
1740787480452 0.1380142368615638 377
1740787484075 0.19627165362838486 378
1740787487879 0.1219039120483502 379
1740787491416 0.20955345111298965 380
1740787495203 0.10638174052372192 381
1740787498919 0.10112883047439312 382
1740787502408 0.2672413001149184 383
1740787505923 0.10559857357362482 384
1740787509452 0.26586632449583325 385
1740787513050 0.28173117021196437 386
1740787516937 0.08852677370558565 387
1740787520738 0.2261996903389277 388
1740787524155 0.3644937908230045 389
1740787528114 0.25953633838611073 390
1740787531665 0.2978420333584548 391
1740787535231 0.0765149783032769 392
1740787538945 0.10230330646218283 393
1740787542641 0.0784553520509233 394
1740787546474 0.29557087593604314 395
1740787547025 1.0307233857596154 396
1740787550721 0.15653511967176217 397
1740787554345 0.10883880112620543 398
1740787558323 0.10967041255510347 399
1740787562167 0.3069449650576193 400
1740787565920 0.12512550117243745 401
1740787569421 0.10198465346377412 402
1740787573101 0.1682417649116308 403
1740787576942 0.1654435090403193 404
1740787580480 0.094344238195212 405
1740787584155 0.19130636097174963 406
1740787587662 0.07911120486401878 407
1740787591133 0.07407896176394863 408
1740787592223 0.2916952875921832 409
1740787595624 0.46435163736169366 410
1740787599184 0.1770547448008349 411
1740787602815 0.47162425317581524 412
1740787606341 0.12516903940827345 413
1740787613498 0.8064106602468684 414
1740787617345 0.5626531416868885 415
1740787620914 0.035562504325800694 416
1740787626621 0.35484606696688487 417
1740787630246 0.2753032983740391 418
1740787633959 0.18314634354626155 419
1740787637755 0.11932614775475449 420
1740787641415 0.03607617448932118 421
1740787644891 0.34920503131297814 422
1740787648531 0.12928076053551363 423
1740787652228 0.5739517470194611 424
1740787655849 0.5831294513177764 425
1740787659372 0.0996780233370847 426
1740787662971 0.14016158166055992 427
1740787667351 0.17496583391053225 428
1740787671196 0.07800236048478933 429
1740787674993 0.3544481377442692 430
1740787678778 0.1136836027015237 431
1740787682449 0.059283481539567306 432
1740787686127 0.09774080199057006 433
1740787689745 0.09652860690809975 434
1740787693434 0.11319213955953578 435
1740787697081 0.1588327390911868 436
1740787700702 0.22071014695927718 437
1740787704508 0.0831304989328488 438
1740787708047 0.09511030223814633 439
1740787711544 0.07157172552820974 440
1740787715151 0.09497638350486065 441
1740787718910 0.07159191354547714 442
1740787722572 0.11002841455335846 443
1740787726424 0.22976621103102154 444
1740787730237 0.09769468443522308 445
1740787733860 0.09161145912700368 446
1740787737458 0.21581159118991 447
1740787741060 0.06583247600342626 448
1740787744894 0.13624043624576368 449
1740787748266 0.5621179466519931 450
1740787751963 0.5549823365230224 451
1740787755513 0.21875504172921686 452
1740787759096 0.21379609584753023 453
1740787762734 0.16198074011436991 454
1740787766438 0.16777178316608876 455
1740787769971 0.11574044081944823 456
1740787773593 0.10110562269478508 457
1740787777174 0.1389161918873171 458
1740787780717 0.08861776248573491 459
1740787784410 0.07965234634196898 460
1740787788055 0.28603355429464555 461
1740787791853 0.2894069041436689 462
1740787795643 0.06646082485383831 463
1740787799392 0.12501352507190713 464
1740787802920 0.12168453962054429 465
1740787806601 0.21288701257886938 466
1740787810357 0.18788862091508154 467
1740787814097 0.4834611932245311 468
1740787817823 0.20955930160165873 469
1740787821458 0.10515666137777696 470
1740787825304 0.12537316111285265 471
1740787829077 0.49964602890881676 472
1740787832938 0.1043563129957405 473
1740787836616 0.1849052149406804 474
1740787840194 0.4105335749946944 475
1740787843774 0.3516985783393078 476
1740787847612 0.10153198881343722 477
1740787851185 0.12436423721689614 478
1740787854823 0.2140889490933066 479
1740787858465 0.09171163923921796 480
1740787862061 0.16787717543183994 481
1740787865632 0.5670177867075098 482
1740787869134 0.08533180082505856 483
1740787872589 0.06830560878511445 484
1740787876198 0.07234902132662958 485
1740787876883 0.6396860114586199 486
1740787880549 0.09999701974161533 487
1740787884156 0.47850599867922555 488
1740787887720 0.12422086931964223 489
1740787893492 0.6012262387710222 490
1740787897059 0.10133320129533356 491
1740787900701 0.10756091570151893 492
1740787904329 0.11000344421515788 493
1740787907864 0.1197265746544001 494
1740787911243 0.12040081615609793 495
1740787914651 0.04347806209569722 496
1740787918273 0.04004101330724673 497
1740787921809 0.6646560469842865 498
1740787925518 0.20268608155657816 499
1740787929123 0.5159426697428637 500
1740787932877 0.3495263240532563 501
1740787936610 0.5289695487121282 502
1740787940292 0.4017758798490311 503
1740787943863 0.06763673428052114 504
1740787947503 0.08187846898270322 505
1740787951093 0.06702723065047624 506
1740787954754 0.5147767457972919 507
1740787958439 0.09061064145907244 508
1740787961887 0.11575012894385008 509
1740787965369 0.25904170257012166 510
1740787969021 0.34602043930247767 511
1740787972618 0.24147149124997355 512
1740787976347 0.1816254711399363 513
1740787980014 0.5210217254336147 514
1740787983603 0.14314501078413186 515
1740787987181 0.19814559947388183 516
1740787990852 0.61143344242086 517
1740787994552 0.5986902287815273 518
1740787998179 0.05185357417922813 519
1740788001709 0.5102057322578734 520
1740788005257 0.4124915180286446 521
1740788009012 0.1147156793238576 522
1740788012580 0.12089435669546711 523
1740788016249 0.6306807813272177 524
1740788019763 0.20481535159444308 525
1740788023343 0.16844326423097114 526
1740788027098 0.25382165637198467 527
1740788031007 0.4955007424413218 528
1740788034491 0.11990408400762925 529
1740788038248 0.12440910057274022 530
1740788041789 0.07734927041963238 531
1740788045193 0.26768633223118404 532
1740788048913 0.6539411202547264 533
1740788052401 0.14536645309235735 534
1740788055987 0.5976312534558926 535
1740788059556 0.12216416256557913 536
1740788063156 0.19170734887823404 537
1740788066482 0.17091168037550833 538
1740788070222 0.46113183348169284 539
1740788074049 0.15673603112616388 540
1740788077991 0.21187173952452362 541
1740788081483 0.056150967661092614 542
1740788085491 0.18480961773208734 543
1740788088951 0.17593440949411487 544
1740788092575 0.08670526478235954 545
1740788096201 0.5910043066907413 546
1740788099842 0.2077894796287362 547
1740788103414 0.24917602948482143 548
1740788107158 0.476432905112328 549
1740788110831 0.25023696370835735 550
1740788114398 0.6597319591080942 551
1740788118195 0.1359652947787415 552
1740788121776 0.13760167522716732 553
1740788125407 0.0435876630035842 554
1740788129064 0.10818169498062144 555
1740788132514 0.10887076035800058 556
1740788133486 0.425481444914707 557
1740788137218 0.1313345674368216 558
1740788140992 0.4297365780342576 559
1740788144683 0.13305377871629787 560
1740788148645 0.2073931155384267 561
1740788152355 0.18262983417253767 562
1740788156104 0.21008613906272533 563
1740788159865 0.11256784030832019 564
1740788163361 0.16737028899204595 565
1740788166859 0.3537804851534132 566
1740788170483 0.22499176885047611 567
1740788174378 0.19323154586076685 568
1740788178095 0.5044539529916572 569
1740788181730 0.16159923594472286 570
1740788185310 0.14125291046899882 571
1740788188889 0.1194953575452498 572
1740788192488 0.5988922526624922 573
1740788196130 0.060120121150919886 574
1740788199674 0.1517784135060383 575
1740788203196 0.33810205242172237 576
1740788206799 0.11249480656924447 577
1740788210472 0.15589069775576778 578
1740788214038 0.5939577456032036 579
1740788217676 0.09990736886519729 580
1740788221507 0.5984028262247518 581
1740788225492 0.4296804607931031 582
1740788229321 0.5907410144902242 583
1740788232911 0.17481734019826145 584
1740788236488 0.1217270005048673 585
1740788240587 0.12965095049978634 586
1740788243966 0.12617881349820828 587
1740788247589 0.10895170329210048 588
1740788251000 0.11421077229420472 589
1740788254593 0.7214225163711739 590
1740788258227 0.6441315863422753 591
1740788262003 0.13561570377064658 592
1740788265732 0.10983168839837135 593
1740788269369 0.05313699277388641 594
1740788273080 0.5725157760336481 595
1740788276570 0.3565950556958139 596
1740788280278 0.6431864106000675 597
1740788284111 0.5172985149281376 598
1740788287999 0.1000509020443149 599
1740788291706 0.17978451673211499 600
1740788295211 0.5439211026772067 601
1740788298867 0.09628144488166653 602
1740788302460 0.1170835452407891 603
1740788306144 0.3800152711996858 604
1740788310272 0.6528265291534078 605
1740788314137 0.1888492687301296 606
1740788318047 0.5445795693726501 607
1740788321651 0.5135818173574352 608
1740788325215 0.19016620967081557 609
1740788328819 0.32758630291972773 610
1740788332532 0.7472247166390602 611
1740788335973 0.09370170437629521 612
1740788340053 0.13229739123447237 613
1740788343982 0.6814965193822716 614
1740788347368 0.5069938835879444 615
1740788350945 0.13123024861904417 616
1740788354535 0.6335018184578413 617
1740788358258 0.10518297652568505 618
1740788361719 0.30393973242144684 619
1740788365235 0.07690674443812535 620
1740788368771 0.09525691375373865 621
1740788372386 0.6367542633355998 622
1740788375995 0.5393951110182007 623
1740788379650 0.10070312574897847 624
1740788382987 0.1156780189904521 625
1740788386777 0.12753019307562632 626
1740788390203 0.17120848256075874 627
1740788393941 0.17704724542674757 628
1740788397565 0.1802161693472749 629
1740788401252 0.20257018747703515 630
1740788404934 0.10870854078845095 631
1740788408737 0.19099232854113887 632
1740788412896 0.6818365408983211 633
1740788416931 0.1489441189352698 634
1740788420516 0.1056140779767361 635
1740788424203 0.6694835541113393 636
1740788427680 0.07013679526588433 637
1740788431481 0.6931932776212822 638
1740788435347 0.45234588242264834 639
1740788439261 0.2748743393911856 640
1740788449159 0.18611236223647495 641
1740788452790 0.26498424730831116 642
1740788456336 0.3031644553782837 643
1740788460012 0.18480777789271877 644
1740788463952 0.14738181151866492 645
1740788467752 0.16123778357059085 646
1740788471564 0.5368880327339189 647
1740788475229 0.12692787909406086 648
1740788479017 0.4799265739619004 649
1740788482938 0.5957976827040333 650
1740788486795 0.18922864185341923 651
1740788490259 0.5421236969517556 652
1740788494007 0.19343499938103073 653
1740788497643 0.057876027517842814 654
1740788501663 0.5322158867715571 655
1740788505623 0.2238916847291392 656
1740788509094 0.09998832380777284 657
1740788512613 0.11380417807674459 658
1740788516797 0.739157117172325 659
1740788520545 0.11408977020941005 660
1740788524660 0.25581302899794495 661
1740788528167 0.3169503222415562 662
1740788532075 0.47694493788828785 663
1740788535978 0.5722565235856653 664
1740788539920 0.14622167022024324 665
1740788544402 0.11286063804516208 666
1740788548067 0.10391520692734915 667
1740788551533 0.27661559949804737 668
1740788555201 0.17602092019165244 669
1740788558892 0.6487350402460957 670
1740788562415 0.11367945887393884 671
1740788566244 0.17131478387125168 672
1740788570110 0.3183431754201045 673
1740788574017 0.16936089716697209 674
1740788577646 0.11576842218695049 675
1740788581224 0.12103508597297705 676
1740788585040 0.20696157769168075 677
1740788589120 0.42869775886533007 678
1740788593044 0.27457682200652467 679
1740788596774 0.3365166848232291 680
1740788600531 0.5789670137474657 681
1740788604210 0.5512096610483862 682
1740788607851 0.2780122682640957 683
1740788611362 0.09990868362017276 684
1740788615119 0.6249587404398936 685
1740788618901 0.5794910972717501 686
1740788622584 0.14364206942895716 687
1740788626222 0.10942403167423814 688
1740788629829 0.6552819699925994 689
1740788633833 0.18425091638101526 690
1740788637472 0.5287981677807182 691
1740788641248 0.6461492743307558 692
1740788644928 0.5515733322682117 693
1740788648536 0.4448262091725197 694
1740788652297 0.04552678725618369 695
1740788655953 0.5446101996533124 696
1740788659721 0.19324721406711837 697
1740788663614 0.6706952774449397 698
1740788670549 0.16692695370804814 699
1740788674365 0.22235613269792195 700
1740788677903 0.7156390697773081 701
1740788681622 0.36692281293921813 702
1740788685178 0.2751300260800355 703
1740788689095 0.1984129443365966 704
1740788693079 0.15803502633549704 705
1740788696628 0.10140268038201519 706
1740788700375 0.12330310169348331 707
1740788703946 0.6558084093386484 708
1740788707574 0.6295606847604533 709
1740788711018 0.11466010481785208 710
1740788714718 0.1012246478803449 711
1740788718221 0.051701030669716104 712
1740788722049 0.5556496658850035 713
1740788725858 0.1948768176898557 714
1740788729603 0.30408452704334765 715
1740788732982 0.10954875441144354 716
1740788736525 0.1300412625884707 717
1740788740259 0.5943334558398267 718
1740788743986 0.5778022553983613 719
1740788747663 0.31946768671545633 720
1740788751348 0.11069150117713074 721
1740788755101 0.5389887081433461 722
1740788758994 0.11019194817925293 723
1740788762708 0.33104889673014876 724
1740788766382 0.5299083700899392 725
1740788770451 0.517841191173016 726
1740788773958 0.20376321953378007 727
1740788777394 0.2518073247537189 728
1740788780971 0.11291905751448755 729
1740788784785 0.07971979471872945 730
1740788788363 0.10880879824314052 731
1740788792042 0.15255216385828463 732
1740788795703 0.12367635034006165 733
1740788799599 0.14383447474973832 734
1740788803358 0.054236037732051184 735
1740788807074 0.5204736515222723 736
1740788810613 0.08955907155033149 737
1740788814143 0.11072751622759786 738
1740788817779 0.4893668870816441 739
1740788821430 0.14243967736148722 740
1740788825177 0.5252625270152069 741
1740788828825 0.5548089313112883 742
1740788832457 0.06320831536133192 743
1740788836243 0.12657235041536696 744
1740788839929 0.6578210367444082 745
1740788843656 0.3821734995559931 746
1740788847267 0.109287935267451 747
1740788851349 0.5500607332102343 748
1740788855288 0.6352264352342913 749
1740788858830 0.5934076416900655 750
1740788862449 0.35191741442163854 751
1740788866054 0.6927126320644617 752
1740788870087 0.20423483504285803 753
1740788873699 0.6722927500453065 754
1740788877612 0.1315992968031481 755
1740788881688 0.46060557877242053 756
1740788887443 0.13183491207248 757
1740788891065 0.538601555965095 758
1740788894756 0.5023890285889093 759
1740788898374 0.04876735918731767 760
1740788901979 0.05312834887993852 761
1740788905552 0.7448566265794557 762
1740788909318 0.22179271411963442 763
1740788913320 0.07020702608547481 764
1740788917102 0.09904743788460699 765
1740788920968 0.19205165731231258 766
1740788924483 0.11561775944349159 767
1740788928396 0.11333808345017561 768
1740788932056 0.09794940443385437 769
1740788935725 0.11110700752268768 770
1740788939310 0.04642338748251723 771
1740788942868 0.6071622620177959 772
1740788946585 0.29213731303544227 773
1740788950165 0.6080976725691511 774
1740788954004 0.06128290256640377 775
1740788957650 0.21311250465820386 776
1740788961281 0.4948119121205577 777
1740788965249 0.1259123541143127 778
1740788968950 0.6994070540289238 779
1740788972834 0.12515543506165755 780
1740788976568 0.06999959289375676 781
1740788980323 0.10797961052979671 782
1740788983870 0.16462777286039199 783
1740788987474 0.1733626649563442 784
1740788991076 0.5908084251072531 785
1740788994686 0.10581516242178354 786
1740788998342 0.09733246717481225 787
1740789002925 0.6890277407221858 788
1740789006418 0.1634769876670644 789
1740789009977 0.5855326288997782 790
1740789013534 0.730487283829614 791
1740789017266 0.5374982540624638 792
1740789021089 0.11870872979894483 793
1740789025239 0.1524183708672152 794
1740789028976 0.2163417999329883 795
1740789032753 0.12114424031611748 796
1740789036302 0.057229491736354415 797
1740789040166 0.1091287430139085 798
1740789043756 0.10696066482460612 799
1740789047330 0.21860361727362584 800
1740789050994 0.1801500930638314 801
1740789054444 0.10369302807179893 802
1740789058065 0.30283826832566835 803
1740789061733 0.12243416091917679 804
1740789065419 0.2114643680541897 805
1740789068960 0.05720769048934204 806
1740789070730 1.005894056035402 807
1740789074505 0.5302460796155906 808
1740789078079 0.49448423513808065 809
1740789081686 0.40935003795241615 810
1740789085271 0.07151300094459125 811
1740789088862 0.03773474768232108 812
1740789092598 0.1256744582621342 813
1740789096458 0.5593010872999091 814
1740789100009 0.10774796655862934 815
1740789103825 0.16026292418711538 816
1740789107642 0.10487538957661409 817
1740789111307 0.130798769655578 818
1740789114914 0.12030617723273192 819
1740789116576 0.18963756705511953 820
1740789120096 0.5109994626952967 821
1740789123730 0.6109813572540271 822
1740789127465 0.6165067559501161 823
1740789131123 0.0957639599094643 824
1740789134981 0.1274141004935595 825
1740789138745 0.25077567950425006 826
1740789142134 0.10394753031938656 827
1740789145842 0.11943280400398751 828
1740789149384 0.08531435713539474 829
1740789153313 0.13966373698773635 830
1740789157116 0.12152009934105841 831
1740789160807 0.09770819977963235 832
1740789164808 0.5665869503759273 833
1740789168581 0.3430595877191142 834
1740789172129 0.10597959590412019 835
1740789175718 0.7376049986018035 836
1740789179639 0.08094596506484894 837
1740789183130 0.061407626193947434 838
1740789186795 0.21501484959023634 839
1740789190329 0.0909039890645385 840
1740789193996 0.10930729042809748 841
1740789198018 0.047106948356099236 842
1740789202324 0.27865672067051334 843
1740789206529 0.13863950871191513 844
1740789210069 0.06982846258645196 845
1740789213628 0.07710219321696805 846
1740789217215 0.550477155170055 847
1740789220953 0.07553937716871081 848
1740789224817 0.22175181453160653 849
1740789228491 0.11619496586539492 850
1740789232164 0.2933180714771871 851
1740789235923 0.5047283352769423 852
1740789239713 0.5959972411384142 853
1740789243645 0.18011064253280457 854
1740789247318 0.059465526870630135 855
1740789251146 0.2641992299747672 856
1740789254723 0.766684371884705 857
1740789258222 0.7003056401806059 858
1740789262194 0.6020615073050095 859
1740789266185 0.05274646602283203 860
1740789269877 0.659657729170978 861
1740789273472 0.18057447578932717 862
1740789277133 0.09747312829014852 863
1740789280666 0.6695049633531726 864
1740789284440 0.11306224851917054 865
1740789288101 0.1452229886274843 866
1740789291821 0.16555610828392733 867
1740789299732 0.3690643399409344 868
1740789303379 0.5943996113004109 869
1740789306964 0.6170845583274377 870
1740789310658 0.13781484525423654 871
1740789314608 0.11072247983366992 872
1740789318420 0.6065228947545382 873
1740789322339 0.5020228463489202 874
1740789326155 0.11536581157530454 875
1740789332131 0.10617550566914379 876
1740789335706 0.10443441254339314 877
1740789339459 0.14954662249188153 878
1740789343270 0.24343429796345417 879
1740789346987 0.23631184782681777 880
1740789350794 0.7610478186165763 881
1740789354292 0.11261173452417203 882
1740789357956 0.1379475742409309 883
1740789361538 0.043782958026370444 884
1740789365447 0.6465964298653014 885
1740789368936 0.5799455846762739 886
1740789372378 0.5401770219039739 887
1740789375986 0.5050933303980961 888
1740789376544 1.023735133886402 889
1740789380228 0.08699974857907175 890
1740789383763 0.1154722205787416 891
1740789387571 0.03512196629429207 892
1740789391290 0.6401146990578106 893
1740789394912 0.46216608331327236 894
1740789398772 0.1531062352812381 895
1740789402238 0.2756277667230697 896
1740789405815 0.07035388448277641 897
1740789409817 0.03988129798481958 898
1740789413474 0.04744405997671114 899
1740789417065 0.10041537479775982 900
1740789420754 0.828099687464766 901
1740789424601 0.2831872252644934 902
1740789428181 0.1105874214372812 903
1740789432430 0.5658146853778716 904
1740789435989 0.14418572728682238 905
1740789439548 0.5078535574384732 906
1740789443346 0.0986865181578669 907
1740789447056 0.31526520262143615 908
1740789450862 0.5904759899573363 909
1740789454657 0.09039678073953747 910
1740789458398 0.10101066752075118 911
1740789462150 0.22191535754389474 912
1740789465995 0.17958656334676285 913
1740789469528 0.4499360664679989 914
1740789473233 0.1471557452545537 915
1740789481662 0.9000692461209348 916
1740789485664 0.11078491486091205 917
1740789489342 0.08152387026272125 918
1740789492967 0.7041513708120226 919
1740789496742 0.6953189612588847 920
1740789500554 0.6400425922553691 921
1740789506385 0.30792117182826956 922
1740789510263 0.26203662932514704 923
1740789514108 0.644186890519881 924
1740789518089 0.19640543871976424 925
1740789521882 0.16114941510543768 926
1740789525711 0.20383429084327695 927
1740789529525 0.2841731818095565 928
1740789533569 0.6594190123816851 929
1740789537533 0.3828759931856932 930
1740789541194 0.6980600036198452 931
1740789544900 0.6899408072097188 932
1740789548614 0.6444595482263779 933
1740789552630 0.13937426647722495 934
1740789556412 0.24434471204244754 935
1740789560160 0.20239261727746588 936
1740789563888 0.19051858964071577 937
1740789567918 0.3692812316390184 938
1740789571878 0.22445151087263293 939
1740789575754 0.10782849410078825 940
1740789579549 0.5719643013983271 941
1740789583087 0.1302697460470645 942
1740789586569 0.5600526414914129 943
1740789590294 0.09016909421456248 944
1740789593974 0.11497188882681986 945
1740789599162 0.6106827688776185 946
1740789602974 0.18553990517717914 947
1740789606870 0.7250438985875115 948
1740789610653 0.6803414229483465 949
1740789614505 0.037682027807091414 950
1740789618256 0.7206326676130709 951
1740789621900 0.16239295902826267 952
1740789625823 0.3916048599396313 953
1740789629603 0.10673260363787572 954
1740789633586 0.19952871785463738 955
1740789637603 0.12804803615402105 956
1740789641257 0.6600999443964077 957
1740789645242 0.1067109689971851 958
1740789649153 0.7064463715247811 959
1740789652933 0.09663909670611222 960
1740789656522 0.15126686842526635 961
1740789660295 0.6059890694364094 962
1740789664038 0.7452976868634122 963
1740789667762 0.17613414592825324 964
1740789671570 0.6199205440128026 965
1740789675433 0.11074440074102361 966
1740789679348 0.21030206078948013 967
1740789683036 0.7730553636535176 968
1740789686981 0.7876174844115973 969
1740789690736 0.7115197479833859 970
1740789694616 0.07034513472447795 971
1740789698502 0.12692953641006038 972
1740789702779 0.17872453982184205 973
1740789706455 0.13159142427084075 974
1740789710546 0.08286268784969118 975
1740789714457 0.08375837005375499 976
1740789718119 0.7984518708768168 977
1740789721806 0.6636017296727411 978
1740789725558 0.48127439493528 979
1740789729047 0.7430260656238478 980
1740789732505 0.5495464301870057 981
1740789736019 0.6821765178002537 982
1740789739678 0.09361972028994338 983
1740789743131 0.10657752589148815 984
1740789747097 0.21779046772063623 985
1740789750737 0.15064711327355496 986
1740789754422 0.6770690641380612 987
1740789758147 0.14653434312171493 988
1740789758789 0.6957867932993113 989
1740789762262 0.6975556566749893 990
1740789765926 0.24794103616589813 991
1740789769884 0.5217727608538266 992
1740789773408 0.09013498067848834 993
1740789777011 0.13368351388608096 994
1740789780691 0.6434173822039112 995
1740789784533 0.20972227646050168 996
1740789788017 0.6669660434926524 997
1740789791692 0.6712983794495259 998
1740789795258 0.10375492764263028 999
1740789799051 0.6536552930385952 1000
1740789803133 0.19999087643578714 1001
1740789806966 0.18052866231972597 1002
1740789810799 0.14864946042103833 1003
1740789814757 0.0535141491612417 1004
1740789818739 0.21706492650174225 1005
1740789822447 0.044076998886788024 1006
1740789826090 0.16756046869299004 1007
1740789829984 0.22620060728594202 1008
1740789833454 0.5958118680208124 1009
1740789837225 0.6358637138029571 1010
1740789840746 0.07230970606207113 1011
1740789844370 0.13316914802837804 1012
1740789848149 0.18895660840164616 1013
1740789850055 0.28676801298787435 1014
1740789853786 0.1500232836511034 1015
1740789857606 0.7007759854355846 1016
1740789861507 0.2371305088880522 1017
1740789865316 0.1583453849642036 1018
1740789869236 0.3320854155491027 1019
1740789872960 0.7190125216580416 1020
1740789876991 0.11210172435301927 1021
1740789880773 0.6556916285116462 1022
1740789884574 0.6374458138861349 1023
1740789889242 0.3448763652456089 1024
1740789893089 0.409929588800791 1025
1740789897562 0.5481923292570101 1026
1740789901244 0.08248856691213093 1027
1740789905157 0.1588764378841234 1028
1740789908910 0.1498124793598193 1029
1740789912594 0.8280585514721754 1030
1740789916335 0.7753445633312386 1031
1740789920467 0.7592292109812021 1032
1740789924189 0.10236990539683502 1033
1740789927677 0.783468275784972 1034
1740789931419 0.7883736198666723 1035
1740789935100 0.43361804769478524 1036
1740789938694 0.7115524586958525 1037
1740789940460 0.4919076623393327 1038
1740789944320 0.10749244898900745 1039
1740789947948 0.7113118500485051 1040
1740789951619 0.7247515011841785 1041
1740789955667 0.4013125050350101 1042
1740789959492 0.20052731753211944 1043
1740789963166 0.747214506345788 1044
1740789966773 0.7616015771518997 1045
1740789970336 0.7084520053014073 1046
1740789974208 0.1960388489799943 1047
1740789978145 0.20030771989284835 1048
1740789981889 0.1852788631275069 1049
1740789985505 0.18122452657060273 1050
1740789989339 0.8425429814492403 1051
1740789992821 0.7369572273668763 1052
1740789996835 0.15508851721408412 1053
1740790000635 0.17988558250758582 1054
1740790004269 0.23052653784445581 1055
1740790007762 0.10940441712362803 1056
1740790012017 0.8267877232464091 1057
1740790015490 0.08795365655786164 1058
1740790018944 0.6713189723817098 1059
1740790022437 0.7786250636544528 1060
1740790026364 0.12900587767303243 1061
1740790030123 0.18788064412233005 1062
1740790033789 0.12752847093687422 1063
1740790037221 0.328622472670727 1064
1740790040929 0.24676035624651452 1065
1740790044461 0.6765026098073719 1066
1740790048173 0.7004789776954367 1067
1740790051822 0.17903682257817916 1068
1740790055590 0.20314559370019217 1069
1740790059253 0.766241691306539 1070
1740790062818 0.6590295368497814 1071
1740790066370 0.1637514281993672 1072
1740790070246 0.7510492523271189 1073
1740790074138 0.13902287780769876 1074
1740790077926 0.13364250553787765 1075
1740790081526 0.12145491679147166 1076
1740790085208 0.12372587856808506 1077
1740790089108 0.14415428201547953 1078
1740790093128 0.24200904704166595 1079
1740790096980 0.26976483315572336 1080
1740790100869 0.6336352094511545 1081
1740790104703 0.5847731317586805 1082
1740790108836 0.2658565760138586 1083
1740790112684 0.649677450983718 1084
1740790116916 0.7160863695639986 1085
1740790120691 0.11155989233084825 1086
1740790124306 0.08232868228094203 1087
1740790127904 0.6729619412634597 1088
1740790131659 0.11097568981432276 1089
1740790135341 0.09867876759620958 1090
1740790139101 0.5989913721052352 1091
1740790143026 0.12551488931163185 1092
1740790146936 0.7479867541624968 1093
1740790150463 0.053217187252399295 1094
1740790154082 0.7875410714297524 1095
1740790157751 0.6764094631513602 1096
1740790161714 0.6626298955796273 1097
1740790165478 0.6553772771510491 1098
1740790169496 0.11607515166118074 1099
1740790173522 0.04210117311694846 1100
1740790177195 0.05143375618683822 1101
1740790180768 0.038352565009780536 1102
1740790184372 0.6865812091482585 1103
1740790188270 0.775357129777875 1104
1740790192442 0.520360018054153 1105
1740790196382 0.31083411404196115 1106
1740790200321 0.2815320165693075 1107
1740790204320 0.5954494485369232 1108
1740790207989 0.09430633614535598 1109
1740790211608 0.7291282874418809 1110
1740790215640 0.2938112290045296 1111
1740790219278 0.21616155869111753 1112
1740790222806 0.6887528005129147 1113
1740790226353 0.5730354986750257 1114
1740790229857 0.7204282487658691 1115
1740790233341 0.5110280701818446 1116
1740790234897 0.4798308132657761 1117
1740790238988 0.13622188646452624 1118
1740790242712 0.10599493439217149 1119
1740790246606 0.34870365857775254 1120
1740790250223 0.17369287220655072 1121
1740790253922 0.8004623118711575 1122
1740790257537 0.10588601089681364 1123
1740790261063 0.07229139231713257 1124
1740790264719 0.6344651891474148 1125
1740790268532 0.33286330951737064 1126
1740790272134 0.19805382907246416 1127
1740790275667 0.039209325055693606 1128
1740790279602 0.18555395306393002 1129
1740790283700 0.06383267982210813 1130
1740790287304 0.6468332171889349 1131
1740790291099 0.20806018560574058 1132
1740790294757 0.24306758804261613 1133
1740790298706 0.26990492176493003 1134
1740790302521 0.21130072466358654 1135
1740790306453 0.18743807778344343 1136
1740790310152 0.11997733008730638 1137
1740790313960 0.13430453241217444 1138
1740790318375 0.6345507806114375 1139
1740790322174 0.7078933426474094 1140
1740790326899 0.12638924691078568 1141
1740790330879 0.806047823466351 1142
1740790334678 0.6159931793255383 1143
1740790338319 0.06670972880172804 1144
1740790342542 0.6310204803652013 1145
1740790346173 0.6999935017912098 1146
1740790349770 0.10857637564576789 1147
1740790354067 0.7357691049667747 1148
1740790358109 0.6800032523025146 1149
1740790362190 0.2737346982124233 1150
1740790365982 0.7432981745654536 1151
1740790369705 0.2709665519417374 1152
1740790373236 0.2930342014399915 1153
1740790377123 0.17757755245902562 1154
1740790381030 0.6124359934610059 1155
1740790384989 0.2340079117584556 1156
1740790388482 0.6859717451487997 1157
1740790391865 0.7151001660504231 1158
1740790395320 0.1065715416747316 1159
1740790399026 0.7169116271968851 1160
1740790402934 0.17511720355150814 1161
1740790406716 0.33873346455640835 1162
1740790410550 0.13174026547453682 1163
1740790414177 0.5250876788773843 1164
1740790417902 0.6406642676900846 1165
1740790421326 0.7150475348387602 1166
1740790425106 0.20791596346540098 1167
1740790429268 0.21991455406595786 1168
1740790432911 0.8075477729212445 1169
1740790436606 0.13256809497731242 1170
1740790440196 0.7320995524685782 1171
1740790444103 0.6283141579110871 1172
1740790447928 0.10283737660016694 1173
1740790451486 0.26102112848561576 1174
1740790455405 0.6245349302216738 1175
1740790459459 0.18769332896824564 1176
1740790463116 0.034850672078269855 1177
1740790466788 0.8309903003804748 1178
1740790470366 0.7467504968152413 1179
1740790474184 0.1102969495726531 1180
1740790477948 0.20814853303842962 1181
1740790481561 0.1260374827950139 1182
1740790485070 0.06564562141657779 1183
1740790488789 0.6372011062985967 1184
1740790492704 0.1716093776605751 1185
1740790496578 0.18970916102178909 1186
1740790500206 0.616692148455244 1187
1740790503841 0.6781186024371471 1188
1740790507386 0.11395733062233752 1189
1740790511054 0.5869601853515526 1190
1740790515257 0.6472177003067832 1191
1740790518911 0.7291937961040514 1192
1740790522543 0.0956722119762597 1193
1740790526158 0.6938094481694403 1194
1740790529756 0.7128150988922985 1195
1740790533623 0.4286703115322687 1196
1740790537252 0.16696218889654202 1197
1740790541165 0.2670294907788814 1198
1740790544940 0.6641273932151925 1199
1740790548648 0.08803719876802632 1200
1740790552393 0.13345512111096733 1201
1740790556224 0.43771149789963526 1202
1740790559872 0.7251151279342313 1203
1740790563866 0.1540715046307971 1204
1740790567707 0.0659711781817007 1205
1740790571363 0.2629299306500354 1206
1740790575152 0.6989221182723587 1207
1740790578873 0.19870816249406414 1208
1740790582613 0.23081108620391572 1209
1740790586093 0.6687550306807744 1210
1740790589935 0.2205300899247479 1211
1740790593840 0.5982112743740212 1212
1740790598687 0.7948705502950878 1213
1740790602531 0.5703361608020262 1214
1740790606538 0.20184138081301936 1215
1740790610277 0.6299180826261748 1216
1740790614038 0.7503778548882757 1217
1740790617656 0.7291303226343224 1218
1740790621232 0.6568242449869586 1219
1740790624758 0.0719242231729934 1220
1740790628407 0.5643831827493113 1221
1740790632033 0.6038569543081909 1222
1740790636021 0.12973571218563862 1223
1740790639734 0.11543605705284694 1224
1740790643473 0.6540775859911305 1225
1740790647481 0.18944537289665997 1226
1740790651291 0.11805532582330912 1227
1740790654709 0.12042472008649752 1228
1740790658271 0.29256831215972784 1229
1740790661922 0.2132918988515196 1230
1740790665957 0.2700562358517366 1231
1740790669460 0.6758695182363204 1232
1740790672914 0.45174603292511767 1233
1740790676404 0.7804806990772306 1234
1740790679915 0.5174568857738112 1235
1740790683654 0.18847697447879277 1236
1740790687684 0.17448522883706907 1237
1740790691234 0.1826201687967303 1238
1740790694773 0.6622184151762663 1239
1740790698212 0.6899465909076443 1240
1740790701790 0.13306105772456062 1241
1740790705306 0.5606917962063206 1242
1740790708974 0.06791843819620333 1243
1740790712605 0.6960853208271969 1244
1740790716347 0.2620540833386232 1245
1740790720000 0.10480910170560306 1246
1740790723746 0.11460517407672403 1247
1740790727519 0.6584959368583223 1248
1740790731083 0.05946868359638256 1249
1740790734549 0.06845185850159709 1250
1740790738003 0.25225747216482547 1251
1740790741593 0.7267581091551915 1252
1740790745423 0.16502449747545292 1253
1740790749306 0.20556317922338407 1254
1740790752910 0.6085663210716828 1255
1740790756469 0.12091339251473666 1256
1740790760081 0.7016265571175648 1257
1740790763835 0.1722060009625732 1258
1740790768266 0.5967854720889003 1259
1740790769056 0.6125538857147781 1260
1740790772821 0.7312938714307158 1261
1740790776603 0.7521518785153188 1262
1740790780307 0.7567952527281449 1263
1740790784048 0.17933640597188535 1264
1740790787863 0.19146987819857725 1265
1740790791643 0.10199083975580212 1266
1740790795471 0.10247483478580902 1267
1740790799293 0.7565058449166367 1268
1740790803109 0.12131152182735912 1269
1740790806889 0.6962754353299987 1270
1740790810534 0.15643682396579645 1271
1740790814476 0.2569137459324051 1272
1740790818245 0.06725408934003439 1273
1740790821861 0.08305149320182595 1274
1740790825358 0.03889265570001341 1275
1740790828973 0.11649917789013355 1276
1740790832643 0.1973654667345033 1277
1740790836260 0.7799965670399692 1278
1740790840097 0.14893878830512247 1279
1740790843823 0.37828034810507544 1280
1740790847473 0.17407935134050379 1281
1740790851289 0.03796241762653068 1282
1740790855030 0.1506374808995 1283
1740790858579 0.0574909525513317 1284
1740790862305 0.6815579474418507 1285
1740790866158 0.7354276069711616 1286
1740790869665 0.22200159387370402 1287
1740790873426 0.7426765687158793 1288
1740790877193 0.732574864643977 1289
1740790881065 0.7587090367961707 1290
1740790884599 0.07436154482897944 1291
1740790888400 0.7500292772790828 1292
1740790892197 0.21935474183493955 1293
1740790895780 0.10073538525052438 1294
1740790899488 0.6801961847497275 1295
1740790903398 0.12677388401548498 1296
1740790908157 0.7063653542153159 1297
1740790912236 0.2161713003472406 1298
1740790915982 0.7450988909313407 1299
1740790919642 0.05154934581985644 1300
1740790923425 0.20581902329584356 1301
1740790927587 0.6206868233080663 1302
1740790931365 0.10615070133996317 1303
1740790935309 0.7731725541798024 1304
1740790939159 0.11238554842252262 1305
1740790943163 0.375046663008358 1306
1740790946849 0.10664783246413112 1307
1740790950339 0.2802849959345259 1308
1740790954113 0.1632638708141762 1309
1740790958016 0.8070298456238558 1310
1740790961853 0.31255185042206324 1311
1740790965501 0.3015538136591974 1312
1740790969274 0.7530474343656286 1313
1740790973079 0.44724415023807057 1314
1740790977008 0.15783920371838697 1315
1740790980560 0.08014369326083039 1316
1740790984247 0.7495805388445982 1317
1740790987961 0.2544316661714856 1318
1740790991554 0.74213448431987 1319
1740790995509 0.12380460333951428 1320
1740790999177 0.5888930775046693 1321
1740791002833 0.7717248682959326 1322
1740791006960 0.19132017454147726 1323
1740791010814 0.13952057574904833 1324
1740791014592 0.25895541105501907 1325
1740791018719 0.16969508912574086 1326
1740791022378 0.03401133300205379 1327
1740791025789 0.07934673868352494 1328
1740791029677 0.09079866639721094 1329
1740791033669 0.36763954835975055 1330
1740791037338 0.7214352428326736 1331
1740791041045 0.1410006760676801 1332
1740791044612 0.044863534615205126 1333
1740791048346 0.12822006108983855 1334
1740791051907 0.7338763380267078 1335
1740791055368 0.6858370873758258 1336
1740791059110 0.5961759558856355 1337
1740791062836 0.12377933336160313 1338
1740791066484 0.5128239372767017 1339
1740791070212 0.2016014563472832 1340
1740791073746 0.7040871019491922 1341
1740791077392 0.6957592372066205 1342
1740791081033 0.30775500249278454 1343
1740791084444 0.22945987414518879 1344
1740791088885 0.21153959214195628 1345
1740791092689 0.18445113805231883 1346
1740791096498 0.6821927388868403 1347
1740791100215 0.7094816584948725 1348
1740791103692 0.0690444432071527 1349
1740791107172 0.06186144338195796 1350
1740791110999 0.2658633926155385 1351
1740791114537 0.2241153474262158 1352
1740791118022 0.7575927116915565 1353
1740791123547 0.4658854783859752 1354
1740791127153 0.04382009308512103 1355
1740791130600 0.667027121373059 1356
1740791134203 0.11242539824991192 1357
1740791137948 0.6551812169088577 1358
1740791141703 0.10912918565140245 1359
1740791145855 0.8093510739304216 1360
1740791149412 0.8175836584724042 1361
1740791151844 0.4631921884633976 1362
1740791155420 0.11467141540627437 1363
1740791158922 0.6399128217344338 1364
1740791162510 0.7525717391189395 1365
1740791166419 0.14534125568918982 1366
1740791169931 0.790346280725047 1367
1740791173476 0.0703891357176668 1368
1740791177100 0.10605037255810729 1369
1740791180726 0.042455738654746236 1370
1740791184234 0.8785295063037133 1371
1740791187823 0.7238990678595204 1372
1740791191550 0.16108914054106382 1373
1740791195045 0.7371969897039418 1374
1740791198548 0.6989336885848545 1375
1740791202240 0.23779883887949868 1376
1740791206061 0.7640098907684879 1377
1740791209751 0.12257183794966885 1378
1740791213578 0.046232150240995536 1379
1740791217268 0.12227216921722857 1380
1740791220812 0.3529497227331364 1381
1740791224231 0.6833915544419743 1382
1740791227810 0.7404326608218368 1383
1740791231504 0.1604806475246555 1384
1740791236409 0.3836485199844881 1385
1740791240485 0.3518000573886485 1386
1740791243992 0.12345304066436859 1387
1740791247601 0.11026699809334295 1388
1740791251384 0.061577927602312454 1389
1740791255333 0.13371005665370886 1390
1740791259459 0.6669382797387844 1391
1740791263282 0.8055691558481558 1392
1740791266877 0.6868037901687333 1393
1740791270409 0.7357424192502482 1394
1740791274134 0.10405243839604862 1395
1740791278051 0.20561968505843947 1396
1740791281530 0.7813376934336647 1397
1740791285416 0.08300430003060542 1398
1740791289191 0.11860561769496718 1399
1740791292743 0.4651223108354953 1400
1740791298128 0.8811600338127509 1401
1740791302075 0.23150860467331025 1402
1740791305857 0.17410275666375288 1403
1740791309689 0.06035314660655838 1404
1740791313226 0.10342207644888561 1405
1740791317256 0.13667912044471936 1406
1740791321480 0.6163606376050288 1407
1740791325020 0.0819086074119806 1408
1740791328722 0.04255167670963386 1409
1740791332542 0.6204925042787852 1410
1740791336430 0.20244610865181886 1411
1740791340188 0.7016772623873169 1412
1740791343679 0.86736141894941 1413
1740791347457 0.6816038725683404 1414
1740791350967 0.7054254444247694 1415
1740791354914 0.2021829875427526 1416
1740791358557 0.16453488491113416 1417
1740791362037 0.5734709662253209 1418
1740791365788 0.2210547292065252 1419
1740791369498 0.7302864812316137 1420
1740791373381 0.23269429435913275 1421
1740791377216 0.15430602777091937 1422
1740791380830 0.7738746994533032 1423
1740791384386 0.10795614852761125 1424
1740791388079 0.14073238393568988 1425
1740791391907 0.1693246210351641 1426
1740791395565 0.2087514612831804 1427
1740791399116 0.8286823368660444 1428
1740791402763 0.8042951823899915 1429
1740791406541 0.3528028534390259 1430
1740791410433 0.1651890638588699 1431
1740791413970 0.8227435706208786 1432
1740791417406 0.7630070789430853 1433
1740791421016 0.6409326510302692 1434
1740791424743 0.742816223421564 1435
1740791428319 0.0974321275860865 1436
1740791431872 0.588545006833439 1437
1740791435462 0.6826175918179963 1438
1740791439140 0.7168716909025279 1439
1740791442700 0.7351772917824241 1440
1740791446233 0.1476725837371871 1441
1740791449731 0.6766059579097734 1442
1740791453585 0.19986901418634306 1443
1740791457256 0.7827217070331421 1444
1740791460823 0.07989453373875793 1445
1740791464547 0.15840513733256803 1446
1740791465656 0.4044990937840407 1447
1740791469457 0.11043788003008266 1448
1740791473034 0.7930117016455062 1449
1740791476651 0.7195592340093832 1450
1740791480284 0.08855908017831643 1451
1740791484649 0.39089413806223433 1452
1740791488179 0.7141352539477692 1453
1740791492043 0.032799438048911896 1454
1740791500664 0.3204561628012582 1455
1740791504367 0.17967079458456603 1456
1740791508159 0.7063092525157664 1457
1740791512149 0.22780353705792578 1458
1740791515833 0.8070285759825323 1459
1740791519548 0.03922857214347696 1460
1740791523244 0.40079096831687283 1461
1740791526974 0.13083566148957662 1462
1740791530844 0.11915335611052187 1463
1740791534441 0.717962585926683 1464
1740791537921 0.7239061059585246 1465
1740791541871 0.20211218252722685 1466
1740791545439 0.21742590051247906 1467
1740791548964 0.8119846477010206 1468
1740791553248 0.7126747963047377 1469
1740791556854 0.7374425865248994 1470
1740791560348 0.6407605076290278 1471
1740791564024 0.7542160386638251 1472
1740791567606 0.624338100473197 1473
1740791571349 0.3293193303507031 1474
1740791575167 0.291362388247724 1475
1740791577363 0.2693888561460208 1476
1740791581157 0.7487842172574736 1477
1740791584697 0.828526201055578 1478
1740791588530 0.2208107993644979 1479
1740791592345 0.15669170884824335 1480
1740791596063 0.6674025784397272 1481
1740791599749 0.1784040095481094 1482
1740791603273 0.7648621063454568 1483
1740791607037 0.3587349198599606 1484
1740791610800 0.14876173048092886 1485
1740791614477 0.060722895431605875 1486
1740791618366 0.6297486082160949 1487
1740791621819 0.6833174393473517 1488
1740791625336 0.7384425545825348 1489
1740791628780 0.5368898134705432 1490
1740791632660 0.6643953387292104 1491
1740791636309 0.08551632656419032 1492
1740791639742 0.8536475969402741 1493
1740791644492 0.6683831324634508 1494
1740791648885 0.4434239271767352 1495
1740791652405 0.782620467588407 1496
1740791656054 0.7396808654697565 1497
1740791659626 0.698163303467567 1498
1740791663377 0.15048875418926236 1499
1740791666897 0.7247659442651632 1500
1740791670870 0.15032815011792475 1501
1740791674468 0.6743606895902589 1502
1740791678022 0.6496371868943257 1503
1740791681761 0.6872848212338073 1504
1740791685430 0.6667733752664827 1505
1740791689095 1.0137352652214515 1506
1740791692877 0.10989285116757178 1507
1740791696654 0.5507670295159395 1508
1740791700241 0.6973614514694085 1509
1740791703972 0.7538821393589106 1510
1740791707748 0.2214014918876126 1511
1740791711321 0.5694968599136867 1512
1740791714892 0.6731900943526026 1513
1740791718690 0.30642983669838797 1514
1740791722346 0.46910103086713834 1515
1740791726653 0.6712312658547995 1516
1740791730274 0.07994293517209748 1517
1740791733982 0.2116449060202475 1518
1740791737691 0.5671000904472515 1519
1740791741261 0.6464685810100836 1520
1740791744947 0.5975046401366864 1521
1740791748798 0.07760911648576152 1522
1740791752560 0.1830834224530664 1523
1740791756430 0.20548688509468271 1524
1740791760356 0.102614890403154 1525
1740791764080 0.8349705440198446 1526
1740791767654 0.7664056981631338 1527
1740791771345 0.6437337074381984 1528
1740791774882 0.6749562017004531 1529
1740791778677 0.4635910191648069 1530
1740791782570 0.20203282462039052 1531
1740791786474 0.7170440495345316 1532
1740791790311 0.11688223907856456 1533
1740791794010 0.038916134312669076 1534
1740791797991 0.10224437274060774 1535
1740791801556 0.709441645266995 1536
1740791805043 0.7795910857078232 1537
1740791808667 0.5633201412917869 1538
1740791812455 0.06605223415917733 1539
1740791816138 0.057213360278235495 1540
1740791819755 0.8261343980209565 1541
1740791823460 0.21404936044255962 1542
1740791827006 0.12370827252198767 1543
1740791830483 0.8272774650301603 1544
1740791833961 0.7757805080126832 1545
1740791837484 0.7031756483463266 1546
1740791841507 0.22294030563138226 1547
1740791845168 0.7294445053023348 1548
1740791850713 0.7655670107577935 1549
1740791854614 0.7306018658270168 1550
1740791858512 0.15836305838067388 1551
1740791862372 0.46791865869662813 1552
1740791866094 0.13453372822093065 1553
1740791869938 0.04037155333455175 1554
1740791873729 0.8067145353814736 1555
1740791877581 0.2120046782081199 1556
1740791881160 0.8476429249095997 1557
1740791884703 0.08939664785332292 1558
1740791888380 0.6603578853498598 1559
1740791889655 0.3465887195914948 1560
1740791893580 0.20332995464729886 1561
1740791897181 0.6108029498301515 1562
1740791900946 0.5944999276904454 1563
1740791904827 0.05025467773868291 1564
1740791908941 0.13285668732252837 1565
1740791912895 0.04446526521686019 1566
1740791916748 0.09997529520140652 1567
1740791920258 0.7638134327209346 1568
1740791923813 0.6767871240127055 1569
1740791927311 0.8121610413594625 1570
1740791930898 0.7511206074307637 1571
1740791931659 0.7232668385466923 1572
1740791935196 0.05603569301123066 1573
1740791938637 0.6390307556845068 1574
1740791942612 0.18062896163330225 1575
1740791946083 0.7305269053117891 1576
1740791949596 0.10571382842837963 1577
1740791953497 0.19727622665638805 1578
1740791957078 0.6133279138164834 1579
1740791960586 0.5177720605168524 1580
1740791964398 0.3599590396757983 1581
1740791968555 0.7711266739385269 1582
1740791972037 0.7402654844094728 1583
1740791975596 0.16935999002110438 1584
1740791979405 0.8073158312375872 1585
1740791983037 0.8266270983331107 1586
1740791986707 0.11037596064369014 1587
1740791990548 0.19155018178154318 1588
1740791994577 0.3577901276625714 1589
1740791995381 0.8021455043729188 1590
1740791999215 0.5832199605673576 1591
1740792003127 0.29770319445307813 1592
1740792007261 0.1780009202604672 1593
1740792011230 0.18490549103670642 1594
1740792015027 0.1463279643324383 1595
1740792018489 0.709795816174895 1596
1740792022179 0.7572038068241658 1597
1740792026011 0.10490511928963839 1598
1740792029907 0.26602966329336486 1599
1740792033550 0.11149057124451602 1600
1740792037106 0.7896523244474737 1601
1740792040781 0.6900022840796828 1602
1740792044292 0.050406396210553435 1603
1740792048204 0.04223028294701324 1604
1740792051707 0.7576632937490266 1605
1740792055487 0.42281013953830743 1606
1740792058945 0.11418088294247458 1607
1740792062578 0.6889644889109436 1608
1740792066316 0.8613624309193118 1609
1740792070084 0.22371404970567585 1610
1740792073495 0.7454211678093863 1611
1740792077011 0.7329020605812916 1612
1740792080518 0.7984171059424299 1613
1740792084315 0.10467164561180216 1614
1740792087940 0.7521816362079805 1615
1740792091986 0.2698475956046964 1616
1740792095776 0.7377128604935131 1617
1740792099714 0.14386002127496073 1618
1740792103523 0.8110864753004694 1619
1740792107489 0.19315824305024637 1620
1740792111465 0.03686464974334036 1621
1740792115583 0.046687538725056515 1622
1740792119077 0.7922837245888359 1623
1740792122792 0.26487385955012305 1624
1740792126399 0.13822983567607638 1625
1740792130279 0.255175817441056 1626
1740792133902 0.6994368979711929 1627
1740792137546 0.06378196896314664 1628
1740792141191 0.7550990694649076 1629
1740792144750 0.11281237423240328 1630
1740792148289 0.7662995379622339 1631
1740792152068 0.2556186475265512 1632
1740792155695 0.0653471241506936 1633
1740792159525 0.13901281458568962 1634
1740792163122 0.5303134470068105 1635
1740792166633 0.10516308278135739 1636
1740792170158 0.15351050560492038 1637
1740792176212 0.208854992420946 1638
1740792179847 0.23587635324185416 1639
1740792183768 0.31139295434692055 1640
1740792187418 0.7373915613415059 1641
1740792190963 0.7727088794152067 1642
1740792194493 0.757703473545168 1643
1740792198783 0.7701104409976431 1644
1740792202708 0.23265566234104892 1645
1740792203948 0.424643159408121 1646
1740792207546 0.706690395406099 1647
1740792211176 0.10102557183008011 1648
1740792214844 0.1719844643036198 1649
1740792218707 0.0817348580680473 1650
1740792222635 0.16625600908244795 1651
1740792226296 0.11741018182642439 1652
1740792229841 0.12368954241923168 1653
1740792233879 0.049779516458083026 1654
1740792237797 0.6975963432087161 1655
1740792241730 0.2783131707786294 1656
1740792245380 0.7958764596214251 1657
1740792249161 0.044222237247240156 1658
1740792252730 0.7034206071793697 1659
1740792256765 0.16402638656416269 1660
1740792260361 0.7639475427899722 1661
1740792264141 0.03719491086450686 1662
1740792267770 0.8392716063299968 1663
1740792271762 0.22809810248243742 1664
1740792275378 0.1870009548869566 1665
1740792279212 0.8485029809878394 1666
1740792282673 0.792707977713488 1667
1740792286704 0.05634911830473841 1668
1740792290436 0.11048121074426541 1669
1740792294013 0.7992661087075997 1670
1740792297637 0.13075403605331265 1671
1740792301170 0.7020392443557529 1672
1740792304959 0.32283252047969596 1673
1740792308546 0.7305534432004605 1674
1740792312186 0.14478792533812695 1675
1740792315793 0.08678135677716399 1676
1740792319306 0.706883901436106 1677
1740792322906 0.8072339443022863 1678
1740792326600 0.1083861263290256 1679
1740792330246 0.8380676145669043 1680
1740792334267 0.1630460329787445 1681
1740792338104 0.05459942678046493 1682
1740792341710 0.648850437960421 1683
1740792345259 0.21635637183182646 1684
1740792349230 0.7072348193176147 1685
1740792352919 0.11722509449575692 1686
1740792356691 0.6993888787424077 1687
1740792360282 0.755298744581062 1688
1740792364449 0.6773385540406126 1689
1740792368304 0.21347225591146488 1690
1740792371974 0.8209352930274321 1691
1740792375467 0.10794009051461904 1692
1740792379285 0.6375496752230895 1693
1740792383280 0.7258301459868673 1694
1740792387032 0.8529344916343125 1695
1740792390821 0.40123619052512216 1696
1740792394652 0.190506408932107 1697
1740792398488 0.10672685516642172 1698
1740792402348 0.10977024099720202 1699
1740792405880 0.7280645762093725 1700
1740792409349 0.111075863963272 1701
1740792413021 0.06394656034533702 1702
1740792416893 0.18086392407488178 1703
1740792420760 0.5986648301197944 1704
1740792424463 0.23474167890339262 1705
1740792428115 0.22501009364549063 1706
1740792431744 0.7096331829854948 1707
1740792435769 0.15174521540346114 1708
1740792439265 0.8031588861787493 1709
1740792443179 0.7174292612466499 1710
1740792446818 0.7457496358340188 1711
1740792450417 0.12942178359084036 1712
1740792454171 0.19169273665560738 1713
1740792457964 0.05868683231225598 1714
1740792461652 0.6036965586773677 1715
1740792465234 0.046434228322661794 1716
1740792468826 0.06567002292583249 1717
1740792472442 0.6726976917676071 1718
1740792475965 0.8348561171657352 1719
1740792479595 0.08812074338480047 1720
1740792483284 0.20602031396149809 1721
1740792486907 0.6069805651695472 1722
1740792490498 0.756101349066154 1723
1740792494266 0.3582330084642471 1724
1740792497909 0.7694737356699545 1725
1740792501336 0.7548381564310875 1726
1740792504872 0.06605952429425342 1727
1740792508356 0.6839556570414739 1728
1740792512433 0.6912968870419409 1729
1740792516228 0.7690114010322759 1730
1740792519734 0.11771598048861116 1731
1740792523365 0.26034708456351924 1732
1740792527145 0.3269622079518601 1733
1740792531239 0.7843341604838605 1734
1740792534838 0.7184482631946356 1735
1740792538386 0.7555328380437111 1736
1740792542125 0.3206514569409463 1737
1740792545709 0.0927251073838268 1738
1740792549892 0.7367505564428325 1739
1740792553395 0.25023981879978374 1740
1740792556933 0.7438141686039335 1741
1740792560579 0.08957932987074821 1742
1740792564291 0.22020060231446625 1743
1740792568022 0.1093317924922227 1744
1740792571506 0.7792933807276081 1745
1740792575092 0.8401004106848845 1746
1740792578789 0.793316122548315 1747
1740792582647 0.10199690071521227 1748
1740792586414 0.7254967193838965 1749
1740792589989 0.7301677712481132 1750
1740792593617 0.6712740935267973 1751
1740792597497 0.3387658694486857 1752
1740792601424 0.19102120155620966 1753
1740792605258 0.042113627416457515 1754
1740792609294 0.7390286439725969 1755
1740792613083 0.38252290533124794 1756
1740792616782 0.7715453926199116 1757
1740792620474 0.17908695725297105 1758
1740792624043 0.770200897876989 1759
1740792627878 0.17474700914233995 1760
1740792631355 0.7858427486950257 1761
1740792634955 0.07583289026212318 1762
1740792638601 0.8174125415616501 1763
1740792642322 0.19497762007625535 1764
1740792646032 0.19678463537506738 1765
1740792649670 0.1920969722486965 1766
1740792653331 0.8487154608448758 1767
1740792656867 0.7805802810211123 1768
1740792660536 0.19253497052835136 1769
1740792664044 0.7631725888455492 1770
1740792667624 0.10586837985495277 1771
1740792671338 0.19989549674898616 1772
1740792675056 0.19475050406018102 1773
1740792678641 0.23771375797551614 1774
1740792679243 0.8227054178426733 1775
1740792683001 0.4092427958507106 1776
1740792686717 0.7987124123855257 1777
1740792690286 0.06272731520538595 1778
1740792693943 0.09993201731700378 1779
1740792697532 0.705706841195531 1780
1740792702778 0.47502421753776203 1781
1740792706244 0.7829673289332613 1782
1740792710200 0.752077579246097 1783
1740792720678 0.248413359175155 1784
1740792724572 0.21171526895729478 1785
1740792728222 0.6896727197678229 1786
1740792732055 0.5754754675704459 1787
1740792740697 0.15986614814158237 1788
1740792744267 0.7551807334303652 1789
1740792747790 0.20839420664339162 1790
1740792751507 0.233695550843974 1791
1740792755002 0.09185636442780512 1792
1740792758600 0.0938524096518851 1793
1740792762214 0.042209904293686845 1794
1740792765735 0.7521239609239054 1795
1740792769274 0.10753669229465629 1796
1740792773635 0.5193886936677106 1797
1740792777489 0.09689719654574346 1798
1740792781126 0.6615018717960501 1799
1740792784876 0.1431201899614836 1800
1740792788787 0.17898710785975247 1801
1740792792416 0.05495679146705663 1802
1740792796042 0.7431640528598752 1803
1740792800217 0.1490658816409101 1804
1740792804076 0.29064414071684164 1805
1740792808042 0.11185149231382376 1806
1740792811678 0.7302171075842311 1807
1740792815816 0.7669310572420922 1808
1740792819436 0.7345775237230602 1809
1740792823367 0.09946847956496505 1810
1740792827428 0.5768384212280481 1811
1740792831133 0.1457865935412689 1812
1740792835032 0.5499893185105811 1813
1740792840683 0.5842272542023891 1814
1740792845942 0.7060205665022771 1815
1740792849781 0.7224629614270538 1816
1740792853456 0.8404152772582517 1817
1740792857548 0.18824267674019152 1818
1740792861106 0.6224292269443675 1819
1740792861660 1.090912025919825 1820
1740792865593 0.2746961430037246 1821
1740792869102 0.7966765829537177 1822
1740792872731 0.7989324219120038 1823
1740792876352 0.03555132238695308 1824
1740792880074 0.11295564065873441 1825
1740792883699 0.13717512795064807 1826
1740792887468 0.2862671094000123 1827
1740792891107 0.26517689019034285 1828
1740792895047 0.2077331623263343 1829
1740792898550 0.7937933556948658 1830
1740792902912 0.7950419725710707 1831
1740792906819 0.1563810928835922 1832
1740792910497 0.6920206186381987 1833
1740792914083 0.10271240367769569 1834
1740792917897 0.8276525478514047 1835
1740792921570 0.0957147870353744 1836
1740792925272 0.7504030319190136 1837
1740792928799 0.8006216583564365 1838
1740792932505 0.1989446912355899 1839
1740792936148 0.7543850478635599 1840
1740792940207 0.5736575228978967 1841
1740792943876 0.7127522384916288 1842
1740792947710 0.10020766146563426 1843
1740792951240 0.07923106888108243 1844
1740792954856 0.7590924191108553 1845
1740792958703 0.4416526797327912 1846
1740792962412 0.04175272769387784 1847
1740792966183 0.18915824429438804 1848
1740792970000 0.1752109407758918 1849
1740792973487 0.824523464151596 1850
1740792977038 0.08943572430559792 1851
1740792980606 0.7353096153471752 1852
1740792984171 0.15296347877387473 1853
1740792987909 0.057843739114015955 1854
1740792991549 0.801181562135364 1855
1740792995421 0.16755360621236576 1856
1740792999388 0.18408823996308743 1857
1740793003188 0.29760184807029183 1858
1740793006818 0.8680531472808726 1859
1740793010422 0.7255679277502329 1860
1740793013891 0.8102744875267615 1861
1740793017514 0.20720880858981858 1862
1740793020936 0.05309529081711285 1863
1740793024435 0.05922112700496042 1864
1740793028053 0.2268488283321532 1865
1740793031832 0.6536609581647487 1866
1740793035509 0.2432982739000853 1867
1740793039029 0.793313130986639 1868
1740793042717 0.19001534921655344 1869
1740793046420 0.12246055862900955 1870
1740793050146 0.7457386601719759 1871
1740793053793 0.7566671747429092 1872
1740793057414 0.11414701609219594 1873
1740793060964 0.7436125462596194 1874
1740793064624 0.0662875959507446 1875
1740793068122 0.807272912735562 1876
1740793071630 0.6569261657385508 1877
1740793075295 0.11619294505111402 1878
1740793078918 0.7606273343025566 1879
1740793082690 0.18314481548209943 1880
1740793086265 0.061615341741431316 1881
1740793089863 0.7776798276808905 1882
1740793093499 0.10337917425746293 1883
1740793097300 0.25998426559626486 1884
1740793100992 0.7080047990287451 1885
1740793104686 0.7362449502486867 1886
1740793108775 0.17916540839645337 1887
1740793112789 0.1956498727685928 1888
1740793116308 0.7594844857486089 1889
1740793120132 0.7652275221051198 1890
1740793125237 0.865320193738129 1891
1740793129127 0.208613632158878 1892
1740793133018 0.09383560750663598 1893
1740793136657 0.8084677719597719 1894
1740793140979 0.6380329403598268 1895
1740793151129 0.1980317832964083 1896
1740793154800 0.7933432103628124 1897
1740793158407 0.20101835393779702 1898
1740793162335 0.6062719569166608 1899
1740793165891 0.753174382223259 1900
1740793170010 0.7759446787149397 1901
1740793173664 0.18405776951113592 1902
1740793177360 0.09689718295993076 1903
1740793181072 0.036430772551514466 1904
1740793184603 0.14277548087038439 1905
1740793188147 0.7677174670272717 1906
1740793191861 0.2579319115444278 1907
1740793195741 0.10197443945438035 1908
1740793199429 0.21637682261920055 1909
1740793203124 0.8328033559419507 1910
1740793207026 0.7022474929117279 1911
1740793210670 0.7297078251472862 1912
1740793214326 0.11736600281143143 1913
1740793218292 0.16309163523410994 1914
1740793221849 0.6868749015487221 1915
1740793225948 0.7854311963098262 1916
1740793229749 0.1139918478252569 1917
1740793233309 0.09621994371542417 1918
1740793236889 0.5360107695803995 1919
1740793240516 0.05749260176441472 1920
1740793244026 0.7763300510862627 1921
1740793248443 0.714870066668331 1922
1740793252104 0.26203352106899086 1923
1740793256169 0.7227962163942695 1924
1740793259895 0.6544109956830773 1925
1740793263493 0.7743885421035777 1926
1740793267041 0.758636879722068 1927
1740793270850 0.2097568529120196 1928
1740793275641 0.7443879063325701 1929
1740793279166 0.7200230137411313 1930
1740793282730 0.7181025876269855 1931
1740793286449 0.2405918014139484 1932
1740793290152 0.6048611753824115 1933
1740793293653 0.6360563399481473 1934
1740793297202 0.10204060284510119 1935
1740793300677 0.6663364957000454 1936
1740793304505 0.22757394611818288 1937
1740793307890 0.3612298273068544 1938
1740793311419 0.8028460023994028 1939
1740793315388 0.18100113274227916 1940
1740793319066 0.6542413053756796 1941
1740793323365 0.6271886897051638 1942
1740793326963 0.8108790780651206 1943
1740793330532 0.23202034376295277 1944
1740793334111 0.10960188704384997 1945
1740793339554 0.543947222429497 1946
1740793343349 0.7315830329711628 1947
1740793346879 0.7686555492050582 1948
1740793350357 0.10739614485088424 1949
1740793354067 0.11933997436556354 1950
1740793357578 0.6595116533226184 1951
1740793361422 0.1771219038095576 1952
1740793364976 0.11685353674381613 1953
1740793368735 0.22670230639595432 1954
1740793374524 0.7469734088792843 1955
1740793377971 0.11196387895639026 1956
1740793381598 0.7128219677913534 1957
1740793385540 0.22062827356110856 1958
1740793388982 0.8369530200064496 1959
1740793392524 0.7735846846734605 1960
1740793396096 0.1407065797745617 1961
1740793399742 0.08435901244641604 1962
1740793403430 0.6573478980370483 1963
1740793407117 0.07147281933260245 1964
1740793411094 0.20807637624808006 1965
1740793414750 0.8407654677801786 1966
1740793418482 0.2090772403270952 1967
1740793422223 0.3533903655978943 1968
1740793425715 0.6622540818157219 1969
1740793429198 0.6962330761946458 1970
1740793432768 0.584390661298851 1971
1740793436334 0.11425090746187325 1972
1740793439874 0.3221434727120739 1973
1740793443340 0.055549752266062916 1974
1740793447061 0.14192114198873892 1975
1740793450792 0.724145873896978 1976
1740793454874 0.8133348085010174 1977
1740793458567 0.6019100563658575 1978
1740793462129 0.645197521509975 1979
1740793465938 0.6631156470300642 1980
1740793469675 0.1341702227049254 1981
1740793473573 0.2449728631182969 1982
1740793477222 0.7479630185536627 1983
1740793480833 0.7620480818816782 1984
1740793484525 0.1350289552905049 1985
1740793488204 0.7452594079197518 1986
1740793491998 0.1218092918823014 1987
1740793495601 0.6812045446331088 1988
1740793499482 0.20024496922470061 1989
1740793503348 0.17786714397221523 1990
1740793506978 0.7215547673792693 1991
1740793510780 0.7679272196204455 1992
1740793514520 0.15255489679032636 1993
1740793518092 0.7033170426504546 1994
1740793521828 0.24319015014676137 1995
1740793525453 0.7586566862080838 1996
1740793529312 0.29617524248787336 1997
1740793533105 0.2076378485638485 1998
1740793536829 0.7787059341592341 1999
