1740786114067 6.542408672626348 0
1740786117940 5.80539336553931 1
1740786121817 23.556345415458914 2
1740786125748 9.094123402775773 3
1740786129393 9.848420812954457 4
1740786132996 14.76769800910892 5
1740786136736 6.458527084277542 6
1740786140158 10.143536156795143 7
1740786143913 8.051412359674796 8
1740786147751 7.769663134633402 9
1740786151552 5.351240708713591 10
1740786155287 6.704217613812025 11
1740786159069 5.998353107570304 12
1740786162881 22.082400231513986 13
1740786166665 5.415406576744566 14
1740786170386 4.231507859125106 15
1740786174083 5.3888412136787975 16
1740786177643 6.454908817959605 17
1740786181405 8.833284632134228 18
1740786185021 6.599358958132375 19
1740786188761 4.474125492125081 20
1740786192595 10.106640498275432 21
1740786196355 15.883912888709705 22
1740786200236 9.82237410001081 23
1740786204014 17.211194715278673 24
1740786207731 15.243178597030377 25
1740786211621 8.197120399107057 26
1740786215558 9.023800842911225 27
1740786219394 15.050969408597135 28
1740786223053 14.761120112603294 29
1740786226901 12.009588685523367 30
1740786230812 9.509784894046815 31
1740786234453 6.289245381883725 32
1740786238008 7.9986780801649315 33
1740786241757 7.314833044390495 34
1740786245495 7.3708437370798405 35
1740786249084 10.847107447410037 36
1740786252789 5.739928860796143 37
1740786256446 8.835866344822499 38
1740786260097 11.295924885943895 39
1740786263620 9.553805665520523 40
1740786267130 8.744587707814963 41
1740786270689 6.156638619397772 42
1740786274046 8.100289354179676 43
1740786277593 4.74396469375643 44
1740786281012 7.624293966892953 45
1740786284573 5.936450264974976 46
1740786288206 12.118958837748535 47
1740786291718 11.252952719868157 48
1740786295477 11.60437735153453 49
1740786298987 14.29708328831504 50
1740786302614 18.39275789274939 51
1740786306187 7.738039813444225 52
1740786309604 4.56314824722983 53
1740786313019 7.954957723851498 54
1740786316593 5.738167754954536 55
1740786320094 7.32179095040599 56
1740786323726 5.33582845703091 57
1740786327306 11.332871031204373 58
1740786330839 11.02588697938548 59
1740786334254 9.227504970110571 60
1740786337693 13.679322921050913 61
1740786341160 6.429525020890182 62
1740786344509 8.832397701927672 63
1740786348051 14.195497885366441 64
1740786351499 20.207627152459644 65
1740786354875 5.462798682323063 66
1740786358395 11.278953991312056 67
1740786361938 15.432423041879082 68
1740786365480 10.060830523537323 69
1740786369076 6.759193153863484 70
1740786372738 19.9576335554083 71
1740786376250 8.740254585594004 72
1740786379760 4.826211796518334 73
1740786383255 9.184274121910631 74
1740786386761 16.331667454439142 75
1740786390374 5.626714309122487 76
1740786393964 6.647384839518979 77
1740786397308 9.911822988058132 78
1740786400896 8.389052634426255 79
1740786404410 9.644086959520324 80
1740786407729 10.372448896180252 81
1740786411341 5.745717223483965 82
1740786414773 4.863039371762614 83
1740786418125 9.338843972937548 84
1740786421713 6.6068846373546055 85
1740786425257 8.155401511851226 86
1740786428630 9.439969921497944 87
1740786432216 21.963712782319757 88
1740786435788 11.47832011966844 89
1740786439411 12.250413762961893 90
1740786443053 18.69372090563238 91
1740786446417 19.899817663142535 92
1740786449791 6.812727894521934 93
1740786453728 12.92850805201582 94
1740786457265 8.25430150138819 95
1740786460637 10.508169597108482 96
1740786464339 11.33833649761606 97
1740786467913 4.499212286469975 98
1740786471443 6.429231610169092 99
1740786475092 8.423435837772992 100
1740786478525 4.9452321005344935 101
1740786482092 11.527686685334977 102
1740786485690 14.37460929419183 103
1740786489155 7.062099238486656 104
1740786492537 10.513485842538323 105
1740786495960 7.186329243167655 106
1740786499686 8.238529768700944 107
1740786503270 8.677782359945468 108
1740786506847 11.226138986500507 109
1740786510241 14.028293453195449 110
1740786513800 15.784260037414734 111
1740786517536 14.72158042844381 112
1740786521262 9.659698890657463 113
1740786524997 12.663548093017045 114
1740786528738 10.503777631186297 115
1740786532177 15.048473498373077 116
1740786535937 17.723826990991256 117
1740786539344 10.923512554186868 118
1740786543062 14.169087122445482 119
1740786546617 7.1364494746569065 120
1740786550197 5.365062448304403 121
1740786553589 8.02276357796869 122
1740786557219 11.634885322415888 123
1740786560687 16.765195665024358 124
1740786564370 8.319507351243887 125
1740786567748 6.623168415197665 126
1740786571354 8.571118253936923 127
1740786574760 18.21376636488439 128
1740786578270 10.091139163691386 129
1740786581627 8.336916824218271 130
1740786585372 15.919405649575255 131
1740786588858 12.213423368932364 132
1740786592273 12.28175911599768 133
1740786595824 8.841094738132293 134
1740786599257 11.390119186921659 135
1740786602684 7.5280220591767 136
1740786606239 6.87112219992001 137
1740786609882 9.917757470403439 138
1740786613441 8.288087311179162 139
1740786617286 15.633202736380781 140
1740786620745 10.872590862809844 141
1740786624266 19.021515190752723 142
1740786627755 7.872859921409243 143
1740786631424 14.967256159125473 144
1740786635108 9.49378713569191 145
1740786638830 27.618027983684545 146
1740786642365 9.248871590478286 147
1740786646024 5.974965345169043 148
1740786649616 4.716119764998293 149
1740786653311 16.86542776272538 150
1740786657061 6.959669392000623 151
1740786660594 11.722488279655924 152
1740786664275 8.540365047643625 153
1740786667879 7.987131626318645 154
1740786671539 6.533011907524393 155
1740786675143 9.634493188372806 156
1740786678939 7.379523466517285 157
1740786682389 10.006396594848 158
1740786685941 5.954797549965722 159
1740786689302 21.09886462765 160
1740786692769 10.54329897206847 161
1740786696205 10.486402681336898 162
1740786699865 12.400527693907755 163
1740786703473 11.18341577133078 164
1740786707014 18.440881012970316 165
1740786710573 8.69466426377675 166
1740786714113 14.402239963694873 167
1740786717588 8.062871000614876 168
1740786721126 8.195995329353565 169
1740786724645 15.108454291126298 170
1740786728042 9.003109037658918 171
1740786731520 10.00868287082535 172
1740786734981 14.971959593330952 173
1740786738459 16.162240922817332 174
1740786742115 15.071131431067874 175
1740786745847 9.662901580509757 176
1740786749438 13.355518470495886 177
1740786753267 9.078936224493242 178
1740786756671 8.100939960495372 179
1740786760210 12.50051001039991 180
1740786764120 11.4999842015732 181
1740786767831 15.375836223250916 182
1740786771316 12.441222638640491 183
1740786774785 14.21358628966092 184
1740786778406 11.208619924279189 185
1740786781900 16.911128052806237 186
1740786785396 8.646173318091144 187
1740786788892 12.239001962262424 188
1740786792420 12.404821252989258 189
1740786795948 8.69413465170054 190
1740786799438 11.364644156204214 191
1740786803068 5.744883545745755 192
1740786806847 8.793447013600645 193
1740786810768 14.890446812880503 194
1740786814530 8.882984311172825 195
1740786818134 9.118105546109623 196
1740786821713 12.59308961735754 197
1740786825169 16.183684191903648 198
1740786828672 9.035906210190522 199
1740786832301 9.800159809094382 200
1740786835832 10.118085886573862 201
1740786839520 9.94015531617876 202
1740786843216 10.505118908341618 203
1740786846705 7.104822861689315 204
1740786850412 12.313846028248816 205
1740786854512 11.800870189944245 206
1740786858141 8.955098262589825 207
1740786862000 27.21001697198512 208
1740786865777 17.433420757317677 209
1740786869241 9.362689819568725 210
1740786873795 34.364244109077795 211
1740786880015 28.933317220632215 212
1740786883483 6.602241018581247 213
1740786887121 10.99637321543424 214
1740786890710 17.20946548787417 215
1740786894455 8.715624661732969 216
1740786897913 8.079724337422322 217
1740786901381 55.95211807149349 218
1740786904919 19.30250980392472 219
1740786908445 33.48934385870559 220
1740786911912 8.83689762581744 221
1740786915431 14.176582344408171 222
1740786918975 12.970221601319379 223
1740786922677 10.889605457086109 224
1740786926174 10.68787645715526 225
1740786929583 10.313665194630548 226
1740786933345 24.058817280996035 227
1740786936729 7.490193721170084 228
1740786940172 6.660311110789111 229
1740786943727 12.382413163561695 230
1740786947637 12.164047601463391 231
1740786951495 14.784777687326129 232
1740786955249 10.553277312679441 233
1740786958947 12.900125432027824 234
1740786962531 9.648629340496411 235
1740786966091 4.947600398251218 236
1740786970044 6.719687286780746 237
1740786973815 12.616770471472972 238
1740786977548 19.364592483634954 239
1740786981253 12.998584629929708 240
1740786984714 12.32589367437422 241
1740786988295 21.058607919526175 242
1740786991876 10.525779409719647 243
1740786995627 14.558100874430956 244
1740786999213 11.727058563546823 245
1740787002993 18.056334101100145 246
1740787006454 10.799716697565886 247
1740787009922 14.692255426426774 248
1740787013393 11.663644725991425 249
1740787017142 6.791343423903006 250
1740787020725 15.4346038360377 251
1740787024514 43.94417121547589 252
1740787027914 4.579938468486828 253
1740787031509 41.6553544905983 254
1740787035159 9.369573586812676 255
1740787038967 16.340427140694647 256
1740787042453 13.203534370270463 257
1740787046181 12.654480166015391 258
1740787049877 12.725796103470863 259
1740787053559 30.93072788259862 260
1740787056935 9.578673542105292 261
1740787060757 27.394814262953084 262
1740787064368 12.62672751315966 263
1740787067926 17.415443156866836 264
1740787071527 19.93937683188091 265
1740787075043 16.334204313724694 266
1740787078572 12.389118246365332 267
1740787082283 18.37517628612645 268
1740787085931 20.594526121532176 269
1740787089623 12.410319975054602 270
1740787093306 13.653469485968099 271
1740787096800 10.620587171212852 272
1740787100913 42.258331662603915 273
1740787104372 14.563074347694368 274
1740787108271 10.393258843773788 275
1740787111801 9.16206751535217 276
1740787115445 11.532693192247281 277
1740787119081 14.695113026724702 278
1740787122883 15.015825334059649 279
1740787126538 16.801373972057508 280
1740787130215 11.105303427339678 281
1740787133964 8.510711165703578 282
1740787137461 9.869768980025276 283
1740787141039 13.687390342696112 284
1740787144697 25.974479073122144 285
1740787148332 10.602364196452509 286
1740787151925 10.770956491571399 287
1740787155577 8.338563243551523 288
1740787159033 10.424433013669981 289
1740787162716 11.732343953108565 290
1740787166346 6.4251401828344585 291
1740787169920 12.653019959077747 292
1740787173575 10.315636086529421 293
1740787177116 8.321538098111882 294
1740787180510 22.98183639911089 295
1740787184112 11.677984329092114 296
1740787187704 24.84482712823901 297
1740787191530 9.205327201244016 298
1740787194972 12.181950828597046 299
1740787198543 12.028231908175814 300
1740787202077 8.627953515508528 301
1740787205596 8.40961955176919 302
1740787209144 4.74439659031543 303
1740787212776 30.727855123351866 304
1740787216615 19.879790492485537 305
1740787220396 10.604874252012708 306
1740787224072 24.91218751860429 307
1740787227552 10.183255913054143 308
1740787231185 12.853628463581193 309
1740787234741 14.263460732938203 310
1740787238294 24.611218958035156 311
1740787241825 13.794878196855052 312
1740787245214 5.515962619892416 313
1740787248641 6.593605089357679 314
1740787252146 35.020390024318715 315
1740787255753 9.355326731468013 316
1740787259352 27.870686417164478 317
1740787262918 20.820015125291924 318
1740787266426 53.87073198460895 319
1740787269941 11.069993098007053 320
1740787273646 12.82897710175536 321
1740787277301 14.902870995584871 322
1740787280655 4.407028380902455 323
1740787284312 11.600892243852153 324
1740787288189 13.671929024364282 325
1740787291808 10.016400946393244 326
1740787295305 9.014832003115506 327
1740787298868 10.011112144393955 328
1740787302372 14.27421388668413 329
1740787306031 16.197446496274452 330
1740787310034 15.636682773041628 331
1740787313601 13.767068828928343 332
1740787317281 12.626772544494576 333
1740787320918 9.057461797178808 334
1740787324752 13.628043563616753 335
1740787328240 3.746809468595999 336
1740787331863 14.664931440649504 337
1740787335609 18.026139788121693 338
1740787339123 13.892730193973211 339
1740787344873 24.77610486259095 340
1740787348456 13.788285321887376 341
1740787352183 13.999439301961464 342
1740787355914 14.615458845504309 343
1740787359644 24.326747307465272 344
1740787363224 13.195451143915495 345
1740787366866 12.099526957822693 346
1740787370592 12.28867357127258 347
1740787374308 11.676098892067523 348
1740787377987 10.840844595080224 349
1740787381668 13.655130051810415 350
1740787385230 7.417185246986673 351
1740787388771 14.350624329459322 352
1740787392192 7.331896604266689 353
1740787395658 10.377278172387166 354
1740787399208 6.221460900126646 355
1740787403040 10.183253127652891 356
1740787406748 22.383646610260048 357
1740787410615 11.294970125496897 358
1740787414644 4.5647015413344745 359
1740787418307 12.172289437635795 360
1740787422161 9.6911215870319 361
1740787425904 39.32655724041215 362
1740787429766 28.865764924458716 363
1740787433317 11.273394688930793 364
1740787436752 11.878735066427929 365
1740787440484 9.726875573672743 366
1740787444100 13.851214023432776 367
1740787447890 10.718104388450625 368
1740787451433 10.300779533796407 369
1740787455136 28.347881316077633 370
1740787458919 17.921265646985926 371
1740787462655 18.512581933591093 372
1740787466229 19.148192833045844 373
1740787470061 11.289042602651683 374
1740787473647 25.544319746259365 375
1740787477084 10.25326890226191 376
1740787480452 13.80142368615638 377
1740787484075 19.627165362838486 378
1740787487879 12.19039120483502 379
1740787491416 20.955345111298964 380
1740787495203 10.638174052372191 381
1740787498919 10.112883047439313 382
1740787502408 26.724130011491845 383
1740787505923 10.559857357362482 384
1740787509452 26.586632449583323 385
1740787513050 28.173117021196436 386
1740787516937 8.852677370558565 387
1740787520738 22.61996903389277 388
1740787524155 36.449379082300446 389
1740787528114 25.953633838611072 390
1740787531665 29.784203335845483 391
1740787535231 7.65149783032769 392
1740787538945 10.230330646218283 393
1740787542641 7.845535205092331 394
1740787546474 29.55708759360431 395
1740787547025 1.0307233857596154 396
1740787550721 15.653511967176216 397
1740787554345 10.883880112620544 398
1740787558323 10.967041255510347 399
1740787562167 30.69449650576193 400
1740787565920 12.512550117243746 401
1740787569421 10.198465346377413 402
1740787573101 16.82417649116308 403
1740787576942 16.54435090403193 404
1740787580480 9.4344238195212 405
1740787584155 19.130636097174964 406
1740787587662 7.911120486401877 407
1740787591133 7.407896176394862 408
1740787592223 5.542210464251482 409
1740787595624 46.435163736169365 410
1740787599184 17.705474480083492 411
1740787602815 47.16242531758152 412
1740787606341 12.516903940827346 413
1740787613498 80.64106602468684 414
1740787617345 56.265314168688846 415
1740787620914 3.5562504325800695 416
1740787626621 35.48460669668849 417
1740787630246 27.53032983740391 418
1740787633959 18.314634354626154 419
1740787637755 11.932614775475448 420
1740787641415 3.607617448932118 421
1740787644891 34.920503131297814 422
1740787648531 12.928076053551363 423
1740787652228 57.395174701946104 424
1740787655849 58.31294513177764 425
1740787659372 9.96780233370847 426
1740787662971 14.016158166055993 427
1740787667351 17.496583391053225 428
1740787671196 7.800236048478933 429
1740787674993 35.44481377442692 430
1740787678778 11.368360270152369 431
1740787682449 5.928348153956731 432
1740787686127 9.774080199057005 433
1740787689745 9.652860690809975 434
1740787693434 11.319213955953577 435
1740787697081 15.883273909118682 436
1740787700702 22.07101469592772 437
1740787704508 8.31304989328488 438
1740787708047 9.511030223814632 439
1740787711544 7.157172552820975 440
1740787715151 9.497638350486065 441
1740787718910 7.159191354547714 442
1740787722572 11.002841455335846 443
1740787726424 22.976621103102154 444
1740787730237 9.769468443522308 445
1740787733860 9.161145912700368 446
1740787737458 21.581159118991 447
1740787741060 6.5832476003426255 448
1740787744894 13.624043624576368 449
1740787748266 56.21179466519931 450
1740787751963 55.49823365230224 451
1740787755513 21.875504172921687 452
1740787759096 21.379609584753023 453
1740787762734 16.19807401143699 454
1740787766438 16.777178316608875 455
1740787769971 11.574044081944823 456
1740787773593 10.110562269478509 457
1740787777174 13.891619188731712 458
1740787780717 8.861776248573491 459
1740787784410 7.965234634196897 460
1740787788055 28.603355429464553 461
1740787791853 28.940690414366887 462
1740787795643 6.646082485383831 463
1740787799392 12.501352507190713 464
1740787802920 12.168453962054429 465
1740787806601 21.288701257886938 466
1740787810357 18.788862091508154 467
1740787814097 48.34611932245311 468
1740787817823 20.955930160165874 469
1740787821458 10.515666137777696 470
1740787825304 12.537316111285264 471
1740787829077 49.96460289088168 472
1740787832938 10.43563129957405 473
1740787836616 18.49052149406804 474
1740787840194 41.05335749946944 475
1740787843774 35.16985783393078 476
1740787847612 10.153198881343723 477
1740787851185 12.436423721689614 478
1740787854823 21.408894909330662 479
1740787858465 9.171163923921796 480
1740787862061 16.787717543183994 481
1740787865632 56.70177867075098 482
1740787869134 8.533180082505856 483
1740787872589 6.830560878511445 484
1740787876198 7.234902132662959 485
1740787876883 3.1984300572930997 486
1740787880549 9.999701974161534 487
1740787884156 47.850599867922554 488
1740787887720 12.422086931964223 489
1740787893492 60.12262387710222 490
1740787897059 10.133320129533356 491
1740787900701 10.756091570151893 492
1740787904329 11.000344421515788 493
1740787907864 11.97265746544001 494
1740787911243 12.040081615609793 495
1740787914651 4.347806209569722 496
1740787918273 4.004101330724673 497
1740787921809 66.46560469842865 498
1740787925518 20.268608155657816 499
1740787929123 51.59426697428637 500
1740787932877 34.95263240532563 501
1740787936610 52.89695487121282 502
1740787940292 40.17758798490311 503
1740787943863 6.7636734280521145 504
1740787947503 8.187846898270323 505
1740787951093 6.702723065047623 506
1740787954754 51.47767457972919 507
1740787958439 9.061064145907244 508
1740787961887 11.575012894385008 509
1740787965369 25.904170257012165 510
1740787969021 34.60204393024777 511
1740787972618 24.147149124997355 512
1740787976347 18.16254711399363 513
1740787980014 52.10217254336147 514
1740787983603 14.314501078413187 515
1740787987181 19.814559947388183 516
1740787990852 61.143344242085995 517
1740787994552 59.869022878152734 518
1740787998179 5.1853574179228135 519
1740788001709 51.02057322578734 520
1740788005257 41.24915180286446 521
1740788009012 11.47156793238576 522
1740788012580 12.089435669546711 523
1740788016249 63.06807813272177 524
1740788019763 20.48153515944431 525
1740788023343 16.844326423097115 526
1740788027098 25.38216563719847 527
1740788031007 49.55007424413218 528
1740788034491 11.990408400762925 529
1740788038248 12.440910057274023 530
1740788041789 7.734927041963238 531
1740788045193 26.768633223118407 532
1740788048913 65.39411202547264 533
1740788052401 14.536645309235736 534
1740788055987 59.76312534558926 535
1740788059556 12.216416256557913 536
1740788063156 19.170734887823404 537
1740788066482 17.091168037550833 538
1740788070222 46.11318334816929 539
1740788074049 15.673603112616389 540
1740788077991 21.187173952452362 541
1740788081483 5.615096766109262 542
1740788085491 18.480961773208733 543
1740788088951 17.593440949411487 544
1740788092575 8.670526478235955 545
1740788096201 59.100430669074136 546
1740788099842 20.77894796287362 547
1740788103414 24.91760294848214 548
1740788107158 47.6432905112328 549
1740788110831 25.023696370835737 550
1740788114398 65.97319591080942 551
1740788118195 13.59652947787415 552
1740788121776 13.760167522716731 553
1740788125407 4.35876630035842 554
1740788129064 10.818169498062144 555
1740788132514 10.887076035800058 556
1740788133486 6.382221673720605 557
1740788137218 13.133456743682158 558
1740788140992 42.97365780342576 559
1740788144683 13.305377871629785 560
1740788148645 20.739311553842672 561
1740788152355 18.262983417253768 562
1740788156104 21.008613906272533 563
1740788159865 11.25678403083202 564
1740788163361 16.737028899204596 565
1740788166859 35.37804851534132 566
1740788170483 22.49917688504761 567
1740788174378 19.323154586076686 568
1740788178095 50.44539529916572 569
1740788181730 16.159923594472286 570
1740788185310 14.125291046899882 571
1740788188889 11.94953575452498 572
1740788192488 59.88922526624922 573
1740788196130 6.012012115091989 574
1740788199674 15.17784135060383 575
1740788203196 33.81020524217224 576
1740788206799 11.249480656924447 577
1740788210472 15.589069775576778 578
1740788214038 59.395774560320355 579
1740788217676 9.990736886519729 580
1740788221507 59.840282622475186 581
1740788225492 42.96804607931031 582
1740788229321 59.07410144902242 583
1740788232911 17.481734019826145 584
1740788236488 12.17270005048673 585
1740788240587 12.965095049978633 586
1740788243966 12.617881349820829 587
1740788247589 10.895170329210048 588
1740788251000 11.421077229420472 589
1740788254593 72.1422516371174 590
1740788258227 64.41315863422753 591
1740788262003 13.561570377064657 592
1740788265732 10.983168839837134 593
1740788269369 5.313699277388641 594
1740788273080 57.251577603364815 595
1740788276570 35.65950556958139 596
1740788280278 64.31864106000675 597
1740788284111 51.72985149281376 598
1740788287999 10.00509020443149 599
1740788291706 17.9784516732115 600
1740788295211 54.39211026772067 601
1740788298867 9.628144488166653 602
1740788302460 11.70835452407891 603
1740788306144 38.00152711996858 604
1740788310272 65.28265291534078 605
1740788314137 18.88492687301296 606
1740788318047 54.457956937265 607
1740788321651 51.35818173574353 608
1740788325215 19.016620967081558 609
1740788328819 32.75863029197277 610
1740788332532 74.72247166390602 611
1740788335973 9.370170437629522 612
1740788340053 13.229739123447239 613
1740788343982 68.14965193822717 614
1740788347368 50.69938835879444 615
1740788350945 13.123024861904417 616
1740788354535 63.35018184578412 617
1740788358258 10.518297652568505 618
1740788361719 30.393973242144686 619
1740788365235 7.690674443812536 620
1740788368771 9.525691375373865 621
1740788372386 63.675426333559976 622
1740788375995 53.939511101820074 623
1740788379650 10.070312574897846 624
1740788382987 11.567801899045211 625
1740788386777 12.753019307562633 626
1740788390203 17.120848256075874 627
1740788393941 17.704724542674757 628
1740788397565 18.02161693472749 629
1740788401252 20.257018747703516 630
1740788404934 10.870854078845095 631
1740788408737 19.099232854113886 632
1740788412896 68.18365408983212 633
1740788416931 14.89441189352698 634
1740788420516 10.56140779767361 635
1740788424203 66.94835541113393 636
1740788427680 7.013679526588433 637
1740788431481 69.31932776212822 638
1740788435347 45.234588242264834 639
1740788439261 27.48743393911856 640
1740788449159 18.611236223647495 641
1740788452790 26.498424730831115 642
1740788456336 30.31644553782837 643
1740788460012 18.480777789271876 644
1740788463952 14.738181151866492 645
1740788467752 16.123778357059084 646
1740788471564 53.68880327339189 647
1740788475229 12.692787909406086 648
1740788479017 47.99265739619004 649
1740788482938 59.57976827040333 650
1740788486795 18.922864185341922 651
1740788490259 54.21236969517555 652
1740788494007 19.343499938103072 653
1740788497643 5.787602751784282 654
1740788501663 53.22158867715571 655
1740788505623 22.38916847291392 656
1740788509094 9.998832380777284 657
1740788512613 11.380417807674458 658
1740788516797 73.9157117172325 659
1740788520545 11.408977020941006 660
1740788524660 25.581302899794494 661
1740788528167 31.69503222415562 662
1740788532075 47.69449378882879 663
1740788535978 57.22565235856652 664
1740788539920 14.622167022024323 665
1740788544402 11.286063804516209 666
1740788548067 10.391520692734915 667
1740788551533 27.661559949804737 668
1740788555201 17.602092019165244 669
1740788558892 64.87350402460957 670
1740788562415 11.367945887393883 671
1740788566244 17.131478387125167 672
1740788570110 31.83431754201045 673
1740788574017 16.936089716697207 674
1740788577646 11.576842218695049 675
1740788581224 12.103508597297704 676
1740788585040 20.696157769168074 677
1740788589120 42.869775886533006 678
1740788593044 27.457682200652467 679
1740788596774 33.65166848232291 680
1740788600531 57.89670137474658 681
1740788604210 55.120966104838615 682
1740788607851 27.80122682640957 683
1740788611362 9.990868362017276 684
1740788615119 62.49587404398937 685
1740788618901 57.949109727175006 686
1740788622584 14.364206942895716 687
1740788626222 10.942403167423814 688
1740788629829 65.52819699925993 689
1740788633833 18.425091638101527 690
1740788637472 52.87981677807182 691
1740788641248 64.61492743307558 692
1740788644928 55.157333226821166 693
1740788648536 44.48262091725197 694
1740788652297 4.552678725618369 695
1740788655953 54.46101996533123 696
1740788659721 19.324721406711838 697
1740788663614 67.06952774449397 698
1740788670549 16.692695370804813 699
1740788674365 22.235613269792196 700
1740788677903 71.56390697773081 701
1740788681622 36.692281293921816 702
1740788685178 27.51300260800355 703
1740788689095 19.84129443365966 704
1740788693079 15.803502633549705 705
1740788696628 10.14026803820152 706
1740788700375 12.330310169348332 707
1740788703946 65.58084093386483 708
1740788707574 62.95606847604533 709
1740788711018 11.466010481785208 710
1740788714718 10.12246478803449 711
1740788718221 5.170103066971611 712
1740788722049 55.564966588500354 713
1740788725858 19.48768176898557 714
1740788729603 30.408452704334763 715
1740788732982 10.954875441144354 716
1740788736525 13.004126258847071 717
1740788740259 59.43334558398267 718
1740788743986 57.78022553983613 719
1740788747663 31.946768671545634 720
1740788751348 11.069150117713074 721
1740788755101 53.89887081433461 722
1740788758994 11.019194817925293 723
1740788762708 33.104889673014874 724
1740788766382 52.990837008993914 725
1740788770451 51.78411911730159 726
1740788773958 20.376321953378007 727
1740788777394 25.18073247537189 728
1740788780971 11.291905751448756 729
1740788784785 7.971979471872944 730
1740788788363 10.880879824314052 731
1740788792042 15.255216385828462 732
1740788795703 12.367635034006165 733
1740788799599 14.383447474973833 734
1740788803358 5.4236037732051186 735
1740788807074 52.047365152227236 736
1740788810613 8.955907155033149 737
1740788814143 11.072751622759785 738
1740788817779 48.93668870816441 739
1740788821430 14.24396773614872 740
1740788825177 52.52625270152069 741
1740788828825 55.48089313112883 742
1740788832457 6.320831536133193 743
1740788836243 12.657235041536698 744
1740788839929 65.78210367444082 745
1740788843656 38.21734995559931 746
1740788847267 10.9287935267451 747
1740788851349 55.00607332102343 748
1740788855288 63.52264352342914 749
1740788858830 59.340764169006555 750
1740788862449 35.19174144216385 751
1740788866054 69.27126320644616 752
1740788870087 20.4234835042858 753
1740788873699 67.22927500453065 754
1740788877612 13.15992968031481 755
1740788881688 46.060557877242054 756
1740788887443 13.183491207248 757
1740788891065 53.86015559650949 758
1740788894756 50.23890285889093 759
1740788898374 4.876735918731767 760
1740788901979 5.312834887993851 761
1740788905552 74.48566265794557 762
1740788909318 22.17927141196344 763
1740788913320 7.020702608547482 764
1740788917102 9.9047437884607 765
1740788920968 19.205165731231258 766
1740788924483 11.56177594434916 767
1740788928396 11.33380834501756 768
1740788932056 9.794940443385437 769
1740788935725 11.110700752268768 770
1740788939310 4.642338748251723 771
1740788942868 60.71622620177959 772
1740788946585 29.213731303544225 773
1740788950165 60.809767256915116 774
1740788954004 6.128290256640377 775
1740788957650 21.311250465820386 776
1740788961281 49.48119121205577 777
1740788965249 12.59123541143127 778
1740788968950 69.94070540289238 779
1740788972834 12.515543506165754 780
1740788976568 6.999959289375676 781
1740788980323 10.797961052979671 782
1740788983870 16.4627772860392 783
1740788987474 17.33626649563442 784
1740788991076 59.08084251072531 785
1740788994686 10.581516242178354 786
1740788998342 9.733246717481226 787
1740789002925 68.90277407221858 788
1740789006418 16.34769876670644 789
1740789009977 58.553262889977816 790
1740789013534 73.0487283829614 791
1740789017266 53.74982540624638 792
1740789021089 11.870872979894482 793
1740789025239 15.241837086721521 794
1740789028976 21.63417999329883 795
1740789032753 12.114424031611748 796
1740789036302 5.722949173635442 797
1740789040166 10.91287430139085 798
1740789043756 10.696066482460612 799
1740789047330 21.860361727362584 800
1740789050994 18.01500930638314 801
1740789054444 10.369302807179894 802
1740789058065 30.283826832566834 803
1740789061733 12.243416091917679 804
1740789065419 21.14643680541897 805
1740789068960 5.720769048934204 806
1740789070730 40.235762241416076 807
1740789074505 53.024607961559056 808
1740789078079 49.448423513808066 809
1740789081686 40.93500379524161 810
1740789085271 7.151300094459125 811
1740789088862 3.773474768232108 812
1740789092598 12.56744582621342 813
1740789096458 55.93010872999091 814
1740789100009 10.774796655862934 815
1740789103825 16.026292418711538 816
1740789107642 10.487538957661409 817
1740789111307 13.079876965557798 818
1740789114914 12.030617723273192 819
1740789116576 7.206227548094542 820
1740789120096 51.09994626952967 821
1740789123730 61.09813572540271 822
1740789127465 61.650675595011606 823
1740789131123 9.57639599094643 824
1740789134981 12.741410049355949 825
1740789138745 25.077567950425006 826
1740789142134 10.394753031938656 827
1740789145842 11.94328040039875 828
1740789149384 8.531435713539475 829
1740789153313 13.966373698773634 830
1740789157116 12.152009934105841 831
1740789160807 9.770819977963235 832
1740789164808 56.65869503759273 833
1740789168581 34.30595877191142 834
1740789172129 10.59795959041202 835
1740789175718 73.76049986018035 836
1740789179639 8.094596506484894 837
1740789183130 6.140762619394743 838
1740789186795 21.501484959023635 839
1740789190329 9.090398906453851 840
1740789193996 10.930729042809748 841
1740789198018 4.710694835609924 842
1740789202324 27.86567206705133 843
1740789206529 13.863950871191513 844
1740789210069 6.982846258645196 845
1740789213628 7.710219321696806 846
1740789217215 55.0477155170055 847
1740789220953 7.553937716871082 848
1740789224817 22.175181453160654 849
1740789228491 11.619496586539492 850
1740789232164 29.331807147718706 851
1740789235923 50.47283352769423 852
1740789239713 59.599724113841425 853
1740789243645 18.011064253280455 854
1740789247318 5.946552687063013 855
1740789251146 26.419922997476718 856
1740789254723 76.66843718847049 857
1740789258222 70.03056401806059 858
1740789262194 60.20615073050095 859
1740789266185 5.274646602283203 860
1740789269877 65.9657729170978 861
1740789273472 18.057447578932717 862
1740789277133 9.747312829014852 863
1740789280666 66.95049633531725 864
1740789284440 11.306224851917055 865
1740789288101 14.522298862748432 866
1740789291821 16.555610828392734 867
1740789299732 36.90643399409344 868
1740789303379 59.43996113004109 869
1740789306964 61.708455832743766 870
1740789310658 13.781484525423654 871
1740789314608 11.072247983366992 872
1740789318420 60.65228947545383 873
1740789322339 50.202284634892024 874
1740789326155 11.536581157530454 875
1740789332131 10.617550566914378 876
1740789335706 10.443441254339314 877
1740789339459 14.954662249188154 878
1740789343270 24.34342979634542 879
1740789346987 23.63118478268178 880
1740789350794 76.10478186165763 881
1740789354292 11.261173452417204 882
1740789357956 13.79475742409309 883
1740789361538 4.378295802637044 884
1740789365447 64.65964298653014 885
1740789368936 57.99455846762739 886
1740789372378 54.01770219039739 887
1740789375986 50.50933303980961 888
1740789376544 1.023735133886402 889
1740789380228 8.699974857907176 890
1740789383763 11.54722205787416 891
1740789387571 3.5121966294292064 892
1740789391290 64.01146990578106 893
1740789394912 46.21660833132724 894
1740789398772 15.31062352812381 895
1740789402238 27.56277667230697 896
1740789405815 7.03538844827764 897
1740789409817 3.988129798481958 898
1740789413474 4.744405997671114 899
1740789417065 10.041537479775982 900
1740789420754 82.8099687464766 901
1740789424601 28.318722526449342 902
1740789428181 11.05874214372812 903
1740789432430 56.58146853778716 904
1740789435989 14.418572728682237 905
1740789439548 50.78535574384731 906
1740789443346 9.86865181578669 907
1740789447056 31.526520262143617 908
1740789450862 59.04759899573363 909
1740789454657 9.039678073953747 910
1740789458398 10.101066752075118 911
1740789462150 22.191535754389474 912
1740789465995 17.958656334676284 913
1740789469528 44.99360664679989 914
1740789473233 14.715574525455368 915
1740789481662 90.00692461209347 916
1740789485664 11.078491486091204 917
1740789489342 8.152387026272125 918
1740789492967 70.41513708120226 919
1740789496742 69.53189612588847 920
1740789500554 64.00425922553691 921
1740789506385 30.792117182826956 922
1740789510263 26.203662932514703 923
1740789514108 64.4186890519881 924
1740789518089 19.640543871976423 925
1740789521882 16.11494151054377 926
1740789525711 20.383429084327695 927
1740789529525 28.417318180955647 928
1740789533569 65.94190123816851 929
1740789537533 38.28759931856932 930
1740789541194 69.80600036198452 931
1740789544900 68.99408072097188 932
1740789548614 64.44595482263779 933
1740789552630 13.937426647722495 934
1740789556412 24.434471204244755 935
1740789560160 20.239261727746587 936
1740789563888 19.051858964071577 937
1740789567918 36.92812316390184 938
1740789571878 22.445151087263294 939
1740789575754 10.782849410078825 940
1740789579549 57.196430139832714 941
1740789583087 13.026974604706451 942
1740789586569 56.00526414914128 943
1740789590294 9.016909421456248 944
1740789593974 11.497188882681986 945
1740789599162 61.06827688776185 946
1740789602974 18.553990517717914 947
1740789606870 72.50438985875115 948
1740789610653 68.03414229483465 949
1740789614505 3.7682027807091414 950
1740789618256 72.06326676130709 951
1740789621900 16.239295902826267 952
1740789625823 39.16048599396313 953
1740789629603 10.673260363787572 954
1740789633586 19.95287178546374 955
1740789637603 12.804803615402106 956
1740789641257 66.00999443964078 957
1740789645242 10.67109689971851 958
1740789649153 70.64463715247811 959
1740789652933 9.663909670611222 960
1740789656522 15.126686842526635 961
1740789660295 60.59890694364094 962
1740789664038 74.52976868634123 963
1740789667762 17.613414592825325 964
1740789671570 61.99205440128026 965
1740789675433 11.07444007410236 966
1740789679348 21.030206078948012 967
1740789683036 77.30553636535176 968
1740789686981 78.76174844115972 969
1740789690736 71.15197479833859 970
1740789694616 7.034513472447796 971
1740789698502 12.692953641006039 972
1740789702779 17.872453982184204 973
1740789706455 13.159142427084074 974
1740789710546 8.286268784969119 975
1740789714457 8.375837005375498 976
1740789718119 79.84518708768168 977
1740789721806 66.36017296727411 978
1740789725558 48.127439493528 979
1740789729047 74.30260656238478 980
1740789732505 54.954643018700565 981
1740789736019 68.21765178002536 982
1740789739678 9.361972028994337 983
1740789743131 10.657752589148815 984
1740789747097 21.779046772063623 985
1740789750737 15.064711327355495 986
1740789754422 67.70690641380612 987
1740789758147 14.653434312171493 988
1740789758789 2.087360379897934 989
1740789762262 69.75556566749893 990
1740789765926 24.794103616589812 991
1740789769884 52.17727608538266 992
1740789773408 9.013498067848834 993
1740789777011 13.368351388608097 994
1740789780691 64.34173822039112 995
1740789784533 20.972227646050168 996
1740789788017 66.69660434926524 997
1740789791692 67.12983794495258 998
1740789795258 10.375492764263027 999
1740789799051 65.36552930385952 1000
1740789803133 19.999087643578715 1001
1740789806966 18.052866231972597 1002
1740789810799 14.864946042103831 1003
1740789814757 5.3514149161241695 1004
1740789818739 21.706492650174226 1005
1740789822447 4.407699888678803 1006
1740789826090 16.756046869299006 1007
1740789829984 22.6200607285942 1008
1740789833454 59.58118680208124 1009
1740789837225 63.58637138029572 1010
1740789840746 7.230970606207112 1011
1740789844370 13.316914802837804 1012
1740789848149 18.895660840164616 1013
1740789850055 11.183952506527099 1014
1740789853786 15.002328365110339 1015
1740789857606 70.07759854355847 1016
1740789861507 23.71305088880522 1017
1740789865316 15.834538496420361 1018
1740789869236 33.20854155491027 1019
1740789872960 71.90125216580417 1020
1740789876991 11.210172435301926 1021
1740789880773 65.56916285116462 1022
1740789884574 63.74458138861349 1023
1740789889242 34.48763652456089 1024
1740789893089 40.9929588800791 1025
1740789897562 54.81923292570101 1026
1740789901244 8.248856691213092 1027
1740789905157 15.887643788412339 1028
1740789908910 14.98124793598193 1029
1740789912594 82.80585514721754 1030
1740789916335 77.53445633312386 1031
1740789920467 75.92292109812021 1032
1740789924189 10.236990539683502 1033
1740789927677 78.3468275784972 1034
1740789931419 78.83736198666723 1035
1740789935100 43.361804769478525 1036
1740789938694 71.15524586958524 1037
1740789940460 20.16821415591264 1038
1740789944320 10.749244898900745 1039
1740789947948 71.13118500485051 1040
1740789951619 72.47515011841786 1041
1740789955667 40.13125050350101 1042
1740789959492 20.052731753211944 1043
1740789963166 74.7214506345788 1044
1740789966773 76.16015771518997 1045
1740789970336 70.84520053014073 1046
1740789974208 19.60388489799943 1047
1740789978145 20.030771989284833 1048
1740789981889 18.52788631275069 1049
1740789985505 18.122452657060272 1050
1740789989339 84.25429814492404 1051
1740789992821 73.69572273668763 1052
1740789996835 15.508851721408412 1053
1740790000635 17.988558250758583 1054
1740790004269 23.05265378444558 1055
1740790007762 10.940441712362803 1056
1740790012017 82.67877232464092 1057
1740790015490 8.795365655786163 1058
1740790018944 67.13189723817098 1059
1740790022437 77.86250636544528 1060
1740790026364 12.900587767303243 1061
1740790030123 18.788064412233005 1062
1740790033789 12.752847093687423 1063
1740790037221 32.862247267072696 1064
1740790040929 24.67603562465145 1065
1740790044461 67.65026098073719 1066
1740790048173 70.04789776954367 1067
1740790051822 17.903682257817916 1068
1740790055590 20.314559370019218 1069
1740790059253 76.6241691306539 1070
1740790062818 65.90295368497814 1071
1740790066370 16.37514281993672 1072
1740790070246 75.10492523271189 1073
1740790074138 13.902287780769875 1074
1740790077926 13.364250553787764 1075
1740790081526 12.145491679147167 1076
1740790085208 12.372587856808506 1077
1740790089108 14.415428201547954 1078
1740790093128 24.200904704166597 1079
1740790096980 26.976483315572338 1080
1740790100869 63.36352094511545 1081
1740790104703 58.47731317586805 1082
1740790108836 26.585657601385858 1083
1740790112684 64.9677450983718 1084
1740790116916 71.60863695639986 1085
1740790120691 11.155989233084824 1086
1740790124306 8.232868228094203 1087
1740790127904 67.29619412634597 1088
1740790131659 11.097568981432277 1089
1740790135341 9.867876759620959 1090
1740790139101 59.89913721052352 1091
1740790143026 12.551488931163185 1092
1740790146936 74.79867541624968 1093
1740790150463 5.321718725239929 1094
1740790154082 78.75410714297524 1095
1740790157751 67.64094631513602 1096
1740790161714 66.26298955796273 1097
1740790165478 65.53772771510491 1098
1740790169496 11.607515166118073 1099
1740790173522 4.210117311694845 1100
1740790177195 5.143375618683822 1101
1740790180768 3.8352565009780535 1102
1740790184372 68.65812091482584 1103
1740790188270 77.5357129777875 1104
1740790192442 52.0360018054153 1105
1740790196382 31.083411404196116 1106
1740790200321 28.153201656930747 1107
1740790204320 59.54494485369232 1108
1740790207989 9.430633614535598 1109
1740790211608 72.91282874418809 1110
1740790215640 29.381122900452958 1111
1740790219278 21.616155869111754 1112
1740790222806 68.87528005129147 1113
1740790226353 57.30354986750257 1114
1740790229857 72.0428248765869 1115
1740790233341 51.102807018184464 1116
1740790234897 9.596616265315522 1117
1740790238988 13.622188646452623 1118
1740790242712 10.599493439217149 1119
1740790246606 34.870365857775255 1120
1740790250223 17.36928722065507 1121
1740790253922 80.04623118711575 1122
1740790257537 10.588601089681363 1123
1740790261063 7.229139231713257 1124
1740790264719 63.44651891474148 1125
1740790268532 33.286330951737064 1126
1740790272134 19.805382907246415 1127
1740790275667 3.9209325055693607 1128
1740790279602 18.555395306393002 1129
1740790283700 6.383267982210814 1130
1740790287304 64.6833217188935 1131
1740790291099 20.806018560574056 1132
1740790294757 24.306758804261612 1133
1740790298706 26.990492176493003 1134
1740790302521 21.130072466358655 1135
1740790306453 18.743807778344344 1136
1740790310152 11.997733008730638 1137
1740790313960 13.430453241217444 1138
1740790318375 63.45507806114376 1139
1740790322174 70.78933426474094 1140
1740790326899 12.638924691078568 1141
1740790330879 80.60478234663509 1142
1740790334678 61.59931793255383 1143
1740790338319 6.670972880172804 1144
1740790342542 63.10204803652013 1145
1740790346173 69.99935017912098 1146
1740790349770 10.85763756457679 1147
1740790354067 73.57691049667747 1148
1740790358109 68.00032523025146 1149
1740790362190 27.37346982124233 1150
1740790365982 74.32981745654536 1151
1740790369705 27.096655194173742 1152
1740790373236 29.303420143999148 1153
1740790377123 17.757755245902562 1154
1740790381030 61.24359934610058 1155
1740790384989 23.40079117584556 1156
1740790388482 68.59717451487997 1157
1740790391865 71.51001660504231 1158
1740790395320 10.65715416747316 1159
1740790399026 71.6911627196885 1160
1740790402934 17.511720355150814 1161
1740790406716 33.873346455640835 1162
1740790410550 13.174026547453682 1163
1740790414177 52.50876788773843 1164
1740790417902 64.06642676900846 1165
1740790421326 71.50475348387602 1166
1740790425106 20.791596346540096 1167
1740790429268 21.991455406595787 1168
1740790432911 80.75477729212444 1169
1740790436606 13.256809497731242 1170
1740790440196 73.20995524685782 1171
1740790444103 62.83141579110871 1172
1740790447928 10.283737660016694 1173
1740790451486 26.10211284856158 1174
1740790455405 62.45349302216738 1175
1740790459459 18.769332896824565 1176
1740790463116 3.4850672078269858 1177
1740790466788 83.09903003804749 1178
1740790470366 74.67504968152413 1179
1740790474184 11.02969495726531 1180
1740790477948 20.814853303842963 1181
1740790481561 12.603748279501389 1182
1740790485070 6.564562141657778 1183
1740790488789 63.72011062985967 1184
1740790492704 17.16093776605751 1185
1740790496578 18.970916102178908 1186
1740790500206 61.6692148455244 1187
1740790503841 67.8118602437147 1188
1740790507386 11.395733062233752 1189
1740790511054 58.696018535155254 1190
1740790515257 64.72177003067831 1191
1740790518911 72.91937961040514 1192
1740790522543 9.56722119762597 1193
1740790526158 69.38094481694404 1194
1740790529756 71.28150988922985 1195
1740790533623 42.86703115322687 1196
1740790537252 16.6962188896542 1197
1740790541165 26.70294907788814 1198
1740790544940 66.41273932151925 1199
1740790548648 8.803719876802631 1200
1740790552393 13.345512111096733 1201
1740790556224 43.77114978996352 1202
1740790559872 72.51151279342312 1203
1740790563866 15.40715046307971 1204
1740790567707 6.59711781817007 1205
1740790571363 26.29299306500354 1206
1740790575152 69.89221182723587 1207
1740790578873 19.870816249406413 1208
1740790582613 23.08110862039157 1209
1740790586093 66.87550306807744 1210
1740790589935 22.05300899247479 1211
1740790593840 59.82112743740212 1212
1740790598687 79.48705502950878 1213
1740790602531 57.03361608020262 1214
1740790606538 20.184138081301935 1215
1740790610277 62.99180826261748 1216
1740790614038 75.03778548882757 1217
1740790617656 72.91303226343224 1218
1740790621232 65.68242449869585 1219
1740790624758 7.19242231729934 1220
1740790628407 56.43831827493113 1221
1740790632033 60.38569543081909 1222
1740790636021 12.973571218563862 1223
1740790639734 11.543605705284694 1224
1740790643473 65.40775859911305 1225
1740790647481 18.944537289666 1226
1740790651291 11.805532582330912 1227
1740790654709 12.042472008649751 1228
1740790658271 29.256831215972785 1229
1740790661922 21.329189885151962 1230
1740790665957 27.00562358517366 1231
1740790669460 67.58695182363203 1232
1740790672914 45.17460329251177 1233
1740790676404 78.04806990772306 1234
1740790679915 51.745688577381124 1235
1740790683654 18.847697447879277 1236
1740790687684 17.448522883706907 1237
1740790691234 18.26201687967303 1238
1740790694773 66.22184151762663 1239
1740790698212 68.99465909076443 1240
1740790701790 13.30610577245606 1241
1740790705306 56.069179620632056 1242
1740790708974 6.7918438196203335 1243
1740790712605 69.60853208271969 1244
1740790716347 26.205408333862316 1245
1740790720000 10.480910170560307 1246
1740790723746 11.460517407672404 1247
1740790727519 65.84959368583223 1248
1740790731083 5.946868359638256 1249
1740790734549 6.845185850159709 1250
1740790738003 25.225747216482546 1251
1740790741593 72.67581091551915 1252
1740790745423 16.502449747545292 1253
1740790749306 20.55631792233841 1254
1740790752910 60.85663210716829 1255
1740790756469 12.091339251473666 1256
1740790760081 70.16265571175649 1257
1740790763835 17.22060009625732 1258
1740790768266 59.67854720889003 1259
1740790769056 5.512984971433003 1260
1740790772821 73.12938714307158 1261
1740790776603 75.21518785153188 1262
1740790780307 75.67952527281449 1263
1740790784048 17.933640597188536 1264
1740790787863 19.146987819857724 1265
1740790791643 10.199083975580212 1266
1740790795471 10.247483478580902 1267
1740790799293 75.65058449166368 1268
1740790803109 12.131152182735912 1269
1740790806889 69.62754353299987 1270
1740790810534 15.643682396579644 1271
1740790814476 25.691374593240514 1272
1740790818245 6.725408934003439 1273
1740790821861 8.305149320182595 1274
1740790825358 3.8892655700013403 1275
1740790828973 11.649917789013355 1276
1740790832643 19.73654667345033 1277
1740790836260 77.99965670399692 1278
1740790840097 14.893878830512246 1279
1740790843823 37.828034810507546 1280
1740790847473 17.40793513405038 1281
1740790851289 3.796241762653068 1282
1740790855030 15.063748089949998 1283
1740790858579 5.74909525513317 1284
1740790862305 68.15579474418507 1285
1740790866158 73.54276069711617 1286
1740790869665 22.2001593873704 1287
1740790873426 74.26765687158793 1288
1740790877193 73.2574864643977 1289
1740790881065 75.87090367961707 1290
1740790884599 7.436154482897945 1291
1740790888400 75.00292772790827 1292
1740790892197 21.935474183493955 1293
1740790895780 10.073538525052438 1294
1740790899488 68.01961847497276 1295
1740790903398 12.677388401548498 1296
1740790908157 70.63653542153159 1297
1740790912236 21.61713003472406 1298
1740790915982 74.50988909313408 1299
1740790919642 5.1549345819856445 1300
1740790923425 20.581902329584356 1301
1740790927587 62.06868233080664 1302
1740790931365 10.615070133996317 1303
1740790935309 77.31725541798023 1304
1740790939159 11.238554842252261 1305
1740790943163 37.5046663008358 1306
1740790946849 10.664783246413112 1307
1740790950339 28.028499593452587 1308
1740790954113 16.32638708141762 1309
1740790958016 80.70298456238558 1310
1740790961853 31.25518504220632 1311
1740790965501 30.155381365919744 1312
1740790969274 75.30474343656286 1313
1740790973079 44.724415023807055 1314
1740790977008 15.783920371838697 1315
1740790980560 8.014369326083038 1316
1740790984247 74.95805388445982 1317
1740790987961 25.44316661714856 1318
1740790991554 74.21344843198699 1319
1740790995509 12.380460333951428 1320
1740790999177 58.889307750466934 1321
1740791002833 77.17248682959325 1322
1740791006960 19.132017454147725 1323
1740791010814 13.952057574904833 1324
1740791014592 25.89554110550191 1325
1740791018719 16.969508912574085 1326
1740791022378 3.4011333002053794 1327
1740791025789 7.934673868352494 1328
1740791029677 9.079866639721095 1329
1740791033669 36.763954835975056 1330
1740791037338 72.14352428326735 1331
1740791041045 14.10006760676801 1332
1740791044612 4.486353461520513 1333
1740791048346 12.822006108983855 1334
1740791051907 73.38763380267078 1335
1740791055368 68.58370873758258 1336
1740791059110 59.61759558856355 1337
1740791062836 12.377933336160313 1338
1740791066484 51.28239372767017 1339
1740791070212 20.16014563472832 1340
1740791073746 70.40871019491922 1341
1740791077392 69.57592372066205 1342
1740791081033 30.77550024927845 1343
1740791084444 22.94598741451888 1344
1740791088885 21.153959214195627 1345
1740791092689 18.445113805231884 1346
1740791096498 68.21927388868403 1347
1740791100215 70.94816584948725 1348
1740791103692 6.904444320715269 1349
1740791107172 6.186144338195796 1350
1740791110999 26.586339261553846 1351
1740791114537 22.41153474262158 1352
1740791118022 75.75927116915565 1353
1740791123547 46.58854783859752 1354
1740791127153 4.382009308512103 1355
1740791130600 66.7027121373059 1356
1740791134203 11.242539824991193 1357
1740791137948 65.51812169088576 1358
1740791141703 10.912918565140245 1359
1740791145855 80.93510739304216 1360
1740791149412 81.75836584724043 1361
1740791151844 28.717915684730652 1362
1740791155420 11.467141540627438 1363
1740791158922 63.99128217344338 1364
1740791162510 75.25717391189394 1365
1740791166419 14.53412556891898 1366
1740791169931 79.0346280725047 1367
1740791173476 7.038913571766681 1368
1740791177100 10.605037255810728 1369
1740791180726 4.245573865474624 1370
1740791184234 87.85295063037132 1371
1740791187823 72.38990678595204 1372
1740791191550 16.108914054106382 1373
1740791195045 73.71969897039418 1374
1740791198548 69.89336885848545 1375
1740791202240 23.779883887949868 1376
1740791206061 76.40098907684879 1377
1740791209751 12.257183794966885 1378
1740791213578 4.6232150240995535 1379
1740791217268 12.227216921722857 1380
1740791220812 35.29497227331364 1381
1740791224231 68.33915544419743 1382
1740791227810 74.04326608218368 1383
1740791231504 16.04806475246555 1384
1740791236409 38.36485199844881 1385
1740791240485 35.18000573886485 1386
1740791243992 12.345304066436858 1387
1740791247601 11.026699809334294 1388
1740791251384 6.157792760231246 1389
1740791255333 13.371005665370886 1390
1740791259459 66.69382797387844 1391
1740791263282 80.55691558481558 1392
1740791266877 68.68037901687333 1393
1740791270409 73.57424192502482 1394
1740791274134 10.405243839604863 1395
1740791278051 20.561968505843947 1396
1740791281530 78.13376934336647 1397
1740791285416 8.300430003060542 1398
1740791289191 11.860561769496718 1399
1740791292743 46.51223108354953 1400
1740791298128 88.11600338127509 1401
1740791302075 23.150860467331025 1402
1740791305857 17.410275666375288 1403
1740791309689 6.035314660655838 1404
1740791313226 10.34220764488856 1405
1740791317256 13.667912044471935 1406
1740791321480 61.63606376050288 1407
1740791325020 8.19086074119806 1408
1740791328722 4.255167670963386 1409
1740791332542 62.049250427878526 1410
1740791336430 20.244610865181887 1411
1740791340188 70.16772623873169 1412
1740791343679 86.736141894941 1413
1740791347457 68.16038725683404 1414
1740791350967 70.54254444247694 1415
1740791354914 20.21829875427526 1416
1740791358557 16.453488491113415 1417
1740791362037 57.347096622532085 1418
1740791365788 22.10547292065252 1419
1740791369498 73.02864812316136 1420
1740791373381 23.269429435913274 1421
1740791377216 15.430602777091936 1422
1740791380830 77.38746994533032 1423
1740791384386 10.795614852761124 1424
1740791388079 14.073238393568987 1425
1740791391907 16.93246210351641 1426
1740791395565 20.87514612831804 1427
1740791399116 82.86823368660444 1428
1740791402763 80.42951823899915 1429
1740791406541 35.28028534390259 1430
1740791410433 16.51890638588699 1431
1740791413970 82.27435706208786 1432
1740791417406 76.30070789430853 1433
1740791421016 64.09326510302692 1434
1740791424743 74.2816223421564 1435
1740791428319 9.743212758608651 1436
1740791431872 58.85450068334391 1437
1740791435462 68.26175918179963 1438
1740791439140 71.6871690902528 1439
1740791442700 73.5177291782424 1440
1740791446233 14.767258373718711 1441
1740791449731 67.66059579097734 1442
1740791453585 19.986901418634307 1443
1740791457256 78.27217070331422 1444
1740791460823 7.989453373875794 1445
1740791464547 15.840513733256804 1446
1740791465656 6.067486406760611 1447
1740791469457 11.043788003008267 1448
1740791473034 79.30117016455061 1449
1740791476651 71.95592340093832 1450
1740791480284 8.855908017831643 1451
1740791484649 39.08941380622343 1452
1740791488179 71.41352539477693 1453
1740791492043 3.2799438048911895 1454
1740791500664 32.04561628012582 1455
1740791504367 17.967079458456602 1456
1740791508159 70.63092525157664 1457
1740791512149 22.780353705792578 1458
1740791515833 80.70285759825323 1459
1740791519548 3.922857214347696 1460
1740791523244 40.07909683168728 1461
1740791526974 13.083566148957662 1462
1740791530844 11.915335611052187 1463
1740791534441 71.79625859266831 1464
1740791537921 72.39061059585245 1465
1740791541871 20.211218252722684 1466
1740791545439 21.742590051247905 1467
1740791548964 81.19846477010206 1468
1740791553248 71.26747963047377 1469
1740791556854 73.74425865248993 1470
1740791560348 64.07605076290278 1471
1740791564024 75.42160386638251 1472
1740791567606 62.4338100473197 1473
1740791571349 32.93193303507031 1474
1740791575167 29.1362388247724 1475
1740791577363 13.738831663447062 1476
1740791581157 74.87842172574736 1477
1740791584697 82.85262010555779 1478
1740791588530 22.08107993644979 1479
1740791592345 15.669170884824336 1480
1740791596063 66.74025784397271 1481
1740791599749 17.84040095481094 1482
1740791603273 76.48621063454569 1483
1740791607037 35.87349198599606 1484
1740791610800 14.876173048092886 1485
1740791614477 6.072289543160587 1486
1740791618366 62.97486082160949 1487
1740791621819 68.33174393473517 1488
1740791625336 73.84425545825349 1489
1740791628780 53.68898134705432 1490
1740791632660 66.43953387292105 1491
1740791636309 8.551632656419033 1492
1740791639742 85.36475969402741 1493
1740791644492 66.83831324634508 1494
1740791648885 44.34239271767352 1495
1740791652405 78.2620467588407 1496
1740791656054 73.96808654697566 1497
1740791659626 69.8163303467567 1498
1740791663377 15.048875418926237 1499
1740791666897 72.47659442651631 1500
1740791670870 15.032815011792474 1501
1740791674468 67.43606895902589 1502
1740791678022 64.96371868943257 1503
1740791681761 68.72848212338073 1504
1740791685430 66.67733752664827 1505
1740791689095 101.37352652214514 1506
1740791692877 10.989285116757177 1507
1740791696654 55.076702951593944 1508
1740791700241 69.73614514694086 1509
1740791703972 75.38821393589106 1510
1740791707748 22.14014918876126 1511
1740791711321 56.94968599136867 1512
1740791714892 67.31900943526026 1513
1740791718690 30.6429836698388 1514
1740791722346 46.91010308671383 1515
1740791726653 67.12312658547995 1516
1740791730274 7.994293517209748 1517
1740791733982 21.16449060202475 1518
1740791737691 56.710009044725155 1519
1740791741261 64.64685810100836 1520
1740791744947 59.75046401366863 1521
1740791748798 7.760911648576152 1522
1740791752560 18.30834224530664 1523
1740791756430 20.54868850946827 1524
1740791760356 10.2614890403154 1525
1740791764080 83.49705440198446 1526
1740791767654 76.64056981631337 1527
1740791771345 64.37337074381983 1528
1740791774882 67.49562017004531 1529
1740791778677 46.35910191648069 1530
1740791782570 20.203282462039052 1531
1740791786474 71.70440495345316 1532
1740791790311 11.688223907856456 1533
1740791794010 3.8916134312669075 1534
1740791797991 10.224437274060774 1535
1740791801556 70.94416452669951 1536
1740791805043 77.95910857078232 1537
1740791808667 56.33201412917869 1538
1740791812455 6.605223415917732 1539
1740791816138 5.72133602782355 1540
1740791819755 82.61343980209564 1541
1740791823460 21.40493604425596 1542
1740791827006 12.370827252198767 1543
1740791830483 82.72774650301604 1544
1740791833961 77.57805080126832 1545
1740791837484 70.31756483463266 1546
1740791841507 22.294030563138225 1547
1740791845168 72.94445053023348 1548
1740791850713 76.55670107577936 1549
1740791854614 73.06018658270168 1550
1740791858512 15.83630583806739 1551
1740791862372 46.791865869662814 1552
1740791866094 13.453372822093066 1553
1740791869938 4.037155333455175 1554
1740791873729 80.67145353814736 1555
1740791877581 21.20046782081199 1556
1740791881160 84.76429249095997 1557
1740791884703 8.939664785332292 1558
1740791888380 66.03578853498598 1559
1740791889655 7.27836311142139 1560
1740791893580 20.332995464729887 1561
1740791897181 61.08029498301514 1562
1740791900946 59.449992769044535 1563
1740791904827 5.025467773868291 1564
1740791908941 13.285668732252837 1565
1740791912895 4.446526521686019 1566
1740791916748 9.997529520140652 1567
1740791920258 76.38134327209346 1568
1740791923813 67.67871240127054 1569
1740791927311 81.21610413594625 1570
1740791930898 75.11206074307637 1571
1740791931659 2.169800515640077 1572
1740791935196 5.603569301123066 1573
1740791938637 63.90307556845068 1574
1740791942612 18.062896163330226 1575
1740791946083 73.05269053117891 1576
1740791949596 10.571382842837963 1577
1740791953497 19.727622665638805 1578
1740791957078 61.33279138164835 1579
1740791960586 51.77720605168525 1580
1740791964398 35.99590396757983 1581
1740791968555 77.11266739385269 1582
1740791972037 74.02654844094728 1583
1740791975596 16.93599900211044 1584
1740791979405 80.73158312375872 1585
1740791983037 82.66270983331107 1586
1740791986707 11.037596064369014 1587
1740791990548 19.155018178154318 1588
1740791994577 35.77901276625714 1589
1740791995381 7.219309539356269 1590
1740791999215 58.321996056735756 1591
1740792003127 29.770319445307816 1592
1740792007261 17.80009202604672 1593
1740792011230 18.49054910367064 1594
1740792015027 14.63279643324383 1595
1740792018489 70.9795816174895 1596
1740792022179 75.72038068241658 1597
1740792026011 10.490511928963839 1598
1740792029907 26.602966329336486 1599
1740792033550 11.149057124451602 1600
1740792037106 78.96523244474737 1601
1740792040781 69.00022840796828 1602
1740792044292 5.040639621055344 1603
1740792048204 4.223028294701324 1604
1740792051707 75.76632937490267 1605
1740792055487 42.281013953830744 1606
1740792058945 11.418088294247458 1607
1740792062578 68.89644889109437 1608
1740792066316 86.13624309193118 1609
1740792070084 22.371404970567585 1610
1740792073495 74.54211678093863 1611
1740792077011 73.29020605812916 1612
1740792080518 79.84171059424298 1613
1740792084315 10.467164561180216 1614
1740792087940 75.21816362079805 1615
1740792091986 26.98475956046964 1616
1740792095776 73.77128604935132 1617
1740792099714 14.386002127496074 1618
1740792103523 81.10864753004694 1619
1740792107489 19.315824305024638 1620
1740792111465 3.686464974334036 1621
1740792115583 4.668753872505651 1622
1740792119077 79.22837245888358 1623
1740792122792 26.487385955012304 1624
1740792126399 13.822983567607638 1625
1740792130279 25.5175817441056 1626
1740792133902 69.94368979711929 1627
1740792137546 6.378196896314663 1628
1740792141191 75.50990694649076 1629
1740792144750 11.281237423240329 1630
1740792148289 76.62995379622339 1631
1740792152068 25.561864752655122 1632
1740792155695 6.53471241506936 1633
1740792159525 13.901281458568963 1634
1740792163122 53.031344700681046 1635
1740792166633 10.516308278135739 1636
1740792170158 15.35105056049204 1637
1740792176212 20.8854992420946 1638
1740792179847 23.587635324185417 1639
1740792183768 31.139295434692055 1640
1740792187418 73.73915613415059 1641
1740792190963 77.27088794152067 1642
1740792194493 75.7703473545168 1643
1740792198783 77.01104409976432 1644
1740792202708 23.26556623410489 1645
1740792203948 9.766792666386783 1646
1740792207546 70.6690395406099 1647
1740792211176 10.102557183008011 1648
1740792214844 17.19844643036198 1649
1740792218707 8.17348580680473 1650
1740792222635 16.625600908244795 1651
1740792226296 11.741018182642438 1652
1740792229841 12.368954241923168 1653
1740792233879 4.977951645808303 1654
1740792237797 69.75963432087161 1655
1740792241730 27.831317077862938 1656
1740792245380 79.5876459621425 1657
1740792249161 4.422223724724016 1658
1740792252730 70.34206071793697 1659
1740792256765 16.40263865641627 1660
1740792260361 76.39475427899723 1661
1740792264141 3.7194910864506863 1662
1740792267770 83.92716063299967 1663
1740792271762 22.809810248243743 1664
1740792275378 18.70009548869566 1665
1740792279212 84.85029809878394 1666
1740792282673 79.2707977713488 1667
1740792286704 5.6349118304738415 1668
1740792290436 11.048121074426541 1669
1740792294013 79.92661087075997 1670
1740792297637 13.075403605331264 1671
1740792301170 70.20392443557529 1672
1740792304959 32.2832520479696 1673
1740792308546 73.05534432004605 1674
1740792312186 14.478792533812696 1675
1740792315793 8.6781356777164 1676
1740792319306 70.6883901436106 1677
1740792322906 80.72339443022864 1678
1740792326600 10.83861263290256 1679
1740792330246 83.80676145669042 1680
1740792334267 16.30460329787445 1681
1740792338104 5.459942678046493 1682
1740792341710 64.8850437960421 1683
1740792345259 21.635637183182645 1684
1740792349230 70.72348193176147 1685
1740792352919 11.722509449575693 1686
1740792356691 69.93888787424078 1687
1740792360282 75.5298744581062 1688
1740792364449 67.73385540406126 1689
1740792368304 21.347225591146486 1690
1740792371974 82.0935293027432 1691
1740792375467 10.794009051461904 1692
1740792379285 63.754967522308945 1693
1740792383280 72.58301459868673 1694
1740792387032 85.29344916343125 1695
1740792390821 40.12361905251222 1696
1740792394652 19.050640893210698 1697
1740792398488 10.672685516642172 1698
1740792402348 10.977024099720202 1699
1740792405880 72.80645762093725 1700
1740792409349 11.1075863963272 1701
1740792413021 6.3946560345337025 1702
1740792416893 18.086392407488177 1703
1740792420760 59.86648301197944 1704
1740792424463 23.474167890339263 1705
1740792428115 22.501009364549063 1706
1740792431744 70.96331829854948 1707
1740792435769 15.174521540346113 1708
1740792439265 80.31588861787493 1709
1740792443179 71.74292612466499 1710
1740792446818 74.57496358340188 1711
1740792450417 12.942178359084036 1712
1740792454171 19.169273665560738 1713
1740792457964 5.868683231225598 1714
1740792461652 60.36965586773677 1715
1740792465234 4.64342283226618 1716
1740792468826 6.567002292583249 1717
1740792472442 67.2697691767607 1718
1740792475965 83.48561171657352 1719
1740792479595 8.812074338480047 1720
1740792483284 20.60203139614981 1721
1740792486907 60.69805651695472 1722
1740792490498 75.6101349066154 1723
1740792494266 35.82330084642471 1724
1740792497909 76.94737356699545 1725
1740792501336 75.48381564310876 1726
1740792504872 6.605952429425343 1727
1740792508356 68.39556570414739 1728
1740792512433 69.1296887041941 1729
1740792516228 76.90114010322759 1730
1740792519734 11.771598048861117 1731
1740792523365 26.034708456351925 1732
1740792527145 32.69622079518601 1733
1740792531239 78.43341604838605 1734
1740792534838 71.84482631946356 1735
1740792538386 75.5532838043711 1736
1740792542125 32.06514569409463 1737
1740792545709 9.27251073838268 1738
1740792549892 73.67505564428325 1739
1740792553395 25.023981879978376 1740
1740792556933 74.38141686039334 1741
1740792560579 8.957932987074821 1742
1740792564291 22.020060231446624 1743
1740792568022 10.93317924922227 1744
1740792571506 77.92933807276081 1745
1740792575092 84.01004106848845 1746
1740792578789 79.3316122548315 1747
1740792582647 10.199690071521227 1748
1740792586414 72.54967193838965 1749
1740792589989 73.01677712481131 1750
1740792593617 67.12740935267973 1751
1740792597497 33.87658694486857 1752
1740792601424 19.102120155620966 1753
1740792605258 4.211362741645751 1754
1740792609294 73.90286439725969 1755
1740792613083 38.25229053312479 1756
1740792616782 77.15453926199116 1757
1740792620474 17.908695725297104 1758
1740792624043 77.0200897876989 1759
1740792627878 17.474700914233996 1760
1740792631355 78.58427486950256 1761
1740792634955 7.583289026212318 1762
1740792638601 81.74125415616501 1763
1740792642322 19.497762007625536 1764
1740792646032 19.678463537506737 1765
1740792649670 19.20969722486965 1766
1740792653331 84.87154608448758 1767
1740792656867 78.05802810211124 1768
1740792660536 19.253497052835137 1769
1740792664044 76.31725888455492 1770
1740792667624 10.586837985495277 1771
1740792671338 19.989549674898615 1772
1740792675056 19.475050406018102 1773
1740792678641 23.771375797551613 1774
1740792679243 1.6454108356853465 1775
1740792683001 40.92427958507106 1776
1740792686717 79.87124123855257 1777
1740792690286 6.272731520538596 1778
1740792693943 9.993201731700378 1779
1740792697532 70.57068411955309 1780
1740792702778 47.502421753776204 1781
1740792706244 78.29673289332612 1782
1740792710200 75.2077579246097 1783
1740792720678 24.8413359175155 1784
1740792724572 21.171526895729478 1785
1740792728222 68.96727197678229 1786
1740792732055 57.547546757044586 1787
1740792740697 15.986614814158237 1788
1740792744267 75.51807334303652 1789
1740792747790 20.839420664339162 1790
1740792751507 23.3695550843974 1791
1740792755002 9.185636442780512 1792
1740792758600 9.38524096518851 1793
1740792762214 4.220990429368684 1794
1740792765735 75.21239609239055 1795
1740792769274 10.753669229465629 1796
1740792773635 51.93886936677106 1797
1740792777489 9.689719654574345 1798
1740792781126 66.15018717960501 1799
1740792784876 14.312018996148359 1800
1740792788787 17.898710785975247 1801
1740792792416 5.495679146705663 1802
1740792796042 74.31640528598751 1803
1740792800217 14.906588164091009 1804
1740792804076 29.064414071684165 1805
1740792808042 11.185149231382375 1806
1740792811678 73.02171075842311 1807
1740792815816 76.69310572420922 1808
1740792819436 73.45775237230602 1809
1740792823367 9.946847956496505 1810
1740792827428 57.683842122804805 1811
1740792831133 14.578659354126891 1812
1740792835032 54.99893185105811 1813
1740792840683 58.422725420238905 1814
1740792845942 70.60205665022771 1815
1740792849781 72.24629614270538 1816
1740792853456 84.04152772582518 1817
1740792857548 18.82426767401915 1818
1740792861106 62.24292269443675 1819
1740792861660 1.090912025919825 1820
1740792865593 27.46961430037246 1821
1740792869102 79.66765829537177 1822
1740792872731 79.89324219120037 1823
1740792876352 3.5551322386953075 1824
1740792880074 11.29556406587344 1825
1740792883699 13.717512795064806 1826
1740792887468 28.62671094000123 1827
1740792891107 26.517689019034282 1828
1740792895047 20.77331623263343 1829
1740792898550 79.37933556948657 1830
1740792902912 79.50419725710707 1831
1740792906819 15.63810928835922 1832
1740792910497 69.20206186381988 1833
1740792914083 10.271240367769568 1834
1740792917897 82.76525478514047 1835
1740792921570 9.571478703537439 1836
1740792925272 75.04030319190136 1837
1740792928799 80.06216583564365 1838
1740792932505 19.894469123558988 1839
1740792936148 75.43850478635599 1840
1740792940207 57.365752289789675 1841
1740792943876 71.27522384916288 1842
1740792947710 10.020766146563426 1843
1740792951240 7.923106888108243 1844
1740792954856 75.90924191108553 1845
1740792958703 44.16526797327912 1846
1740792962412 4.175272769387784 1847
1740792966183 18.915824429438803 1848
1740792970000 17.52109407758918 1849
1740792973487 82.45234641515961 1850
1740792977038 8.943572430559792 1851
1740792980606 73.53096153471752 1852
1740792984171 15.296347877387472 1853
1740792987909 5.7843739114015955 1854
1740792991549 80.1181562135364 1855
1740792995421 16.755360621236576 1856
1740792999388 18.408823996308744 1857
1740793003188 29.760184807029184 1858
1740793006818 86.80531472808725 1859
1740793010422 72.5567927750233 1860
1740793013891 81.02744875267615 1861
1740793017514 20.720880858981857 1862
1740793020936 5.309529081711285 1863
1740793024435 5.922112700496042 1864
1740793028053 22.68488283321532 1865
1740793031832 65.36609581647487 1866
1740793035509 24.32982739000853 1867
1740793039029 79.3313130986639 1868
1740793042717 19.001534921655345 1869
1740793046420 12.246055862900954 1870
1740793050146 74.57386601719759 1871
1740793053793 75.66671747429092 1872
1740793057414 11.414701609219593 1873
1740793060964 74.36125462596193 1874
1740793064624 6.62875959507446 1875
1740793068122 80.7272912735562 1876
1740793071630 65.69261657385508 1877
1740793075295 11.619294505111402 1878
1740793078918 76.06273343025566 1879
1740793082690 18.314481548209944 1880
1740793086265 6.1615341741431315 1881
1740793089863 77.76798276808906 1882
1740793093499 10.337917425746292 1883
1740793097300 25.998426559626488 1884
1740793100992 70.80047990287451 1885
1740793104686 73.62449502486868 1886
1740793108775 17.916540839645336 1887
1740793112789 19.56498727685928 1888
1740793116308 75.94844857486089 1889
1740793120132 76.52275221051198 1890
1740793125237 86.5320193738129 1891
1740793129127 20.8613632158878 1892
1740793133018 9.383560750663598 1893
1740793136657 80.8467771959772 1894
1740793140979 63.80329403598268 1895
1740793151129 19.80317832964083 1896
1740793154800 79.33432103628124 1897
1740793158407 20.1018353937797 1898
1740793162335 60.62719569166608 1899
1740793165891 75.3174382223259 1900
1740793170010 77.59446787149396 1901
1740793173664 18.40577695111359 1902
1740793177360 9.689718295993076 1903
1740793181072 3.6430772551514465 1904
1740793184603 14.27754808703844 1905
1740793188147 76.77174670272717 1906
1740793191861 25.793191154442777 1907
1740793195741 10.197443945438035 1908
1740793199429 21.637682261920055 1909
1740793203124 83.28033559419507 1910
1740793207026 70.2247492911728 1911
1740793210670 72.97078251472861 1912
1740793214326 11.736600281143144 1913
1740793218292 16.309163523410994 1914
1740793221849 68.68749015487221 1915
1740793225948 78.54311963098262 1916
1740793229749 11.39918478252569 1917
1740793233309 9.621994371542417 1918
1740793236889 53.60107695803995 1919
1740793240516 5.749260176441473 1920
1740793244026 77.63300510862628 1921
1740793248443 71.4870066668331 1922
1740793252104 26.203352106899086 1923
1740793256169 72.27962163942695 1924
1740793259895 65.44109956830772 1925
1740793263493 77.43885421035776 1926
1740793267041 75.86368797220679 1927
1740793270850 20.97568529120196 1928
1740793275641 74.43879063325701 1929
1740793279166 72.00230137411313 1930
1740793282730 71.81025876269855 1931
1740793286449 24.05918014139484 1932
1740793290152 60.486117538241146 1933
1740793293653 63.605633994814724 1934
1740793297202 10.204060284510119 1935
1740793300677 66.63364957000454 1936
1740793304505 22.757394611818288 1937
1740793307890 36.122982730685436 1938
1740793311419 80.28460023994029 1939
1740793315388 18.100113274227915 1940
1740793319066 65.42413053756796 1941
1740793323365 62.71886897051638 1942
1740793326963 81.08790780651206 1943
1740793330532 21.1138512824287 1944
1740793334111 10.960188704384997 1945
1740793339554 54.3947222429497 1946
1740793343349 73.15830329711628 1947
1740793346879 76.86555492050582 1948
1740793350357 10.739614485088424 1949
1740793354067 11.933997436556353 1950
1740793357578 65.95116533226184 1951
1740793361422 17.71219038095576 1952
1740793364976 11.685353674381613 1953
1740793368735 22.67023063959543 1954
1740793374524 74.69734088792843 1955
1740793377971 11.196387895639026 1956
1740793381598 71.28219677913535 1957
1740793385540 22.062827356110855 1958
1740793388982 83.69530200064496 1959
1740793392524 77.35846846734606 1960
1740793396096 14.07065797745617 1961
1740793399742 8.435901244641604 1962
1740793403430 65.73478980370483 1963
1740793407117 7.147281933260245 1964
1740793411094 20.807637624808006 1965
1740793414750 84.07654677801786 1966
1740793418482 20.90772403270952 1967
1740793422223 35.33903655978943 1968
1740793425715 66.22540818157219 1969
1740793429198 69.62330761946458 1970
1740793432768 58.4390661298851 1971
1740793436334 11.425090746187324 1972
1740793439874 32.21434727120739 1973
1740793443340 5.554975226606292 1974
1740793447061 14.192114198873892 1975
1740793450792 72.4145873896978 1976
1740793454874 81.33348085010174 1977
1740793458567 60.19100563658575 1978
1740793462129 64.5197521509975 1979
1740793465938 66.31156470300643 1980
1740793469675 13.417022270492541 1981
1740793473573 24.49728631182969 1982
1740793477222 74.79630185536627 1983
1740793480833 76.20480818816782 1984
1740793484525 13.50289552905049 1985
1740793488204 74.52594079197517 1986
1740793491998 12.18092918823014 1987
1740793495601 68.12045446331088 1988
1740793499482 20.02449692247006 1989
1740793503348 17.786714397221523 1990
1740793506978 72.15547673792693 1991
1740793510780 76.79272196204455 1992
1740793514520 15.255489679032635 1993
1740793518092 70.33170426504546 1994
1740793521828 24.319015014676136 1995
1740793525453 75.86566862080838 1996
1740793529312 29.617524248787333 1997
1740793533105 20.763784856384852 1998
1740793536829 77.87059341592341 1999
