1740770322370 0.9511101304657719 0
1740770325537 0.9046104802746175 1
1740770328582 0.8603841919146962 2
1740770331680 0.8183201210226743 3
1740770334724 0.778312557068642 4
1740770337824 0.7402609576967045 5
1740770340955 0.7040696960536299 6
1740770343934 0.6696478204705644 7
1740770346919 0.6369088258938781 8
1740770350019 0.6057704364907278 9
1740770353080 0.5761543988830038 10
1740770356061 0.547986285490042 11
1740770359041 0.5211953074858876 12
1740770362022 0.49571413690105054 13
1740770365039 0.47147873742168567 14
1740770368245 0.4484282034609769 15
1740770371340 0.42650460709830135 16
1740770374338 0.40565285250151817 17
1740770377468 0.3858205374665315 18
1740770380461 0.3669578217261671 19
1740770383449 0.34901730169741024 20
1740770386853 0.33195389135223546 21
1740770390271 0.3157247089126454 22
1740770393618 0.30028896908517405 23
1740770396959 0.285607880564032 24
1740770400071 0.27164454854530906 25
1740770403095 0.2583638820072446 26
1740770406350 0.2457325055235537 27
1740770409621 0.23371867538818816 28
1740770412846 0.22229219984074702 29
1740770415832 0.21142436319205632 30
1740770419161 0.2010878536592394 31
1740770422359 0.1912566947289212 32
1740770425517 0.18190617987607657 33
1740770428849 0.1730128104744653 34
1740770431916 0.16455423674261854 35
1740770434971 0.15650920157696743 36
1740770438108 0.14885748713096328 37
1740770441143 0.14157986400593744 38
1740770444340 0.1346580429260134 39
1740770447638 0.12807462877562611 40
1740770450687 0.12181307688414106 41
1740770453630 0.11585765144771248 42
1740770456825 0.11019338598389174 43
1740770459866 0.10480604571960442 44
1740770462810 0.1 45
1740770465786 0.1 46
1740770468688 0.1 47
1740770471980 0.1 48
1740770475132 0.1 49
1740770478112 0.1 50
1740770481118 0.1 51
1740770484068 0.1 52
1740770486964 0.1 53
1740770490021 0.1 54
1740770493074 0.1 55
1740770496113 0.1 56
1740770499119 0.1 57
1740770502342 0.1 58
1740770505331 0.1 59
1740770508521 0.1 60
1740770511760 0.1 61
1740770515061 0.1 62
1740770518495 0.1 63
1740770521829 0.1 64
1740770525217 0.1 65
1740770528425 0.1 66
1740770531374 0.1 67
1740770534452 0.1 68
1740770537580 0.1 69
1740770541166 0.1 70
1740770544216 0.1 71
1740770547388 0.1 72
1740770550457 0.1 73
1740770553642 0.1 74
1740770556725 0.1 75
1740770559947 0.1 76
1740770563291 0.1 77
1740770566778 0.1 78
1740770570013 0.1 79
1740770573192 0.1 80
1740770576514 0.1 81
1740770579907 0.1 82
1740770583136 0.1 83
1740770586233 0.1 84
1740770589455 0.1 85
1740770592549 0.1 86
1740770595631 0.1 87
1740770598978 0.1 88
1740770602407 0.1 89
1740770605460 0.1 90
1740770608750 0.1 91
1740770611886 0.1 92
1740770615110 0.1 93
1740770618203 0.1 94
1740770621468 0.1 95
1740770624583 0.1 96
1740770627861 0.1 97
1740770631111 0.1 98
1740770634283 0.1 99
1740770637320 0.1 100
1740770640729 0.1 101
1740770643822 0.1 102
1740770646819 0.1 103
1740770649952 0.1 104
1740770653058 0.1 105
1740770656176 0.1 106
1740770659384 0.1 107
1740770662461 0.1 108
1740770665773 0.1 109
1740770668748 0.1 110
1740770671718 0.1 111
1740770674995 0.1 112
1740770677953 0.1 113
1740770681430 0.1 114
1740770684643 0.1 115
1740770687884 0.1 116
1740770690808 0.1 117
1740770694042 0.1 118
1740770697418 0.1 119
1740770700752 0.1 120
1740770703999 0.1 121
1740770707235 0.1 122
1740770710352 0.1 123
1740770713597 0.1 124
1740770716603 0.1 125
1740770719807 0.1 126
1740770723040 0.1 127
1740770726196 0.1 128
1740770729305 0.1 129
1740770732565 0.1 130
1740770735751 0.1 131
1740770738939 0.1 132
1740770742118 0.1 133
1740770745233 0.1 134
1740770748406 0.1 135
1740770751817 0.1 136
1740770755078 0.1 137
1740770758106 0.1 138
1740770761382 0.1 139
1740770764822 0.1 140
1740770768129 0.1 141
1740770771381 0.1 142
1740770774703 0.1 143
1740770777955 0.1 144
1740770781452 0.1 145
1740770784862 0.1 146
1740770788497 0.1 147
1740770791930 0.1 148
1740770795443 0.1 149
1740770798907 0.1 150
1740770802488 0.1 151
1740770805655 0.1 152
1740770809196 0.1 153
1740770812493 0.1 154
1740770815949 0.1 155
1740770819401 0.1 156
1740770822673 0.1 157
1740770825827 0.1 158
1740770829020 0.1 159
1740770832093 0.1 160
1740770835716 0.1 161
1740770838700 0.1 162
1740770841719 0.1 163
1740770845179 0.1 164
1740770848425 0.1 165
1740770851506 0.1 166
1740770854467 0.1 167
1740770857805 0.1 168
1740770861211 0.1 169
1740770864475 0.1 170
1740770867749 0.1 171
1740770871020 0.1 172
1740770874094 0.1 173
1740770877286 0.1 174
1740770880619 0.1 175
1740770883993 0.1 176
1740770887287 0.1 177
1740770890403 0.1 178
1740770893492 0.1 179
1740770896685 0.1 180
1740770899839 0.1 181
1740770902980 0.1 182
1740770906391 0.1 183
1740770909702 0.1 184
1740770912809 0.1 185
1740770916214 0.1 186
1740770919611 0.1 187
1740770922942 0.1 188
1740770926048 0.1 189
1740770929478 0.1 190
1740770932940 0.1 191
1740770936006 0.1 192
1740770939308 0.1 193
1740770942621 0.1 194
1740770946078 0.1 195
1740770949233 0.1 196
1740770952511 0.1 197
1740770955980 0.1 198
1740770959385 0.1 199
1740770962455 0.1 200
1740770965987 0.1 201
1740770969291 0.1 202
1740770972650 0.1 203
1740770975815 0.1 204
1740770979257 0.1 205
1740770982591 0.1 206
1740770985916 0.1 207
1740770989099 0.1 208
1740770992305 0.1 209
1740770995500 0.1 210
1740770998975 0.1 211
1740771002374 0.1 212
1740771005677 0.1 213
1740771008987 0.1 214
1740771012273 0.1 215
1740771015445 0.1 216
1740771018707 0.1 217
1740771021907 0.1 218
1740771025091 0.1 219
1740771028247 0.1 220
1740771031565 0.1 221
1740771034693 0.1 222
1740771038032 0.1 223
1740771041253 0.1 224
1740771044371 0.1 225
1740771047962 0.1 226
1740771051330 0.1 227
1740771054691 0.1 228
1740771057733 0.1 229
1740771060951 0.1 230
1740771064264 0.1 231
1740771067241 0.1 232
1740771070561 0.1 233
1740771073723 0.1 234
1740771076935 0.1 235
1740771080196 0.1 236
1740771083498 0.1 237
1740771086718 0.1 238
1740771090081 0.1 239
1740771093339 0.1 240
1740771096475 0.1 241
1740771099758 0.1 242
1740771102977 0.1 243
1740771106200 0.1 244
1740771109629 0.1 245
1740771112826 0.1 246
1740771116235 0.1 247
1740771119431 0.1 248
1740771122708 0.1 249
1740771125893 0.1 250
1740771129408 0.1 251
1740771132629 0.1 252
1740771135893 0.1 253
1740771136420 0.1 254
1740771139709 0.1 255
1740771143019 0.1 256
1740771146398 0.1 257
1740771149485 0.1 258
1740771152572 0.1 259
1740771155867 0.1 260
1740771159225 0.1 261
1740771162477 0.1 262
1740771165739 0.1 263
1740771169165 0.1 264
1740771172660 0.1 265
1740771176050 0.1 266
1740771179474 0.1 267
1740771182947 0.1 268
1740771186267 0.1 269
1740771189898 0.1 270
1740771193052 0.1 271
1740771196409 0.1 272
1740771199685 0.1 273
1740771202918 0.1 274
1740771206266 0.1 275
1740771209683 0.1 276
1740771212878 0.1 277
1740771216219 0.1 278
1740771219546 0.1 279
1740771222542 0.1 280
1740771225904 0.1 281
1740771229154 0.1 282
1740771232479 0.1 283
1740771236067 0.1 284
1740771239491 0.1 285
1740771242828 0.1 286
1740771246153 0.1 287
1740771249475 0.1 288
1740771252762 0.1 289
1740771256257 0.1 290
1740771259482 0.1 291
1740771262732 0.1 292
1740771266075 0.1 293
1740771269304 0.1 294
1740771272511 0.1 295
1740771275725 0.1 296
1740771279022 0.1 297
1740771282257 0.1 298
1740771285477 0.1 299
1740771288787 0.1 300
1740771292386 0.1 301
1740771295854 0.1 302
1740771299452 0.1 303
1740771302822 0.1 304
1740771306184 0.1 305
1740771309381 0.1 306
1740771312686 0.1 307
