1740770322370 0.09242765998674764 0
1740770325537 0.06255720227956772 1
1740770328582 0.04795238330960274 2
1740770331680 0.04820884317159653 3
1740770334724 0.03946079306304455 4
1740770337824 0.03498480565845966 5
1740770340955 0.0411528354883194 6
1740770343934 0.040101364627480506 7
1740770346919 0.04164172232151032 8
1740770350019 0.052560106217861176 9
1740770353080 0.046686959341168406 10
1740770356061 0.047038407623767854 11
1740770359041 0.04689748823642731 12
1740770362022 0.03950320053845644 13
1740770365039 0.0341953831538558 14
1740770368245 0.030886918678879736 15
1740770371340 0.02292258070781827 16
1740770374338 0.02315703870728612 17
1740770377468 0.019894029619172214 18
1740770380461 0.019514805106446147 19
1740770383449 0.0277334563806653 20
1740770386853 0.025510005922988056 21
1740770390271 0.040548943178728224 22
1740770393618 0.03096445321571082 23
1740770396959 0.04434072382748127 24
1740770400071 0.039786798148415986 25
1740770403095 0.05166034233290702 26
1740770406350 0.0367482468765229 27
1740770409621 0.033872104822658004 28
1740770412846 0.026748584331944585 29
1740770415832 0.03827863486018032 30
1740770419161 0.0904018731135875 31
1740770422359 0.05388445439748466 32
1740770425517 0.06255865052808077 33
1740770428849 0.033355184653773906 34
1740770431916 0.07485358640085905 35
1740770434971 0.096066211219877 36
1740770438108 0.11365483224391937 37
1740770441143 0.03636669483035803 38
1740770444340 0.06715492668561637 39
1740770447638 0.16232926630415023 40
1740770450687 0.12256487363483756 41
1740770453630 0.1363457010500133 42
1740770456825 0.10527102745138109 43
1740770459866 0.1573566938471049 44
1740770462810 0.1441665750881657 45
1740770465786 0.16076862200628966 46
1740770468688 0.1117440635804087 47
1740770471980 0.1719021647516638 48
1740770475132 0.13596177008002996 49
1740770478112 0.1753061691718176 50
1740770481118 0.21559874116443098 51
1740770484068 0.12061174111906439 52
1740770486964 0.2845882792584598 53
1740770490021 0.2270160973491147 54
1740770493074 0.12108341526705772 55
1740770496113 0.23560242781415583 56
1740770499119 0.21749475342221558 57
1740770502342 0.34025189094245434 58
1740770505331 0.18853657219093292 59
1740770508521 0.29244659636635334 60
1740770511760 0.13974417800083758 61
1740770515061 0.2887594402814284 62
1740770518495 0.17292067324742674 63
1740770521829 0.33518224927596746 64
1740770525217 0.47739284846931695 65
1740770528425 0.10724363900721073 66
1740770531374 0.29502913846634327 67
1740770534452 0.41225846972316504 68
1740770537580 0.32274944629054514 69
1740770541166 0.2648067678231746 70
1740770544216 0.47492560277692975 71
1740770547388 0.08061772699002176 72
1740770550457 0.18889306233264505 73
1740770553642 0.23810452508740126 74
1740770556725 0.4034199001081288 75
1740770559947 0.30300569686107337 76
1740770563291 0.3946071806317195 77
1740770566778 0.3610093777067959 78
1740770570013 0.5544243005197496 79
1740770573192 0.26612522997893395 80
1740770576514 0.33422617360949514 81
1740770579907 0.32134803460910916 82
1740770583136 0.17898062575608492 83
1740770586233 0.3110286270547658 84
1740770589455 0.22055130595806985 85
1740770592549 0.3218412088602781 86
1740770595631 0.4324311597831547 87
1740770598978 0.27229188978206365 88
1740770602407 0.5579731587693095 89
1740770605460 0.1626018929993734 90
1740770608750 0.24582202358171343 91
1740770611886 0.5904220639495179 92
1740770615110 0.3792412260919809 93
1740770618203 0.39994687892496583 94
1740770621468 0.46565467030741275 95
1740770624583 0.42430397160351274 96
1740770627861 0.33228077105246484 97
1740770631111 0.34040703628212216 98
1740770634283 0.7566628643218428 99
1740770637320 0.6771570511721074 100
1740770640729 0.31655801174696535 101
1740770643822 0.3143646193575114 102
1740770646819 0.3681366703286767 103
1740770649952 0.3281896236352623 104
1740770653058 0.5250465413648635 105
1740770656176 0.5190474325651303 106
1740770659384 0.40191419537644835 107
1740770662461 0.6490627436339855 108
1740770665773 0.7909838728932663 109
1740770668748 0.5555292737390846 110
1740770671718 0.9598264378448949 111
1740770674995 0.4226670652395114 112
1740770677953 0.2348709400324151 113
1740770681430 0.2760422907304019 114
1740770684643 0.40706593696959315 115
1740770687884 0.3732356476224959 116
1740770690808 0.41366557418368755 117
1740770694042 0.6423666482139379 118
1740770697418 1.025996165983379 119
1740770700752 0.7177439940162003 120
1740770703999 0.4063741802144796 121
1740770707235 0.46825272261630746 122
1740770710352 1.1332011129613966 123
1740770713597 0.6018591584917158 124
1740770716603 0.7839807392004877 125
1740770719807 0.44874711519572885 126
1740770723040 0.8829066894203424 127
1740770726196 0.7732460492197424 128
1740770729305 0.7163534134626388 129
1740770732565 0.7638823679834604 130
1740770735751 0.5221465567313135 131
1740770738939 0.4545709774456918 132
1740770742118 0.8067770409910008 133
1740770745233 0.8591227204725146 134
1740770748406 1.1403227729629726 135
1740770751817 0.3809618764650077 136
1740770755078 0.7637834978569299 137
1740770758106 1.2700617027655243 138
1740770761382 0.6645282746292651 139
1740770764822 0.5691172336786985 140
1740770768129 0.8746840418688953 141
1740770771381 0.7933033202309161 142
1740770774703 1.2131159017980098 143
1740770777955 0.36016440958715973 144
1740770781452 1.094395351279527 145
1740770784862 0.47838374295271935 146
1740770788497 0.5386582921631634 147
1740770791930 0.3690189108066261 148
1740770795443 1.1316480446327477 149
1740770798907 0.2815027220919728 150
1740770802488 0.6432086399849504 151
1740770805655 1.0373856408614666 152
1740770809196 0.5733968403004109 153
1740770812493 1.5936844295915216 154
1740770815949 0.8218266594596207 155
1740770819401 0.7080244171246887 156
1740770822673 1.00630989857018 157
1740770825827 0.6611843159981072 158
1740770829020 0.8297722911275923 159
1740770832093 0.4576063773874193 160
1740770835716 0.772620062911883 161
1740770838700 1.0002863255143166 162
1740770841719 0.6459391814097762 163
1740770845179 1.2879033066611738 164
1740770848425 0.828068023743108 165
1740770851506 1.0635542283207178 166
1740770854467 0.9536658555548638 167
1740770857805 1.1947340806480498 168
1740770861211 0.7517245640279725 169
1740770864475 0.7309766441769898 170
1740770867749 0.5728535568341613 171
1740770871020 1.7760908175166696 172
1740770874094 1.2757260403595865 173
1740770877286 1.1984975257050245 174
1740770880619 0.37765666330233216 175
1740770883993 1.7046513530425726 176
1740770887287 0.7132359744049609 177
1740770890403 1.1802063533943146 178
1740770893492 0.9616175143700093 179
1740770896685 1.5851393572613597 180
1740770899839 1.0975365580245853 181
1740770902980 1.2215256469510496 182
1740770906391 1.1200475583784282 183
1740770909702 1.2147216682881117 184
1740770912809 1.3462009865697473 185
1740770916214 0.8787118767388165 186
1740770919611 1.3897378301713617 187
1740770922942 1.2468887541070581 188
1740770926048 0.29288224831223486 189
1740770929478 0.9002844935655594 190
1740770932940 0.9300218032998964 191
1740770936006 0.9326369276735932 192
1740770939308 1.856204244089313 193
1740770942621 0.34883406398817896 194
1740770946078 1.4527840042766185 195
1740770949233 0.8207507676212117 196
1740770952511 0.5624322340730578 197
1740770955980 0.7678169045038521 198
1740770959385 1.205873012538068 199
1740770962455 1.9138668342679739 200
1740770965987 0.9770177196525037 201
1740770969291 0.7145961807202548 202
1740770972650 0.6279777706135065 203
1740770975815 0.21335214421153068 204
1740770979257 1.0695105662709101 205
1740770982591 0.9343368859402835 206
1740770985916 0.7377436545863748 207
1740770989099 1.134554583299905 208
1740770992305 0.8107372457906604 209
1740770995500 1.0947467773314565 210
1740770998975 0.7100180107913912 211
1740771002374 0.6831078895553947 212
1740771005677 0.7693736080918461 213
1740771008987 0.3904626830480993 214
1740771012273 0.6090149344969541 215
1740771015445 1.2385207770671696 216
1740771018707 0.42109033551532776 217
1740771021907 1.1038274531345815 218
1740771025091 0.80765579611063 219
1740771028247 0.9601326902210713 220
1740771031565 1.0654088764451444 221
1740771034693 1.1884908441174775 222
1740771038032 0.8593188823480159 223
1740771041253 1.748416256075725 224
1740771044371 0.7746003972552716 225
1740771047962 1.056931807026267 226
1740771051330 0.9993288424238562 227
1740771054691 1.0212515887431801 228
1740771057733 0.9979891567677259 229
1740771060951 0.5825052098371089 230
1740771064264 1.6039043001271784 231
1740771067241 1.1623512724600733 232
1740771070561 0.5405395862925798 233
1740771073723 1.2556395170278847 234
1740771076935 1.2833354474510998 235
1740771080196 1.3003260301332922 236
1740771083498 1.1128009086847306 237
1740771086718 0.8158861863799394 238
1740771090081 1.3480976868979633 239
1740771093339 0.6797882763296366 240
1740771096475 1.3096133726462722 241
1740771099758 0.9298223221069202 242
1740771102977 1.5622536915540695 243
1740771106200 1.3919784144312144 244
1740771109629 1.616514378786087 245
1740771112826 2.0219444456510245 246
1740771116235 1.5223378720600158 247
1740771119431 1.5317945774830877 248
1740771122708 1.1979475697316229 249
1740771125893 1.1614982831291853 250
1740771129408 0.7881891985237598 251
1740771132629 1.1748606361076235 252
1740771135893 0.7999344706628472 253
1740771136420 0.0 254
1740771139709 1.0751124044228346 255
1740771143019 1.535081838206388 256
1740771146398 1.6237844520621 257
1740771149485 1.1059310674201697 258
1740771152572 1.043785557122901 259
1740771155867 1.6812193175591528 260
1740771159225 1.1889996768441051 261
1740771162477 0.8750956503488123 262
1740771165739 1.5796955262310803 263
1740771169165 1.2455691410508007 264
1740771172660 1.148280462361872 265
1740771176050 1.9494452796410768 266
1740771179474 0.9518751375749708 267
1740771182947 1.9561221747566016 268
1740771186267 0.9025685937609523 269
1740771189898 1.272301520993933 270
1740771193052 1.574075816590339 271
1740771196409 1.7682194045558572 272
1740771199685 1.0571019734209404 273
1740771202918 1.6734888449171559 274
1740771206266 0.6915456543117762 275
1740771209683 1.455049811899662 276
1740771212878 0.6605245890468359 277
1740771216219 1.0057237789034843 278
1740771219546 1.9059430509246886 279
1740771222542 1.965067029427737 280
1740771225904 0.8653575046826154 281
1740771229154 2.0739494339097293 282
1740771232479 2.2730178298056125 283
1740771236067 1.6212127228174358 284
1740771239491 1.7415098842047154 285
1740771242828 1.989695511162281 286
1740771246153 1.103096643090248 287
1740771249475 1.0844430341850966 288
1740771252762 1.2379921649675816 289
1740771256257 0.578360410137102 290
1740771259482 2.1220112918131053 291
1740771262732 0.014898126423358917 292
1740771266075 1.5025938615389167 293
1740771269304 1.7239103739336132 294
1740771272511 1.591927529098466 295
1740771275725 0.6056981752440334 296
1740771279022 1.7748349423892795 297
1740771282257 0.8448094090633095 298
1740771285477 1.38869341686368 299
1740771288787 1.0806379082985222 300
1740771292386 2.2188316013850273 301
1740771295854 2.319776077494025 302
1740771299452 1.7009125714562834 303
1740771302822 0.8570064337551594 304
1740771306184 1.3654006222914905 305
1740771309381 2.1759112611599267 306
1740771312686 1.526704200990498 307
