1740770322370 0.12790081221951727 0
1740770325537 0.05556805483251988 1
1740770328582 0.04226314703859432 2
1740770331680 0.09195269480905437 3
1740770334724 0.053254189862017645 4
1740770337824 0.056789522157808456 5
1740770340955 0.08962687707625032 6
1740770343934 0.09578564410086635 7
1740770346919 0.07939485662122911 8
1740770350019 0.09565446234981435 9
1740770353080 0.08802493683852605 10
1740770356061 0.138626664368703 11
1740770359041 0.04869852210517982 12
1740770362022 0.04847311267221348 13
1740770365039 0.12106757565258378 14
1740770368245 0.09267348097991279 15
1740770371340 0.08784827707745523 16
1740770374338 0.05327004510753875 17
1740770377468 0.07935903563622436 18
1740770380461 0.07989460093446485 19
1740770383449 0.09436944512553637 20
1740770386853 0.04701426678522849 21
1740770390271 0.04810223680409163 22
1740770393618 0.06372311105042054 23
1740770396959 0.05250919189204948 24
1740770400071 0.09683167179792154 25
1740770403095 0.04511294518055317 26
1740770406350 0.16960328718035836 27
1740770409621 0.06908466786234957 28
1740770412846 0.07101666442881252 29
1740770415832 0.07633506091299049 30
1740770419161 0.06450949227352822 31
1740770422359 0.10902926315086275 32
1740770425517 0.056317013954167446 33
1740770428849 0.11891748648875139 34
1740770431916 0.07710649222507826 35
1740770434971 0.049277008889585944 36
1740770438108 0.13963831259990414 37
1740770441143 0.09094703760027734 38
1740770444340 0.10588070044917006 39
1740770447638 0.08479387785614684 40
1740770450687 0.10421193358792256 41
1740770453630 0.22896835092801968 42
1740770456825 0.054039484750231015 43
1740770459866 0.09337880005770118 44
1740770462810 0.11251594233985401 45
1740770465786 0.041373572251088106 46
1740770468688 0.11301633269004899 47
1740770471980 0.09075429980567165 48
1740770475132 0.05466105079801126 49
1740770478112 0.07575022360199528 50
1740770481118 0.1417883008667975 51
1740770484068 0.04784839401733678 52
1740770486964 0.07850022284198813 53
1740770490021 0.0730922494920106 54
1740770493074 0.0738062220828521 55
1740770496113 0.05164570617211609 56
1740770499119 0.083780107216608 57
1740770502342 0.0465981891604097 58
1740770505331 0.33586842910412096 59
1740770508521 0.03505492038108328 60
1740770511760 0.1785756368373406 61
1740770515061 0.050891395483148597 62
1740770518495 0.04956478690838433 63
1740770521829 0.04321841499166472 64
1740770525217 0.056351619469857485 65
1740770528425 0.05509449975105512 66
1740770531374 0.06760235349876999 67
1740770534452 0.06060660298869212 68
1740770537580 0.0806658378867246 69
1740770541166 0.05881870189078517 70
1740770544216 0.05864569157944923 71
1740770547388 0.13925146783017556 72
1740770550457 0.0582812463308775 73
1740770553642 0.1356335900849136 74
1740770556725 0.07129999890809373 75
1740770559947 0.26625494422419654 76
1740770563291 0.11342802575566654 77
1740770566778 0.06750086933781828 78
1740770570013 0.06030253806405733 79
1740770573192 0.13388710943900795 80
1740770576514 0.06699963376455022 81
1740770579907 0.03791389842078115 82
1740770583136 0.0808467490055768 83
1740770586233 0.0476331007086445 84
1740770589455 0.04236772666003885 85
1740770592549 0.23390038018977374 86
1740770595631 0.05855248345633582 87
1740770598978 0.05797641227562286 88
1740770602407 0.06916785976797891 89
1740770605460 0.08513605691944262 90
1740770608750 0.0527543790264659 91
1740770611886 0.15313213125704508 92
1740770615110 0.047517418848223254 93
1740770618203 0.13558895804765775 94
1740770621468 0.0988482924828949 95
1740770624583 0.13880847586537898 96
1740770627861 0.08188729937715143 97
1740770631111 0.07041925441552703 98
1740770634283 0.05448871012267225 99
1740770637320 0.08665300352595576 100
1740770640729 0.04299749272820003 101
1740770643822 0.05872523728461902 102
1740770646819 0.06390899837711655 103
1740770649952 0.05470277769948151 104
1740770653058 0.12359392295827698 105
1740770656176 0.1986958897876622 106
1740770659384 0.12051709111385092 107
1740770662461 0.03913483695738254 108
1740770665773 0.04212413724818141 109
1740770668748 0.04413875578376384 110
1740770671718 0.07137568593736446 111
1740770674995 0.054446158880483396 112
1740770677953 0.06885508176991964 113
1740770681430 0.25766431594729755 114
1740770684643 0.21645396235976663 115
1740770687884 0.055494762684357074 116
1740770690808 0.131479905341556 117
1740770694042 0.38861356029393995 118
1740770697418 0.12660534274977883 119
1740770700752 0.06816224066448247 120
1740770703999 0.1721412553226646 121
1740770707235 0.06356399446497521 122
1740770710352 0.04953782748079643 123
1740770713597 0.06280876022368044 124
1740770716603 0.06676658509367991 125
1740770719807 0.0712440906850883 126
1740770723040 0.05544536141010144 127
1740770726196 0.10063546559388936 128
1740770729305 0.08157497762384601 129
1740770732565 0.13457480593150278 130
1740770735751 0.06654829335068799 131
1740770738939 0.28235187853155813 132
1740770742118 0.04386656988039137 133
1740770745233 0.0357411081497602 134
1740770748406 0.06548827191433279 135
1740770751817 0.11915087709775676 136
1740770755078 0.057675566718130844 137
1740770758106 0.09139138525319235 138
1740770761382 0.4454086550308364 139
1740770764822 0.10615023495672718 140
1740770768129 0.1063317685619961 141
1740770771381 0.05743795530322509 142
1740770774703 0.0643631869664749 143
1740770777955 0.06460250760805637 144
1740770781452 0.05973728289720829 145
1740770784862 0.10668691436779831 146
1740770788497 0.04018679682757303 147
1740770791930 0.12047995458080188 148
1740770795443 0.054142301555494925 149
1740770798907 0.05954989306408036 150
1740770802488 0.039076004809298376 151
1740770805655 0.08816054984661967 152
1740770809196 0.07387518882933856 153
1740770812493 0.15083316680591977 154
1740770815949 0.11068492096625261 155
1740770819401 0.08496949986938811 156
1740770822673 0.26969478388415946 157
1740770825827 0.2301519892093922 158
1740770829020 0.06913729915962614 159
1740770832093 0.06961766211605576 160
1740770835716 0.1016409177270927 161
1740770838700 0.29233480858285404 162
1740770841719 0.05313634522723044 163
1740770845179 0.07695810732293 164
1740770848425 0.04608241970254089 165
1740770851506 0.1510186855769544 166
1740770854467 0.11145273396279355 167
1740770857805 0.08100383003782802 168
1740770861211 0.06761641251181785 169
1740770864475 0.10165049237611981 170
1740770867749 0.2423711520155779 171
1740770871020 0.07118428629134502 172
1740770874094 0.1346502299605442 173
1740770877286 0.06293650765471251 174
1740770880619 0.05471150229715318 175
1740770883993 0.05479308938305952 176
1740770887287 0.0795419574766874 177
1740770890403 0.033990181331661956 178
1740770893492 0.05691978325275738 179
1740770896685 0.09066478065757438 180
1740770899839 0.10200985313864631 181
1740770902980 0.07253263565151614 182
1740770906391 0.04365381026857385 183
1740770909702 0.10341971098689456 184
1740770912809 0.12493801743838723 185
1740770916214 0.06408729889960581 186
1740770919611 0.03514114687855116 187
1740770922942 0.09403392169237307 188
1740770926048 0.060470358970003746 189
1740770929478 0.12858980151632637 190
1740770932940 0.05250722711218615 191
1740770936006 0.09489763904861227 192
1740770939308 0.3019116156753315 193
1740770942621 0.06960691630347397 194
1740770946078 0.09600829907953429 195
1740770949233 0.10895308203207374 196
1740770952511 0.06268885328209982 197
1740770955980 0.08150875200256938 198
1740770959385 0.055375360864541756 199
1740770962455 0.06582670308225919 200
1740770965987 0.07420466034462235 201
1740770969291 0.0793558534578908 202
1740770972650 0.045093234778038165 203
1740770975815 0.1478998743791825 204
1740770979257 0.06663024430672722 205
1740770982591 0.0708913873325771 206
1740770985916 0.06041257678068408 207
1740770989099 0.04719097752894861 208
1740770992305 0.06593886744598128 209
1740770995500 0.06892182618447285 210
1740770998975 0.12178309762536178 211
1740771002374 0.04439025437074466 212
1740771005677 0.05257922781632285 213
1740771008987 0.07406035025135882 214
1740771012273 0.1499492915157076 215
1740771015445 0.08740907718673097 216
1740771018707 0.19043216448434422 217
1740771021907 0.3015225201389906 218
1740771025091 0.07833598869095122 219
1740771028247 0.07500101731175349 220
1740771031565 0.041984146264861924 221
1740771034693 0.0449365949712021 222
1740771038032 0.738803857100813 223
1740771041253 0.06292608893082821 224
1740771044371 0.06703594084993345 225
1740771047962 0.11378769448570494 226
1740771051330 0.06518543035374204 227
1740771054691 0.1236838542712478 228
1740771057733 0.08979292477319527 229
1740771060951 0.0746256345271575 230
1740771064264 0.1936916451945363 231
1740771067241 0.32508765766353465 232
1740771070561 0.07602110214788073 233
1740771073723 0.13168884714818443 234
1740771076935 0.056941736671914905 235
1740771080196 0.09229489863832868 236
1740771083498 0.10464729295991891 237
1740771086718 0.09978911674713949 238
1740771090081 0.07225048073746898 239
1740771093339 0.04020630671971382 240
1740771096475 0.057324626809944094 241
1740771099758 0.07898139563064245 242
1740771102977 0.11195793772460119 243
1740771106200 0.06554330063344911 244
1740771109629 0.1871548719194595 245
1740771112826 0.0569761637902422 246
1740771116235 0.09692982314858316 247
1740771119431 0.05273080026719799 248
1740771122708 0.05442908129270613 249
1740771125893 0.12735017431236056 250
1740771129408 0.08950946576010216 251
1740771132629 0.07960912573907458 252
1740771135893 0.07310155325194778 253
1740771136420 1.028593231900634 254
1740771139709 0.0592420325359964 255
1740771143019 0.06619530235231702 256
1740771146398 0.06900344584277089 257
1740771149485 0.06672319183841662 258
1740771152572 0.044677540297408065 259
1740771155867 0.073555910733409 260
1740771159225 0.12948115318775294 261
1740771162477 0.05389407489782297 262
1740771165739 0.07070291009919799 263
1740771169165 0.057311123896127 264
1740771172660 0.04161633989934216 265
1740771176050 0.04891408056358954 266
1740771179474 0.07034566654479935 267
1740771182947 0.11775986922468261 268
1740771186267 0.07824496476143464 269
1740771189898 0.10575619283629153 270
1740771193052 0.10579427172121832 271
1740771196409 0.348762989378826 272
1740771199685 0.11668718837711926 273
1740771202918 0.18792853789671382 274
1740771206266 0.047650370690185066 275
1740771209683 0.3160514382198571 276
1740771212878 0.24346837220866455 277
1740771216219 0.07839937409735556 278
1740771219546 0.08647375900498387 279
1740771222542 0.047106043740652845 280
1740771225904 0.0784648854891326 281
1740771229154 0.0598947895206539 282
1740771232479 0.06601388737008834 283
1740771236067 0.21615676639685882 284
1740771239491 0.04390739564820522 285
1740771242828 0.9429043763297199 286
1740771246153 0.04459485561526926 287
1740771249475 0.08806299107705849 288
1740771252762 0.058282727123799234 289
1740771256257 0.07362490933204356 290
1740771259482 0.055920357318664786 291
1740771262732 0.053757691397188785 292
1740771266075 0.07938635815054693 293
1740771269304 0.3199849475049012 294
1740771272511 0.0587649128498183 295
1740771275725 0.18658574856170812 296
1740771279022 0.060223618661638556 297
1740771282257 0.07870860836607237 298
1740771285477 0.06503312219095006 299
1740771288787 0.9788260598896618 300
1740771292386 0.04152498261981071 301
1740771295854 0.07194977156440067 302
1740771299452 0.16079503465177922 303
1740771302822 0.06727116553281372 304
1740771306184 0.05996950679920107 305
1740771309381 0.10835173544624369 306
1740771312686 0.046563028093164024 307
