1740770322370 12.790081221951727 0
1740770325537 5.5568054832519875 1
1740770328582 4.226314703859432 2
1740770331680 9.195269480905436 3
1740770334724 5.325418986201765 4
1740770337824 5.678952215780845 5
1740770340955 8.962687707625031 6
1740770343934 9.578564410086635 7
1740770346919 7.9394856621229115 8
1740770350019 9.565446234981435 9
1740770353080 8.802493683852605 10
1740770356061 13.8626664368703 11
1740770359041 4.869852210517982 12
1740770362022 4.847311267221348 13
1740770365039 12.106757565258377 14
1740770368245 9.26734809799128 15
1740770371340 8.784827707745523 16
1740770374338 5.327004510753875 17
1740770377468 7.9359035636224355 18
1740770380461 7.989460093446485 19
1740770383449 9.436944512553637 20
1740770386853 4.701426678522849 21
1740770390271 4.810223680409163 22
1740770393618 6.372311105042054 23
1740770396959 5.250919189204948 24
1740770400071 9.683167179792154 25
1740770403095 4.511294518055317 26
1740770406350 16.960328718035836 27
1740770409621 6.908466786234957 28
1740770412846 7.1016664428812515 29
1740770415832 7.633506091299049 30
1740770419161 6.4509492273528215 31
1740770422359 10.902926315086276 32
1740770425517 5.631701395416744 33
1740770428849 11.891748648875138 34
1740770431916 7.710649222507826 35
1740770434971 4.9277008889585945 36
1740770438108 13.963831259990414 37
1740770441143 9.094703760027734 38
1740770444340 10.588070044917005 39
1740770447638 8.479387785614684 40
1740770450687 10.421193358792257 41
1740770453630 22.896835092801968 42
1740770456825 5.4039484750231015 43
1740770459866 9.337880005770117 44
1740770462810 11.2515942339854 45
1740770465786 4.13735722510881 46
1740770468688 11.301633269004899 47
1740770471980 9.075429980567165 48
1740770475132 5.4661050798011255 49
1740770478112 7.575022360199528 50
1740770481118 14.17883008667975 51
1740770484068 4.784839401733678 52
1740770486964 7.850022284198812 53
1740770490021 7.3092249492010595 54
1740770493074 7.380622208285211 55
1740770496113 5.164570617211609 56
1740770499119 8.3780107216608 57
1740770502342 4.65981891604097 58
1740770505331 33.586842910412095 59
1740770508521 3.505492038108328 60
1740770511760 17.85756368373406 61
1740770515061 5.08913954831486 62
1740770518495 4.956478690838433 63
1740770521829 4.321841499166472 64
1740770525217 5.635161946985749 65
1740770528425 5.509449975105512 66
1740770531374 6.760235349876999 67
1740770534452 6.0606602988692115 68
1740770537580 8.06658378867246 69
1740770541166 5.8818701890785166 70
1740770544216 5.864569157944923 71
1740770547388 13.925146783017555 72
1740770550457 5.82812463308775 73
1740770553642 13.56335900849136 74
1740770556725 7.129999890809373 75
1740770559947 26.625494422419653 76
1740770563291 11.342802575566655 77
1740770566778 6.7500869337818274 78
1740770570013 6.030253806405733 79
1740770573192 13.388710943900794 80
1740770576514 6.699963376455022 81
1740770579907 3.791389842078115 82
1740770583136 8.08467490055768 83
1740770586233 4.76331007086445 84
1740770589455 4.236772666003885 85
1740770592549 23.390038018977375 86
1740770595631 5.855248345633582 87
1740770598978 5.797641227562286 88
1740770602407 6.916785976797891 89
1740770605460 8.513605691944262 90
1740770608750 5.2754379026465905 91
1740770611886 15.31321312570451 92
1740770615110 4.751741884822326 93
1740770618203 13.558895804765774 94
1740770621468 9.88482924828949 95
1740770624583 13.880847586537897 96
1740770627861 8.188729937715143 97
1740770631111 7.041925441552703 98
1740770634283 5.448871012267225 99
1740770637320 8.665300352595576 100
1740770640729 4.299749272820003 101
1740770643822 5.8725237284619025 102
1740770646819 6.390899837711656 103
1740770649952 5.470277769948151 104
1740770653058 12.359392295827698 105
1740770656176 19.86958897876622 106
1740770659384 12.051709111385092 107
1740770662461 3.913483695738254 108
1740770665773 4.212413724818141 109
1740770668748 4.413875578376384 110
1740770671718 7.137568593736446 111
1740770674995 5.4446158880483395 112
1740770677953 6.885508176991964 113
1740770681430 25.766431594729756 114
1740770684643 21.645396235976662 115
1740770687884 5.549476268435708 116
1740770690808 13.147990534155602 117
1740770694042 38.861356029393995 118
1740770697418 12.660534274977884 119
1740770700752 6.816224066448247 120
1740770703999 17.21412553226646 121
1740770707235 6.356399446497521 122
1740770710352 4.953782748079643 123
1740770713597 6.280876022368044 124
1740770716603 6.676658509367992 125
1740770719807 7.12440906850883 126
1740770723040 5.544536141010144 127
1740770726196 10.063546559388936 128
1740770729305 8.157497762384601 129
1740770732565 13.45748059315028 130
1740770735751 6.654829335068799 131
1740770738939 28.23518785315581 132
1740770742118 4.386656988039137 133
1740770745233 3.57411081497602 134
1740770748406 6.548827191433279 135
1740770751817 11.915087709775676 136
1740770755078 5.767556671813084 137
1740770758106 9.139138525319234 138
1740770761382 44.54086550308364 139
1740770764822 10.615023495672718 140
1740770768129 10.63317685619961 141
1740770771381 5.743795530322509 142
1740770774703 6.436318696647491 143
1740770777955 6.460250760805637 144
1740770781452 5.973728289720829 145
1740770784862 10.668691436779831 146
1740770788497 4.018679682757303 147
1740770791930 12.047995458080187 148
1740770795443 5.414230155549492 149
1740770798907 5.954989306408036 150
1740770802488 3.9076004809298377 151
1740770805655 8.816054984661967 152
1740770809196 7.387518882933856 153
1740770812493 15.083316680591977 154
1740770815949 11.068492096625262 155
1740770819401 8.49694998693881 156
1740770822673 26.969478388415943 157
1740770825827 23.01519892093922 158
1740770829020 6.913729915962615 159
1740770832093 6.961766211605576 160
1740770835716 10.16409177270927 161
1740770838700 29.233480858285404 162
1740770841719 5.313634522723044 163
1740770845179 7.695810732293 164
1740770848425 4.608241970254089 165
1740770851506 15.101868557695438 166
1740770854467 11.145273396279356 167
1740770857805 8.100383003782802 168
1740770861211 6.761641251181786 169
1740770864475 10.165049237611981 170
1740770867749 24.237115201557792 171
1740770871020 7.118428629134502 172
1740770874094 13.46502299605442 173
1740770877286 6.293650765471251 174
1740770880619 5.471150229715318 175
1740770883993 5.479308938305952 176
1740770887287 7.954195747668739 177
1740770890403 3.3990181331661953 178
1740770893492 5.691978325275738 179
1740770896685 9.066478065757439 180
1740770899839 10.200985313864631 181
1740770902980 7.253263565151615 182
1740770906391 4.365381026857385 183
1740770909702 10.341971098689456 184
1740770912809 12.493801743838723 185
1740770916214 6.408729889960581 186
1740770919611 3.5141146878551157 187
1740770922942 9.403392169237307 188
1740770926048 6.047035897000375 189
1740770929478 12.858980151632636 190
1740770932940 5.250722711218615 191
1740770936006 9.489763904861228 192
1740770939308 30.19116156753315 193
1740770942621 6.960691630347397 194
1740770946078 9.600829907953429 195
1740770949233 10.895308203207374 196
1740770952511 6.268885328209982 197
1740770955980 8.150875200256937 198
1740770959385 5.537536086454176 199
1740770962455 6.582670308225919 200
1740770965987 7.420466034462235 201
1740770969291 7.93558534578908 202
1740770972650 4.509323477803816 203
1740770975815 14.789987437918251 204
1740770979257 6.663024430672722 205
1740770982591 7.089138733257711 206
1740770985916 6.041257678068408 207
1740770989099 4.719097752894861 208
1740770992305 6.593886744598128 209
1740770995500 6.8921826184472845 210
1740770998975 12.178309762536179 211
1740771002374 4.439025437074466 212
1740771005677 5.257922781632285 213
1740771008987 7.406035025135882 214
1740771012273 14.99492915157076 215
1740771015445 8.740907718673096 216
1740771018707 19.04321644843442 217
1740771021907 30.152252013899062 218
1740771025091 7.833598869095122 219
1740771028247 7.500101731175349 220
1740771031565 4.198414626486192 221
1740771034693 4.49365949712021 222
1740771038032 73.8803857100813 223
1740771041253 6.2926088930828215 224
1740771044371 6.703594084993345 225
1740771047962 11.378769448570495 226
1740771051330 6.518543035374203 227
1740771054691 12.36838542712478 228
1740771057733 8.979292477319527 229
1740771060951 7.46256345271575 230
1740771064264 19.36916451945363 231
1740771067241 32.50876576635346 232
1740771070561 7.602110214788072 233
1740771073723 13.168884714818445 234
1740771076935 5.694173667191491 235
1740771080196 9.229489863832868 236
1740771083498 10.46472929599189 237
1740771086718 9.978911674713949 238
1740771090081 7.2250480737468985 239
1740771093339 4.020630671971382 240
1740771096475 5.732462680994409 241
1740771099758 7.8981395630642455 242
1740771102977 11.195793772460119 243
1740771106200 6.554330063344911 244
1740771109629 18.71548719194595 245
1740771112826 5.69761637902422 246
1740771116235 9.692982314858316 247
1740771119431 5.273080026719799 248
1740771122708 5.442908129270613 249
1740771125893 12.735017431236056 250
1740771129408 8.950946576010216 251
1740771132629 7.960912573907459 252
1740771135893 7.310155325194779 253
1740771136420 1.028593231900634 254
1740771139709 5.92420325359964 255
1740771143019 6.619530235231703 256
1740771146398 6.900344584277089 257
1740771149485 6.672319183841661 258
1740771152572 4.4677540297408065 259
1740771155867 7.355591073340901 260
1740771159225 12.948115318775294 261
1740771162477 5.389407489782297 262
1740771165739 7.070291009919799 263
1740771169165 5.7311123896127 264
1740771172660 4.161633989934216 265
1740771176050 4.891408056358954 266
1740771179474 7.034566654479935 267
1740771182947 11.775986922468261 268
1740771186267 7.824496476143464 269
1740771189898 10.575619283629154 270
1740771193052 10.579427172121832 271
1740771196409 34.8762989378826 272
1740771199685 11.668718837711927 273
1740771202918 18.792853789671383 274
1740771206266 4.765037069018507 275
1740771209683 31.60514382198571 276
1740771212878 24.346837220866455 277
1740771216219 7.8399374097355565 278
1740771219546 8.647375900498387 279
1740771222542 4.7106043740652845 280
1740771225904 7.846488548913259 281
1740771229154 5.98947895206539 282
1740771232479 6.6013887370088336 283
1740771236067 21.615676639685883 284
1740771239491 4.390739564820522 285
1740771242828 94.29043763297199 286
1740771246153 4.459485561526926 287
1740771249475 8.806299107705849 288
1740771252762 5.828272712379923 289
1740771256257 7.362490933204357 290
1740771259482 5.592035731866479 291
1740771262732 5.375769139718878 292
1740771266075 7.938635815054693 293
1740771269304 31.99849475049012 294
1740771272511 5.87649128498183 295
1740771275725 18.658574856170812 296
1740771279022 6.022361866163855 297
1740771282257 7.870860836607236 298
1740771285477 6.503312219095006 299
1740771288787 97.88260598896618 300
1740771292386 4.152498261981071 301
1740771295854 7.194977156440067 302
1740771299452 16.079503465177922 303
1740771302822 6.727116553281372 304
1740771306184 5.996950679920107 305
1740771309381 10.835173544624368 306
1740771312686 4.6563028093164025 307
