1740786013814 0.995 0
1740786017267 0.990025 1
1740786020541 0.985074875 2
1740786024064 0.9801495006250001 3
1740786029028 0.9752487531218751 4
1740786032465 0.9703725093562657 5
1740786035815 0.9655206468094844 6
1740786039232 0.960693043575437 7
1740786042631 0.9558895783575597 8
1740786045959 0.9511101304657719 9
1740786049441 0.946354579813443 10
1740786052908 0.9416228069143757 11
1740786056379 0.9369146928798039 12
1740786059874 0.9322301194154049 13
1740786063273 0.9275689688183278 14
1740786066656 0.9229311239742362 15
1740786070125 0.918316468354365 16
1740786073600 0.9137248860125932 17
1740786077359 0.9091562615825302 18
1740786081104 0.9046104802746175 19
1740786084710 0.9000874278732445 20
1740786088501 0.8955869907338783 21
1740786092170 0.8911090557802088 22
1740786095759 0.8866535105013078 23
1740786099273 0.8822202429488013 24
1740786102979 0.8778091417340573 25
1740786106434 0.8734200960253871 26
1740786110148 0.8690529955452602 27
1740786113884 0.8647077305675338 28
1740786117633 0.8603841919146962 29
1740786121349 0.8560822709551227 30
1740786125539 0.851801859600347 31
1740786129190 0.8475428503023453 32
1740786132829 0.8433051360508336 33
1740786136831 0.8390886103705794 34
1740786140593 0.8348931673187264 35
1740786144533 0.8307187014821328 36
1740786148426 0.8265651079747222 37
1740786152356 0.8224322824348486 38
1740786156395 0.8183201210226743 39
1740786160047 0.8142285204175609 40
1740786163572 0.810157377815473 41
1740786167504 0.8061065909263957 42
1740786171326 0.8020760579717637 43
1740786175011 0.798065677681905 44
1740786178769 0.7940753492934954 45
1740786182339 0.7901049725470279 46
1740786186186 0.7861544476842928 47
1740786189956 0.7822236754458713 48
1740786193630 0.778312557068642 49
1740786197389 0.7744209942832988 50
1740786201391 0.7705488893118823 51
1740786205112 0.7666961448653229 52
1740786208820 0.7628626641409962 53
1740786212614 0.7590483508202912 54
1740786216423 0.7552531090661897 55
1740786220235 0.7514768435208588 56
1740786223980 0.7477194593032545 57
1740786227996 0.7439808620067382 58
1740786231590 0.7402609576967045 59
1740786235228 0.736559652908221 60
1740786238719 0.7328768546436799 61
1740786242222 0.7292124703704616 62
1740786245995 0.7255664080186093 63
1740786249890 0.7219385759785162 64
1740786253472 0.7183288830986236 65
1740786257508 0.7147372386831305 66
1740786261249 0.7111635524897149 67
1740786264770 0.7076077347272662 68
1740786268538 0.7040696960536299 69
1740786272155 0.7005493475733617 70
1740786275671 0.697046600835495 71
1740786279336 0.6935613678313175 72
1740786282772 0.6935613678313175 73
1740786286809 0.6900935609921609 74
1740786290651 0.6866430931872001 75
1740786294595 0.6832098777212641 76
1740786298225 0.6797938283326578 77
1740786301710 0.6763948591909945 78
1740786305170 0.6730128848950395 79
1740786308811 0.6696478204705644 80
1740786312368 0.6662995813682115 81
1740786316028 0.6629680834613705 82
1740786319558 0.6596532430440636 83
1740786323178 0.6563549768288433 84
1740786326760 0.653073201944699 85
1740786330336 0.6498078359349755 86
1740786333890 0.6465587967553006 87
1740786337424 0.6433260027715241 88
1740786341024 0.6401093727576664 89
1740786344685 0.6369088258938781 90
1740786348293 0.6337242817644086 91
1740786351727 0.6305556603555866 92
1740786355210 0.6274028820538087 93
1740786358810 0.6242658676435396 94
1740786362436 0.6211445383053219 95
1740786366130 0.6180388156137953 96
1740786369837 0.6149486215357263 97
1740786373551 0.6118738784280476 98
1740786377272 0.6088145090359074 99
1740786381012 0.6057704364907278 100
1740786384787 0.6027415843082742 101
1740786388570 0.5997278763867329 102
1740786392284 0.5967292370047992 103
1740786395734 0.5937455908197752 104
1740786399261 0.5907768628656763 105
1740786402853 0.5878229785513479 106
1740786406746 0.5848838636585911 107
1740786410490 0.5819594443402982 108
1740786414131 0.5790496471185967 109
1740786417849 0.5761543988830038 110
1740786421567 0.5732736268885887 111
1740786425095 0.5704072587541458 112
1740786429137 0.567555222460375 113
1740786432847 0.5647174463480732 114
1740786436501 0.5618938591163328 115
1740786440145 0.5590843898207511 116
1740786443796 0.5562889678716474 117
1740786447406 0.5535075230322891 118
1740786451267 0.5507399854171277 119
1740786455045 0.547986285490042 120
1740786458493 0.5452463540625918 121
1740786462111 0.5425201222922789 122
1740786465943 0.5398075216808175 123
1740786469663 0.5371084840724134 124
1740786473364 0.5344229416520513 125
1740786477007 0.531750826943791 126
1740786480665 0.5290920728090721 127
1740786484142 0.5264466124450268 128
1740786487600 0.5238143793828016 129
1740786491086 0.5211953074858876 130
1740786494770 0.5185893309484582 131
1740786498486 0.5159963842937159 132
1740786501988 0.5134164023722473 133
1740786505554 0.510849320360386 134
1740786509255 0.5082950737585841 135
1740786513068 0.5057535983897912 136
1740786516574 0.5032248303978422 137
1740786520279 0.500708706245853 138
1740786523983 0.4982051627146237 139
1740786527638 0.49571413690105054 140
1740786531364 0.4932355662165453 141
1740786534778 0.4907693883854626 142
1740786538269 0.4883155414435353 143
1740786543427 0.4858739637363176 144
1740786546891 0.483444593917636 145
1740786550572 0.4810273709480478 146
1740786554393 0.47862223409330756 147
1740786558022 0.47622912292284103 148
1740786561497 0.4738479773082268 149
1740786565370 0.47147873742168567 150
1740786569155 0.46912134373457726 151
1740786572904 0.46677573701590436 152
1740786576704 0.46444185833082485 153
1740786580437 0.46211964903917074 154
1740786584119 0.4598090507939749 155
1740786587880 0.457510005540005 156
1740786591539 0.45522245551230495 157
1740786595293 0.4529463432347434 158
1740786598904 0.4506816115185697 159
1740786602386 0.4484282034609769 160
1740786606124 0.446186062443672 161
1740786609932 0.4439551321314536 162
1740786613684 0.4417353564707963 163
1740786617308 0.43952667968844233 164
1740786620840 0.43732904629000013 165
1740786624617 0.4351424010585501 166
1740786628116 0.43296668905325736 167
1740786631755 0.43080185560799106 168
1740786635601 0.4286478463299511 169
1740786639282 0.42650460709830135 170
1740786642821 0.42437208406280985 171
1740786646483 0.4222502236424958 172
1740786650135 0.42013897252428334 173
1740786654053 0.4180382776616619 174
1740786657813 0.4159480862733536 175
1740786661376 0.41386834584198684 176
1740786665120 0.4117990041127769 177
1740786668699 0.40974000909221303 178
1740786672373 0.40769130904675194 179
1740786675837 0.40565285250151817 180
1740786679791 0.4036245882390106 181
1740786683539 0.4016064652978155 182
1740786687116 0.3995984329713264 183
1740786690670 0.3976004408064698 184
1740786694302 0.39561243860243744 185
1740786697817 0.3936343764094253 186
1740786699844 0.39166620452737816 187
1740786703660 0.3897078735047413 188
1740786707179 0.3877593341372176 189
1740786710650 0.3858205374665315 190
1740786714130 0.38389143477919885 191
1740786717824 0.3819719776053028 192
1740786721537 0.3800621177172763 193
1740786725395 0.37816180712868996 194
1740786728980 0.37627099809304654 195
1740786732577 0.3743896431025813 196
1740786736344 0.37251769488706843 197
1740786739969 0.3706551064126331 198
1740786743558 0.36880183088056995 199
1740786747173 0.3669578217261671 200
1740786750724 0.36512303261753626 201
1740786754300 0.3632974174544486 202
1740786757802 0.3614809303671764 203
1740786761449 0.3596735257153405 204
1740786765098 0.3578751580867638 205
1740786768776 0.35608578229633 206
1740786772269 0.3543053533848483 207
1740786775868 0.35253382661792404 208
1740786779456 0.3507711574848344 209
1740786783195 0.34901730169741024 210
1740786786910 0.3472722151889232 211
1740786790893 0.3455358541129786 212
1740786794733 0.3438081748424137 213
1740786798542 0.3420891339682016 214
1740786802472 0.3403786882983606 215
1740786806215 0.3386767948568688 216
1740786809826 0.33698341088258443 217
1740786813445 0.3352984938281715 218
1740786817127 0.33362200135903064 219
1740786820711 0.33195389135223546 220
1740786824264 0.3302941218954743 221
1740786827996 0.32864265128599696 222
1740786831661 0.326999438029567 223
1740786835253 0.3253644408394192 224
1740786838906 0.3237376186352221 225
1740786842633 0.322118930542046 226
1740786846406 0.32050833588933575 227
1740786850163 0.31890579420988907 228
1740786853937 0.3173112652388396 229
1740786857533 0.3157247089126454 230
1740786861046 0.3141460853680822 231
1740786864778 0.3125753549412418 232
1740786868375 0.31101247816653554 233
1740786872110 0.30945741577570285 234
1740786875558 0.3079101286968243 235
1740786879025 0.3063705780533402 236
1740786882579 0.30483872516307353 237
1740786886245 0.3033145315372582 238
1740786889883 0.3017979588795719 239
1740786893381 0.30028896908517405 240
1740786896952 0.2987875242397482 241
1740786900497 0.29729358661854943 242
1740786904166 0.29580711868545667 243
1740786907784 0.2943280830920294 244
1740786911238 0.29285644267656924 245
1740786915008 0.2913921604631864 246
1740786918973 0.28993519966087045 247
1740786922589 0.2884855236625661 248
1740786926086 0.28704309604425327 249
1740786929799 0.285607880564032 250
1740786933540 0.28417984116121187 251
1740786937129 0.2827589419554058 252
1740786940667 0.28134514724562876 253
1740786944366 0.2799384215094006 254
1740786948122 0.27853872940185365 255
1740786951873 0.27714603575484437 256
1740786955579 0.2757603055760701 257
1740786959495 0.2743815040481898 258
1740786963047 0.2730095965279488 259
1740786966765 0.27164454854530906 260
1740786970463 0.2702863258025825 261
1740786974407 0.2689348941735696 262
1740786978185 0.26759021970270175 263
1740786981853 0.2662522686041882 264
1740786985357 0.2649210072611673 265
1740786988951 0.26359640222486147 266
1740786992759 0.26227842021373715 267
1740786996378 0.2609670281126685 268
1740787000024 0.25966219297210513 269
1740787003825 0.2583638820072446 270
1740787007603 0.2570720625972084 271
1740787011270 0.25578670228422234 272
1740787014989 0.25450776877280124 273
1740787018655 0.2532352299289372 274
1740787022407 0.2519690537792925 275
1740787026057 0.2507092085103961 276
1740787029792 0.2494556624678441 277
1740787033436 0.24820838415550486 278
1740787037274 0.24696734223472733 279
1740787041055 0.2457325055235537 280
1740787044807 0.24450384299593592 281
1740787048598 0.24328132378095624 282
1740787052224 0.24206491716205145 283
1740787055682 0.2408545925762412 284
1740787059216 0.23965031961336 285
1740787062971 0.2384520680152932 286
1740787066990 0.23725980767521673 287
1740787070699 0.23607350863684065 288
1740787074561 0.23489314109365644 289
1740787078132 0.23371867538818816 290
1740787081549 0.23255008201124722 291
1740787085356 0.231387331601191 292
1740787088944 0.23023039494318503 293
1740787092504 0.2290792429684691 294
1740787096310 0.22793384675362674 295
1740787100107 0.22679417751985861 296
1740787103783 0.22566020663225933 297
1740787104805 0.22566020663225933 298
1740787108349 0.22453190559909803 299
1740787112084 0.22340924607110255 300
1740787115559 0.22229219984074702 301
1740787119308 0.2211807388415433 302
1740787122902 0.22007483514733558 303
1740787126531 0.2189744609715989 304
1740787130217 0.2178795886667409 305
1740787134277 0.2167901907234072 306
1740787138148 0.21570623976979014 307
1740787142159 0.21462770857094118 308
1740787145891 0.21355457002808648 309
1740787149481 0.21248679717794605 310
1740787153196 0.21142436319205632 311
1740787155123 0.21142436319205632 312
1740787158916 0.21036724137609603 313
1740787162506 0.20931540516921554 314
1740787165993 0.20826882814336947 315
1740787169662 0.20722748400265262 316
1740787173375 0.20619134658263935 317
1740787177126 0.20516038984972615 318
1740787180965 0.2041345879004775 319
1740787184880 0.2031139149609751 320
1740787188790 0.20209834538617025 321
1740787192291 0.2010878536592394 322
1740787195835 0.2000824143909432 323
1740787199446 0.19908200231898848 324
1740787203434 0.19808659230739353 325
1740787206942 0.19709615934585656 326
1740787210759 0.19611067854912728 327
1740787214384 0.19513012515638165 328
1740787218090 0.19415447453059972 329
1740787221682 0.19318370215794672 330
1740787225539 0.192217783647157 331
1740787229198 0.1912566947289212 332
1740787232967 0.1903004112552766 333
1740787236590 0.18934890919900021 334
1740787240300 0.18840216465300522 335
1740787243892 0.18746015382974018 336
1740787248043 0.1865228530605915 337
1740787251775 0.18559023879528855 338
1740787255570 0.1846622876013121 339
1740787259356 0.18373897616330553 340
1740787263219 0.182820281282489 341
1740787266939 0.18190617987607657 342
1740787270668 0.18099664897669618 343
1740787274574 0.1800916657318127 344
1740787278586 0.17919120740315364 345
1740787282225 0.17829525136613786 346
1740787285964 0.17740377510930716 347
1740787289650 0.17651675623376062 348
1740787293318 0.1756341724525918 349
1740787297174 0.17475600159032884 350
1740787300877 0.17388222158237718 351
1740787304563 0.1730128104744653 352
1740787308197 0.17214774642209296 353
1740787311718 0.1712870076899825 354
1740787315346 0.17043057265153258 355
1740787319388 0.16957841978827493 356
1740787323094 0.16873052768933355 357
1740787326675 0.1678868750508869 358
1740787330247 0.16704744067563246 359
1740787334131 0.1662122034722543 360
1740787337906 0.16538114245489302 361
1740787341729 0.16455423674261854 362
1740787345332 0.16373146555890544 363
1740787348913 0.16291280823111093 364
1740787352849 0.16209824418995536 365
1740787356239 0.16128775296900558 366
1740787362531 0.16048131420416054 367
1740787366408 0.15967890763313974 368
1740787370297 0.15888051309497406 369
1740787374164 0.1580861105294992 370
1740787377748 0.1572956799768517 371
1740787381322 0.15650920157696743 372
1740787384859 0.1557266555690826 373
1740787388528 0.1549480222912372 374
1740787392271 0.15417328217978102 375
1740787395882 0.1534024157688821 376
1740787399633 0.1526354036900377 377
1740787403213 0.1518722266715875 378
1740787406819 0.15111286553822956 379
1740787410541 0.15035730121053842 380
1740787414558 0.14960551470448571 381
1740787418373 0.14885748713096328 382
1740787422028 0.14811319969530845 383
1740787425637 0.1473726336968319 384
1740787429357 0.14663577052834775 385
1740787432968 0.14590259167570602 386
1740787436586 0.1451730787173275 387
1740787440239 0.14444721332374086 388
1740787444088 0.14372497725712216 389
1740787447735 0.14300635237083656 390
1740787451434 0.14229132060898236 391
1740787455102 0.14157986400593744 392
1740787459015 0.14087196468590776 393
1740787462822 0.14016760486247823 394
1740787466851 0.13946676683816583 395
1740787470624 0.138769433003975 396
1740787474521 0.13807558583895513 397
1740787478145 0.13738520790976036 398
1740787481723 0.13669828187021155 399
1740787485599 0.13601479046086049 400
1740787489323 0.1353347165085562 401
1740787493021 0.1346580429260134 402
1740787497093 0.13398475271138335 403
1740787500744 0.13331482894782642 404
1740787504501 0.13264825480308728 405
1740787508206 0.13198501352907185 406
1740787511646 0.1313250884614265 407
1740787515609 0.13066846301911936 408
1740787519280 0.13001512070402377 409
1740787522797 0.12936504510050365 410
1740787526251 0.12871821987500112 411
1740787529865 0.12807462877562611 412
1740787533566 0.12743425563174798 413
1740787537221 0.12679708435358925 414
1740787540819 0.1261630989318213 415
1740787544426 0.1255322834371622 416
1740787548027 0.12490462201997637 417
1740787551553 0.1242800989098765 418
1740787555208 0.12365869841532712 419
1740787558836 0.12304040492325048 420
1740787562524 0.12242520289863423 421
1740787566121 0.12181307688414106 422
1740787569879 0.12120401149972035 423
1740787573329 0.12059799144222175 424
1740787576985 0.11999500148501063 425
1740787580789 0.11939502647758558 426
1740787584413 0.11879805134519765 427
1740787588060 0.11820406108847166 428
1740787591692 0.1176130407830293 429
1740787595648 0.11702497557911415 430
1740787599800 0.11643985070121858 431
1740787603484 0.11585765144771248 432
1740787607486 0.11527836319047392 433
1740787611170 0.11470197137452155 434
1740787614837 0.11412846151764894 435
1740787618695 0.1135578192100607 436
1740787622553 0.11299003011401039 437
1740787626199 0.11242507996344034 438
1740787629847 0.11186295456362313 439
1740787633647 0.11130363979080501 440
1740787637311 0.11074712159185099 441
1740787640881 0.11019338598389174 442
1740787644330 0.10964241905397228 443
1740787648172 0.10909420695870241 444
1740787651916 0.1085487359239089 445
1740787655636 0.10800599224428936 446
1740787659233 0.10746596228306791 447
1740787663044 0.10692863247165257 448
1740787666865 0.1063939893092943 449
1740787670589 0.10586201936274783 450
1740787674208 0.10533270926593409 451
1740787677898 0.10480604571960442 452
1740787681781 0.1042820154910064 453
1740787685872 0.10376060541355137 454
1740787689628 0.1032418023864836 455
1740787693377 0.10272559337455119 456
1740787696673 0.10221196540767843 457
1740787700414 0.10170090558064004 458
1740787704104 0.10119240105273684 459
1740787707799 0.10068643904747315 460
1740787711337 0.10018300685223579 461
1740787715680 0.1 462
1740787719450 0.1 463
1740787723181 0.1 464
1740787727105 0.1 465
1740787730891 0.1 466
1740787734434 0.1 467
1740787737860 0.1 468
1740787741832 0.1 469
1740787745429 0.1 470
1740787749652 0.1 471
1740787753327 0.1 472
1740787756741 0.1 473
1740787760411 0.1 474
1740787764206 0.1 475
1740787767900 0.1 476
1740787771683 0.1 477
1740787775206 0.1 478
1740787778688 0.1 479
1740787782360 0.1 480
1740787786082 0.1 481
1740787790066 0.1 482
1740787794152 0.1 483
1740787798219 0.1 484
1740787802221 0.1 485
1740787805807 0.1 486
1740787809631 0.1 487
1740787813241 0.1 488
1740787816935 0.1 489
1740787820464 0.1 490
1740787821007 0.1 491
1740787824623 0.1 492
1740787828243 0.1 493
1740787832008 0.1 494
1740787836178 0.1 495
1740787840008 0.1 496
1740787843718 0.1 497
1740787847718 0.1 498
1740787851447 0.1 499
1740787855245 0.1 500
1740787858797 0.1 501
1740787862612 0.1 502
1740787866373 0.1 503
1740787870025 0.1 504
1740787873701 0.1 505
1740787877582 0.1 506
1740787881647 0.1 507
1740787885419 0.1 508
1740787889131 0.1 509
1740787892819 0.1 510
1740787896520 0.1 511
1740787900410 0.1 512
1740787904317 0.1 513
1740787908033 0.1 514
1740787911842 0.1 515
1740787915560 0.1 516
1740787919126 0.1 517
1740787922890 0.1 518
1740787926580 0.1 519
1740787930249 0.1 520
1740787933866 0.1 521
1740787937459 0.1 522
1740787941038 0.1 523
1740787944569 0.1 524
1740787948413 0.1 525
1740787952044 0.1 526
1740787955886 0.1 527
1740787959680 0.1 528
1740787963854 0.1 529
1740787967670 0.1 530
1740787972811 0.1 531
1740787976639 0.1 532
1740787980449 0.1 533
1740787984391 0.1 534
1740787988157 0.1 535
1740787991953 0.1 536
1740787995793 0.1 537
1740787999606 0.1 538
1740788003455 0.1 539
1740788007201 0.1 540
1740788010857 0.1 541
1740788014495 0.1 542
1740788018222 0.1 543
1740788021979 0.1 544
1740788025626 0.1 545
1740788029505 0.1 546
1740788033255 0.1 547
1740788036993 0.1 548
1740788040662 0.1 549
1740788044478 0.1 550
1740788048437 0.1 551
1740788052119 0.1 552
1740788056122 0.1 553
1740788060124 0.1 554
1740788063965 0.1 555
1740788067614 0.1 556
1740788071175 0.1 557
1740788075066 0.1 558
1740788078962 0.1 559
1740788082738 0.1 560
1740788086334 0.1 561
1740788090080 0.1 562
1740788093520 0.1 563
1740788097246 0.1 564
1740788100944 0.1 565
1740788104639 0.1 566
1740788108209 0.1 567
1740788111935 0.1 568
1740788115592 0.1 569
1740788119371 0.1 570
1740788123080 0.1 571
1740788126998 0.1 572
1740788130718 0.1 573
1740788134549 0.1 574
1740788138376 0.1 575
1740788142214 0.1 576
1740788146187 0.1 577
1740788150451 0.1 578
1740788154292 0.1 579
1740788158049 0.1 580
1740788161836 0.1 581
1740788165402 0.1 582
1740788169048 0.1 583
1740788172750 0.1 584
1740788176339 0.1 585
1740788179930 0.1 586
1740788183704 0.1 587
1740788187362 0.1 588
1740788191100 0.1 589
1740788194814 0.1 590
1740788198539 0.1 591
1740788202402 0.1 592
1740788206025 0.1 593
1740788209708 0.1 594
1740788213541 0.1 595
1740788217373 0.1 596
1740788220990 0.1 597
1740788221529 0.1 598
1740788225299 0.1 599
1740788229426 0.1 600
1740788233002 0.1 601
1740788236545 0.1 602
1740788240228 0.1 603
1740788243931 0.1 604
1740788247927 0.1 605
1740788251629 0.1 606
1740788255587 0.1 607
1740788259952 0.1 608
1740788263560 0.1 609
1740788267466 0.1 610
1740788271113 0.1 611
1740788274825 0.1 612
1740788278312 0.1 613
1740788282407 0.1 614
1740788286143 0.1 615
1740788290051 0.1 616
1740788293758 0.1 617
1740788297542 0.1 618
1740788301213 0.1 619
1740788304770 0.1 620
1740788308454 0.1 621
1740788312105 0.1 622
1740788316025 0.1 623
1740788318180 0.1 624
1740788321907 0.1 625
1740788325619 0.1 626
1740788329417 0.1 627
1740788333157 0.1 628
1740788334396 0.1 629
1740788338036 0.1 630
1740788341593 0.1 631
1740788345351 0.1 632
1740788349079 0.1 633
1740788353022 0.1 634
1740788356576 0.1 635
1740788360279 0.1 636
1740788364017 0.1 637
1740788367670 0.1 638
1740788371175 0.1 639
1740788375041 0.1 640
1740788379768 0.1 641
1740788383407 0.1 642
1740788387065 0.1 643
1740788392642 0.1 644
1740788396348 0.1 645
1740788399884 0.1 646
1740788403528 0.1 647
1740788407150 0.1 648
1740788410889 0.1 649
1740788414732 0.1 650
1740788418794 0.1 651
1740788422501 0.1 652
1740788426179 0.1 653
1740788429922 0.1 654
1740788433755 0.1 655
1740788437716 0.1 656
1740788441243 0.1 657
1740788444850 0.1 658
1740788448549 0.1 659
1740788452111 0.1 660
1740788455687 0.1 661
1740788459263 0.1 662
1740788462872 0.1 663
1740788466656 0.1 664
1740788470339 0.1 665
1740788474397 0.1 666
1740788478135 0.1 667
1740788482013 0.1 668
1740788485565 0.1 669
1740788489323 0.1 670
1740788493082 0.1 671
1740788496637 0.1 672
1740788500521 0.1 673
1740788504179 0.1 674
1740788507738 0.1 675
1740788511338 0.1 676
1740788513379 0.1 677
1740788517075 0.1 678
1740788520589 0.1 679
1740788524242 0.1 680
1740788528135 0.1 681
1740788531934 0.1 682
1740788535565 0.1 683
1740788539013 0.1 684
1740788542505 0.1 685
1740788546126 0.1 686
1740788549830 0.1 687
1740788553497 0.1 688
1740788557372 0.1 689
1740788561077 0.1 690
1740788564684 0.1 691
1740788568432 0.1 692
1740788572478 0.1 693
1740788576334 0.1 694
1740788579989 0.1 695
1740788583597 0.1 696
1740788587250 0.1 697
1740788591016 0.1 698
1740788594727 0.1 699
1740788599025 0.1 700
1740788602574 0.1 701
1740788606207 0.1 702
1740788609916 0.1 703
1740788613734 0.1 704
1740788617544 0.1 705
1740788621713 0.1 706
1740788625451 0.1 707
1740788629308 0.1 708
1740788632970 0.1 709
1740788636542 0.1 710
1740788640229 0.1 711
1740788644027 0.1 712
1740788647575 0.1 713
1740788651696 0.1 714
1740788655437 0.1 715
1740788659076 0.1 716
1740788662749 0.1 717
1740788666594 0.1 718
1740788670338 0.1 719
1740788674394 0.1 720
1740788678042 0.1 721
1740788681685 0.1 722
1740788685617 0.1 723
1740788689428 0.1 724
1740788693035 0.1 725
1740788696692 0.1 726
1740788700592 0.1 727
1740788704254 0.1 728
1740788707985 0.1 729
1740788711760 0.1 730
1740788715296 0.1 731
1740788718974 0.1 732
1740788722972 0.1 733
1740788726690 0.1 734
1740788730495 0.1 735
1740788731139 0.1 736
1740788734987 0.1 737
1740788738632 0.1 738
1740788742256 0.1 739
1740788745775 0.1 740
1740788749599 0.1 741
1740788752197 0.1 742
1740788755913 0.1 743
1740788759629 0.1 744
1740788763378 0.1 745
1740788767013 0.1 746
1740788770601 0.1 747
1740788774937 0.1 748
1740788778774 0.1 749
1740788782383 0.1 750
1740788786099 0.1 751
1740788789671 0.1 752
1740788793542 0.1 753
1740788797408 0.1 754
1740788801484 0.1 755
1740788805173 0.1 756
1740788808993 0.1 757
1740788812688 0.1 758
1740788816439 0.1 759
1740788820081 0.1 760
1740788823832 0.1 761
1740788827721 0.1 762
1740788831335 0.1 763
1740788835064 0.1 764
1740788839098 0.1 765
1740788842955 0.1 766
1740788846775 0.1 767
1740788850469 0.1 768
1740788854347 0.1 769
1740788861029 0.1 770
1740788864802 0.1 771
1740788868392 0.1 772
1740788870342 0.1 773
1740788874174 0.1 774
1740788877877 0.1 775
1740788881370 0.1 776
1740788885018 0.1 777
1740788888580 0.1 778
1740788892160 0.1 779
1740788895832 0.1 780
1740788899586 0.1 781
1740788903364 0.1 782
1740788907222 0.1 783
1740788910946 0.1 784
1740788915275 0.1 785
1740788919139 0.1 786
1740788922894 0.1 787
1740788927053 0.1 788
1740788930816 0.1 789
1740788934494 0.1 790
1740788938407 0.1 791
1740788942078 0.1 792
1740788945927 0.1 793
1740788949711 0.1 794
1740788953223 0.1 795
1740788956745 0.1 796
1740788960393 0.1 797
1740788964224 0.1 798
1740788968166 0.1 799
1740788971752 0.1 800
1740788975571 0.1 801
1740788979279 0.1 802
1740788982990 0.1 803
1740788986884 0.1 804
1740788990652 0.1 805
1740788994376 0.1 806
1740788997970 0.1 807
1740789001696 0.1 808
1740789002897 0.1 809
1740789006441 0.1 810
1740789010828 0.1 811
1740789014783 0.1 812
1740789018570 0.1 813
1740789022562 0.1 814
1740789026432 0.1 815
1740789026994 0.1 816
1740789030946 0.1 817
1740789034838 0.1 818
1740789039401 0.1 819
1740789043192 0.1 820
1740789046964 0.1 821
1740789050753 0.1 822
1740789054358 0.1 823
1740789055599 0.1 824
1740789059379 0.1 825
1740789063206 0.1 826
1740789066941 0.1 827
1740789070490 0.1 828
1740789074547 0.1 829
1740789078545 0.1 830
1740789082606 0.1 831
1740789086395 0.1 832
1740789090302 0.1 833
1740789095172 0.1 834
1740789099076 0.1 835
1740789102979 0.1 836
1740789106998 0.1 837
1740789110966 0.1 838
1740789115186 0.1 839
1740789118919 0.1 840
1740789119707 0.1 841
1740789123544 0.1 842
1740789127563 0.1 843
1740789131576 0.1 844
1740789135440 0.1 845
1740789139265 0.1 846
1740789145661 0.1 847
1740789149707 0.1 848
1740789153701 0.1 849
1740789159302 0.1 850
1740789163006 0.1 851
1740789167067 0.1 852
1740789168474 0.1 853
1740789172080 0.1 854
1740789176834 0.1 855
1740789180754 0.1 856
1740789184906 0.1 857
1740789188540 0.1 858
1740789192346 0.1 859
1740789196067 0.1 860
1740789199933 0.1 861
1740789203840 0.1 862
1740789207773 0.1 863
1740789211900 0.1 864
1740789215832 0.1 865
1740789219822 0.1 866
1740789223717 0.1 867
1740789227702 0.1 868
1740789231433 0.1 869
1740789235126 0.1 870
1740789239066 0.1 871
1740789242827 0.1 872
1740789246706 0.1 873
1740789250334 0.1 874
1740789254371 0.1 875
1740789258212 0.1 876
1740789261775 0.1 877
1740789265461 0.1 878
1740789269054 0.1 879
1740789272652 0.1 880
1740789276469 0.1 881
1740789280621 0.1 882
1740789284571 0.1 883
1740789288278 0.1 884
1740789292112 0.1 885
1740789292968 0.1 886
1740789296767 0.1 887
1740789300688 0.1 888
1740789304759 0.1 889
1740789308558 0.1 890
1740789312807 0.1 891
1740789316937 0.1 892
1740789321636 0.1 893
1740789325770 0.1 894
1740789329673 0.1 895
1740789333885 0.1 896
1740789338003 0.1 897
1740789342002 0.1 898
1740789346141 0.1 899
1740789349969 0.1 900
1740789354210 0.1 901
1740789358120 0.1 902
1740789362005 0.1 903
1740789365867 0.1 904
1740789369791 0.1 905
1740789376090 0.1 906
1740789381024 0.1 907
1740789384754 0.1 908
1740789388305 0.1 909
1740789392129 0.1 910
1740789395961 0.1 911
1740789400167 0.1 912
1740789403969 0.1 913
1740789408118 0.1 914
1740789412147 0.1 915
1740789416483 0.1 916
1740789420082 0.1 917
1740789424057 0.1 918
1740789427982 0.1 919
1740789431903 0.1 920
1740789435695 0.1 921
1740789439564 0.1 922
1740789441170 0.1 923
1740789444799 0.1 924
1740789448733 0.1 925
1740789452508 0.1 926
1740789456506 0.1 927
1740789460414 0.1 928
1740789464488 0.1 929
1740789468345 0.1 930
1740789472257 0.1 931
1740789475947 0.1 932
1740789479776 0.1 933
1740789483532 0.1 934
1740789487340 0.1 935
1740789491053 0.1 936
1740789497345 0.1 937
1740789500988 0.1 938
1740789504677 0.1 939
1740789508335 0.1 940
1740789511977 0.1 941
1740789516018 0.1 942
1740789519797 0.1 943
1740789523500 0.1 944
1740789527337 0.1 945
1740789531249 0.1 946
1740789534501 0.1 947
1740789538325 0.1 948
1740789542111 0.1 949
1740789545884 0.1 950
1740789549756 0.1 951
1740789553506 0.1 952
1740789557302 0.1 953
1740789561019 0.1 954
1740789564657 0.1 955
1740789568555 0.1 956
1740789572329 0.1 957
1740789576116 0.1 958
1740789580007 0.1 959
1740789583686 0.1 960
1740789587451 0.1 961
1740789591295 0.1 962
1740789595109 0.1 963
1740789598901 0.1 964
1740789602889 0.1 965
1740789606721 0.1 966
1740789610489 0.1 967
1740789614575 0.1 968
1740789618499 0.1 969
1740789622174 0.1 970
1740789625959 0.1 971
1740789629756 0.1 972
1740789633546 0.1 973
1740789637330 0.1 974
1740789641123 0.1 975
1740789644816 0.1 976
1740789648478 0.1 977
1740789656535 0.1 978
1740789660962 0.1 979
1740789665081 0.1 980
1740789668833 0.1 981
1740789672504 0.1 982
1740789676285 0.1 983
1740789680041 0.1 984
1740789685891 0.1 985
1740789689805 0.1 986
1740789693717 0.1 987
1740789697398 0.1 988
1740789701131 0.1 989
1740789704905 0.1 990
1740789708655 0.1 991
1740789712453 0.1 992
1740789723030 0.1 993
1740789726961 0.1 994
1740789730863 0.1 995
1740789734544 0.1 996
1740789738441 0.1 997
1740789742001 0.1 998
1740789747545 0.1 999
1740789751457 0.1 1000
1740789755260 0.1 1001
1740789758375 0.1 1002
1740789766292 0.1 1003
1740789770167 0.1 1004
1740789773698 0.1 1005
1740789777942 0.1 1006
1740789781999 0.1 1007
1740789785777 0.1 1008
1740789789543 0.1 1009
1740789793415 0.1 1010
1740789796918 0.1 1011
1740789800842 0.1 1012
1740789804552 0.1 1013
1740789808266 0.1 1014
1740789812057 0.1 1015
1740789815840 0.1 1016
1740789819546 0.1 1017
1740789823308 0.1 1018
1740789827177 0.1 1019
1740789831013 0.1 1020
1740789834746 0.1 1021
1740789838780 0.1 1022
1740789842456 0.1 1023
1740789846485 0.1 1024
1740789850571 0.1 1025
1740789851128 0.1 1026
1740789854749 0.1 1027
1740789858675 0.1 1028
1740789862608 0.1 1029
1740789866484 0.1 1030
1740789870535 0.1 1031
1740789874273 0.1 1032
1740789877981 0.1 1033
1740789881668 0.1 1034
1740789885250 0.1 1035
1740789888923 0.1 1036
1740789892850 0.1 1037
1740789896704 0.1 1038
1740789900453 0.1 1039
1740789904144 0.1 1040
1740789907994 0.1 1041
1740789911754 0.1 1042
1740789913572 0.1 1043
1740789917416 0.1 1044
1740789921163 0.1 1045
1740789924842 0.1 1046
1740789928533 0.1 1047
1740789932088 0.1 1048
1740789935611 0.1 1049
1740789939224 0.1 1050
1740789943442 0.1 1051
1740789954337 0.1 1052
1740789958028 0.1 1053
1740789961737 0.1 1054
1740789965613 0.1 1055
1740789969559 0.1 1056
1740789973313 0.1 1057
1740789976781 0.1 1058
1740789980510 0.1 1059
1740789984137 0.1 1060
1740789987982 0.1 1061
1740789991830 0.1 1062
1740789995581 0.1 1063
1740789999183 0.1 1064
1740790003033 0.1 1065
1740790007312 0.1 1066
1740790011597 0.1 1067
1740790015736 0.1 1068
1740790019496 0.1 1069
1740790023212 0.1 1070
1740790027082 0.1 1071
1740790030616 0.1 1072
1740790034250 0.1 1073
1740790038769 0.1 1074
1740790042668 0.1 1075
1740790046518 0.1 1076
1740790050314 0.1 1077
1740790054099 0.1 1078
1740790057845 0.1 1079
1740790061629 0.1 1080
1740790065678 0.1 1081
1740790069499 0.1 1082
1740790079843 0.1 1083
1740790086068 0.1 1084
1740790089933 0.1 1085
1740790093541 0.1 1086
1740790097430 0.1 1087
1740790101156 0.1 1088
1740790104929 0.1 1089
1740790108747 0.1 1090
1740790112464 0.1 1091
1740790116573 0.1 1092
1740790120400 0.1 1093
1740790124076 0.1 1094
1740790127807 0.1 1095
1740790131627 0.1 1096
1740790135377 0.1 1097
1740790139098 0.1 1098
1740790142878 0.1 1099
1740790147022 0.1 1100
1740790150733 0.1 1101
1740790154464 0.1 1102
1740790158539 0.1 1103
1740790162370 0.1 1104
1740790166103 0.1 1105
1740790169953 0.1 1106
1740790173421 0.1 1107
1740790177379 0.1 1108
1740790181299 0.1 1109
1740790186211 0.1 1110
1740790189915 0.1 1111
1740790193821 0.1 1112
1740790197529 0.1 1113
1740790201145 0.1 1114
1740790204883 0.1 1115
1740790208711 0.1 1116
1740790212540 0.1 1117
1740790216344 0.1 1118
1740790220174 0.1 1119
1740790223915 0.1 1120
1740790227682 0.1 1121
1740790231666 0.1 1122
1740790235476 0.1 1123
1740790239239 0.1 1124
1740790243372 0.1 1125
1740790247099 0.1 1126
1740790250666 0.1 1127
1740790254151 0.1 1128
1740790258053 0.1 1129
1740790261954 0.1 1130
1740790265923 0.1 1131
1740790269569 0.1 1132
1740790273185 0.1 1133
1740790276985 0.1 1134
1740790281117 0.1 1135
1740790285051 0.1 1136
1740790288977 0.1 1137
1740790292638 0.1 1138
1740790296189 0.1 1139
1740790299964 0.1 1140
1740790303569 0.1 1141
1740790307422 0.1 1142
1740790311308 0.1 1143
1740790314880 0.1 1144
1740790318839 0.1 1145
1740790322500 0.1 1146
1740790327788 0.1 1147
1740790331653 0.1 1148
1740790335446 0.1 1149
1740790339085 0.1 1150
1740790342836 0.1 1151
1740790346551 0.1 1152
1740790350126 0.1 1153
1740790353847 0.1 1154
1740790357562 0.1 1155
1740790361556 0.1 1156
1740790365210 0.1 1157
1740790369124 0.1 1158
1740790372828 0.1 1159
1740790376484 0.1 1160
1740790380170 0.1 1161
1740790383858 0.1 1162
1740790387640 0.1 1163
1740790391350 0.1 1164
1740790395004 0.1 1165
1740790398769 0.1 1166
1740790402502 0.1 1167
1740790406432 0.1 1168
1740790410210 0.1 1169
1740790421242 0.1 1170
1740790425151 0.1 1171
1740790429255 0.1 1172
1740790434329 0.1 1173
1740790438179 0.1 1174
1740790442316 0.1 1175
1740790446326 0.1 1176
1740790450430 0.1 1177
1740790454198 0.1 1178
1740790457747 0.1 1179
1740790461679 0.1 1180
1740790465316 0.1 1181
1740790468800 0.1 1182
1740790472327 0.1 1183
1740790476073 0.1 1184
1740790479646 0.1 1185
1740790483115 0.1 1186
1740790486920 0.1 1187
1740790491071 0.1 1188
1740790494794 0.1 1189
1740790498496 0.1 1190
1740790502072 0.1 1191
1740790506383 0.1 1192
1740790510326 0.1 1193
1740790514215 0.1 1194
1740790518164 0.1 1195
1740790522115 0.1 1196
1740790525988 0.1 1197
1740790529750 0.1 1198
1740790533887 0.1 1199
1740790537747 0.1 1200
1740790541889 0.1 1201
1740790545918 0.1 1202
1740790550011 0.1 1203
1740790554136 0.1 1204
1740790557896 0.1 1205
1740790562742 0.1 1206
1740790567210 0.1 1207
1740790571084 0.1 1208
1740790574725 0.1 1209
1740790578672 0.1 1210
1740790582709 0.1 1211
1740790586694 0.1 1212
1740790590838 0.1 1213
1740790594662 0.1 1214
1740790598580 0.1 1215
1740790602611 0.1 1216
1740790606395 0.1 1217
1740790610331 0.1 1218
1740790614118 0.1 1219
1740790618031 0.1 1220
1740790621949 0.1 1221
1740790625756 0.1 1222
1740790629549 0.1 1223
1740790633378 0.1 1224
1740790637204 0.1 1225
1740790641148 0.1 1226
1740790644856 0.1 1227
1740790648686 0.1 1228
1740790652305 0.1 1229
1740790656024 0.1 1230
1740790659753 0.1 1231
1740790663632 0.1 1232
1740790667445 0.1 1233
1740790671223 0.1 1234
1740790674906 0.1 1235
1740790679010 0.1 1236
1740790682870 0.1 1237
1740790686575 0.1 1238
1740790690288 0.1 1239
1740790696305 0.1 1240
1740790700085 0.1 1241
1740790703660 0.1 1242
1740790707383 0.1 1243
1740790711164 0.1 1244
1740790714971 0.1 1245
1740790718672 0.1 1246
1740790722277 0.1 1247
1740790726105 0.1 1248
1740790729903 0.1 1249
1740790733398 0.1 1250
1740790737103 0.1 1251
1740790742379 0.1 1252
1740790746166 0.1 1253
1740790750915 0.1 1254
1740790754683 0.1 1255
1740790758291 0.1 1256
1740790762936 0.1 1257
1740790766749 0.1 1258
1740790767556 0.1 1259
1740790771262 0.1 1260
1740790775369 0.1 1261
1740790779305 0.1 1262
1740790785657 0.1 1263
1740790789697 0.1 1264
1740790793450 0.1 1265
1740790797288 0.1 1266
1740790801164 0.1 1267
1740790804893 0.1 1268
1740790808481 0.1 1269
1740790812156 0.1 1270
1740790815993 0.1 1271
1740790819781 0.1 1272
1740790823533 0.1 1273
1740790827677 0.1 1274
1740790832797 0.1 1275
1740790836563 0.1 1276
1740790840372 0.1 1277
1740790843909 0.1 1278
1740790848488 0.1 1279
1740790852279 0.1 1280
1740790856054 0.1 1281
1740790859743 0.1 1282
1740790863279 0.1 1283
1740790867189 0.1 1284
1740790871056 0.1 1285
1740790874799 0.1 1286
1740790878599 0.1 1287
1740790882310 0.1 1288
1740790886065 0.1 1289
1740790889734 0.1 1290
1740790893290 0.1 1291
1740790896943 0.1 1292
1740790901016 0.1 1293
1740790904735 0.1 1294
1740790908425 0.1 1295
1740790912201 0.1 1296
1740790916095 0.1 1297
1740790919718 0.1 1298
1740790923573 0.1 1299
1740790927483 0.1 1300
1740790931146 0.1 1301
1740790934826 0.1 1302
1740790938906 0.1 1303
1740790942660 0.1 1304
1740790946478 0.1 1305
1740790950208 0.1 1306
1740790953688 0.1 1307
1740790957510 0.1 1308
1740790961180 0.1 1309
1740790965045 0.1 1310
1740790968723 0.1 1311
1740790972933 0.1 1312
1740790976919 0.1 1313
1740790980799 0.1 1314
1740790986718 0.1 1315
1740790990483 0.1 1316
1740790994644 0.1 1317
1740790999128 0.1 1318
1740791002820 0.1 1319
1740791006530 0.1 1320
1740791010039 0.1 1321
1740791013792 0.1 1322
1740791017481 0.1 1323
1740791021249 0.1 1324
1740791025200 0.1 1325
1740791028594 0.1 1326
1740791032291 0.1 1327
1740791036190 0.1 1328
1740791040236 0.1 1329
1740791047984 0.1 1330
1740791051792 0.1 1331
1740791055585 0.1 1332
1740791059459 0.1 1333
1740791063390 0.1 1334
1740791067266 0.1 1335
1740791071264 0.1 1336
1740791075116 0.1 1337
1740791078971 0.1 1338
1740791082768 0.1 1339
1740791086510 0.1 1340
1740791090340 0.1 1341
1740791094425 0.1 1342
1740791098125 0.1 1343
1740791101645 0.1 1344
1740791105289 0.1 1345
1740791109394 0.1 1346
1740791113282 0.1 1347
1740791117016 0.1 1348
1740791120979 0.1 1349
1740791124763 0.1 1350
1740791134024 0.1 1351
1740791137906 0.1 1352
1740791141860 0.1 1353
1740791145677 0.1 1354
1740791149388 0.1 1355
1740791153175 0.1 1356
1740791156966 0.1 1357
1740791160649 0.1 1358
1740791164286 0.1 1359
1740791167979 0.1 1360
1740791171680 0.1 1361
1740791175396 0.1 1362
1740791179293 0.1 1363
1740791183104 0.1 1364
1740791186721 0.1 1365
1740791190417 0.1 1366
1740791194251 0.1 1367
1740791198050 0.1 1368
1740791201921 0.1 1369
1740791205595 0.1 1370
1740791210701 0.1 1371
1740791214636 0.1 1372
1740791220205 0.1 1373
1740791223943 0.1 1374
1740791228099 0.1 1375
1740791231683 0.1 1376
1740791235513 0.1 1377
1740791239262 0.1 1378
1740791243207 0.1 1379
1740791247008 0.1 1380
1740791250646 0.1 1381
1740791254295 0.1 1382
1740791258020 0.1 1383
1740791261596 0.1 1384
1740791265254 0.1 1385
1740791269194 0.1 1386
1740791273041 0.1 1387
1740791276845 0.1 1388
1740791280712 0.1 1389
1740791284574 0.1 1390
1740791288404 0.1 1391
1740791292072 0.1 1392
1740791295812 0.1 1393
1740791299438 0.1 1394
1740791303028 0.1 1395
1740791306785 0.1 1396
1740791310435 0.1 1397
1740791314503 0.1 1398
1740791318502 0.1 1399
1740791322053 0.1 1400
1740791325622 0.1 1401
1740791329271 0.1 1402
1740791333228 0.1 1403
1740791337060 0.1 1404
1740791340940 0.1 1405
1740791344656 0.1 1406
1740791348518 0.1 1407
1740791352376 0.1 1408
1740791353055 0.1 1409
1740791356680 0.1 1410
1740791360407 0.1 1411
1740791365664 0.1 1412
1740791369338 0.1 1413
1740791376175 0.1 1414
1740791379997 0.1 1415
1740791383800 0.1 1416
1740791387623 0.1 1417
1740791391487 0.1 1418
1740791397441 0.1 1419
1740791401175 0.1 1420
1740791405167 0.1 1421
1740791409143 0.1 1422
1740791417009 0.1 1423
1740791420734 0.1 1424
1740791424582 0.1 1425
1740791428436 0.1 1426
1740791432371 0.1 1427
1740791436096 0.1 1428
1740791439978 0.1 1429
1740791443699 0.1 1430
1740791447457 0.1 1431
1740791451078 0.1 1432
1740791454733 0.1 1433
1740791458285 0.1 1434
1740791463899 0.1 1435
1740791467523 0.1 1436
1740791471556 0.1 1437
1740791475242 0.1 1438
1740791478960 0.1 1439
1740791482776 0.1 1440
1740791486432 0.1 1441
1740791490112 0.1 1442
1740791493922 0.1 1443
1740791498053 0.1 1444
1740791501577 0.1 1445
1740791505481 0.1 1446
1740791509139 0.1 1447
1740791513011 0.1 1448
1740791517010 0.1 1449
1740791522259 0.1 1450
1740791526713 0.1 1451
1740791530482 0.1 1452
1740791534158 0.1 1453
1740791538070 0.1 1454
1740791542049 0.1 1455
1740791545782 0.1 1456
1740791549657 0.1 1457
1740791553417 0.1 1458
1740791557359 0.1 1459
1740791561004 0.1 1460
1740791564646 0.1 1461
1740791568281 0.1 1462
1740791572163 0.1 1463
1740791575836 0.1 1464
1740791579580 0.1 1465
1740791583329 0.1 1466
1740791587238 0.1 1467
1740791591063 0.1 1468
1740791594869 0.1 1469
1740791598579 0.1 1470
1740791602329 0.1 1471
1740791606158 0.1 1472
1740791609853 0.1 1473
1740791614352 0.1 1474
1740791618151 0.1 1475
1740791621983 0.1 1476
1740791625825 0.1 1477
1740791629780 0.1 1478
1740791633745 0.1 1479
1740791637805 0.1 1480
1740791641609 0.1 1481
1740791645442 0.1 1482
1740791649251 0.1 1483
1740791652967 0.1 1484
1740791656925 0.1 1485
1740791660637 0.1 1486
1740791664816 0.1 1487
1740791668575 0.1 1488
1740791672324 0.1 1489
1740791676351 0.1 1490
1740791680016 0.1 1491
1740791683919 0.1 1492
1740791688144 0.1 1493
1740791691938 0.1 1494
1740791695716 0.1 1495
1740791699593 0.1 1496
1740791703308 0.1 1497
1740791709705 0.1 1498
1740791713611 0.1 1499
1740791717212 0.1 1500
1740791721028 0.1 1501
1740791724553 0.1 1502
1740791728028 0.1 1503
1740791731811 0.1 1504
1740791736028 0.1 1505
1740791739792 0.1 1506
1740791743339 0.1 1507
1740791748374 0.1 1508
1740791749339 0.1 1509
1740791753044 0.1 1510
1740791756996 0.1 1511
1740791760663 0.1 1512
1740791764226 0.1 1513
1740791768189 0.1 1514
1740791771838 0.1 1515
1740791775336 0.1 1516
1740791779392 0.1 1517
1740791783150 0.1 1518
1740791786926 0.1 1519
1740791790852 0.1 1520
1740791794659 0.1 1521
1740791798640 0.1 1522
1740791805800 0.1 1523
1740791809586 0.1 1524
1740791813249 0.1 1525
1740791817874 0.1 1526
1740791821810 0.1 1527
1740791825698 0.1 1528
1740791829204 0.1 1529
1740791832823 0.1 1530
1740791836966 0.1 1531
1740791840753 0.1 1532
1740791844215 0.1 1533
1740791847666 0.1 1534
1740791851306 0.1 1535
1740791855212 0.1 1536
1740791858958 0.1 1537
1740791863007 0.1 1538
1740791867617 0.1 1539
1740791868193 0.1 1540
1740791872088 0.1 1541
1740791875855 0.1 1542
1740791880074 0.1 1543
1740791883981 0.1 1544
1740791887920 0.1 1545
1740791891672 0.1 1546
1740791895582 0.1 1547
1740791899271 0.1 1548
1740791902790 0.1 1549
1740791906544 0.1 1550
1740791910245 0.1 1551
1740791914238 0.1 1552
1740791918009 0.1 1553
1740791921796 0.1 1554
1740791925365 0.1 1555
1740791929383 0.1 1556
1740791930313 0.1 1557
1740791933985 0.1 1558
1740791937827 0.1 1559
1740791941607 0.1 1560
1740791945341 0.1 1561
1740791949199 0.1 1562
1740791952870 0.1 1563
1740791956486 0.1 1564
1740791960370 0.1 1565
1740791964192 0.1 1566
1740791967946 0.1 1567
1740791971736 0.1 1568
1740791975509 0.1 1569
1740791979232 0.1 1570
1740791982923 0.1 1571
1740791986727 0.1 1572
1740791990698 0.1 1573
1740791994578 0.1 1574
1740791998353 0.1 1575
1740792001976 0.1 1576
1740792005743 0.1 1577
1740792009420 0.1 1578
1740792013086 0.1 1579
1740792016684 0.1 1580
1740792020664 0.1 1581
1740792024302 0.1 1582
1740792027748 0.1 1583
1740792031476 0.1 1584
1740792035099 0.1 1585
1740792035656 0.1 1586
1740792039555 0.1 1587
1740792043142 0.1 1588
1740792046854 0.1 1589
1740792050605 0.1 1590
1740792054358 0.1 1591
1740792058002 0.1 1592
1740792061906 0.1 1593
1740792065571 0.1 1594
1740792069362 0.1 1595
1740792074845 0.1 1596
1740792078369 0.1 1597
1740792082004 0.1 1598
1740792085709 0.1 1599
1740792089596 0.1 1600
1740792094527 0.1 1601
1740792099192 0.1 1602
1740792103073 0.1 1603
1740792106891 0.1 1604
1740792110548 0.1 1605
1740792114276 0.1 1606
1740792118126 0.1 1607
1740792121736 0.1 1608
1740792125673 0.1 1609
1740792129606 0.1 1610
1740792133377 0.1 1611
1740792137049 0.1 1612
1740792140785 0.1 1613
1740792144535 0.1 1614
1740792148446 0.1 1615
1740792152185 0.1 1616
1740792156102 0.1 1617
1740792160171 0.1 1618
1740792169563 0.1 1619
1740792173640 0.1 1620
1740792177307 0.1 1621
1740792180949 0.1 1622
1740792184654 0.1 1623
1740792188752 0.1 1624
1740792192364 0.1 1625
1740792195935 0.1 1626
1740792199537 0.1 1627
1740792203245 0.1 1628
1740792206865 0.1 1629
1740792210961 0.1 1630
1740792214879 0.1 1631
1740792218714 0.1 1632
1740792222330 0.1 1633
1740792230234 0.1 1634
1740792233920 0.1 1635
1740792237473 0.1 1636
1740792241103 0.1 1637
1740792244721 0.1 1638
1740792248437 0.1 1639
1740792252081 0.1 1640
1740792255614 0.1 1641
1740792260139 0.1 1642
1740792263930 0.1 1643
1740792267714 0.1 1644
1740792271331 0.1 1645
1740792275036 0.1 1646
1740792278858 0.1 1647
1740792283745 0.1 1648
1740792287558 0.1 1649
1740792291246 0.1 1650
1740792295118 0.1 1651
1740792298903 0.1 1652
1740792302930 0.1 1653
1740792306717 0.1 1654
1740792310676 0.1 1655
1740792314840 0.1 1656
1740792318618 0.1 1657
1740792322394 0.1 1658
1740792326075 0.1 1659
1740792329956 0.1 1660
1740792333947 0.1 1661
1740792338064 0.1 1662
1740792341793 0.1 1663
1740792345727 0.1 1664
1740792349543 0.1 1665
1740792353226 0.1 1666
1740792356961 0.1 1667
1740792361080 0.1 1668
1740792364582 0.1 1669
1740792368310 0.1 1670
1740792372112 0.1 1671
1740792375665 0.1 1672
1740792379492 0.1 1673
1740792383716 0.1 1674
1740792387305 0.1 1675
1740792391027 0.1 1676
1740792394556 0.1 1677
1740792398197 0.1 1678
1740792401834 0.1 1679
1740792405431 0.1 1680
1740792409383 0.1 1681
1740792413019 0.1 1682
1740792418040 0.1 1683
1740792421769 0.1 1684
1740792425340 0.1 1685
1740792429186 0.1 1686
1740792432755 0.1 1687
1740792436553 0.1 1688
1740792441271 0.1 1689
1740792445068 0.1 1690
1740792448762 0.1 1691
1740792452461 0.1 1692
1740792456093 0.1 1693
1740792459731 0.1 1694
1740792463310 0.1 1695
1740792469084 0.1 1696
1740792473507 0.1 1697
1740792477338 0.1 1698
1740792481212 0.1 1699
1740792484778 0.1 1700
1740792488667 0.1 1701
1740792492555 0.1 1702
1740792496188 0.1 1703
1740792506283 0.1 1704
1740792509997 0.1 1705
1740792513834 0.1 1706
1740792517470 0.1 1707
1740792521899 0.1 1708
1740792525621 0.1 1709
1740792529055 0.1 1710
1740792533172 0.1 1711
1740792536841 0.1 1712
1740792540614 0.1 1713
1740792544357 0.1 1714
1740792548352 0.1 1715
1740792552184 0.1 1716
1740792555907 0.1 1717
1740792559602 0.1 1718
1740792563499 0.1 1719
1740792567205 0.1 1720
1740792571056 0.1 1721
1740792574890 0.1 1722
1740792578747 0.1 1723
1740792582433 0.1 1724
1740792585926 0.1 1725
1740792589624 0.1 1726
1740792593500 0.1 1727
1740792597274 0.1 1728
1740792601122 0.1 1729
1740792604926 0.1 1730
1740792608548 0.1 1731
1740792612121 0.1 1732
1740792615808 0.1 1733
1740792619839 0.1 1734
1740792623531 0.1 1735
1740792627242 0.1 1736
1740792630965 0.1 1737
1740792634562 0.1 1738
1740792638331 0.1 1739
1740792642147 0.1 1740
1740792645898 0.1 1741
1740792647332 0.1 1742
1740792651294 0.1 1743
1740792655155 0.1 1744
1740792659140 0.1 1745
1740792662659 0.1 1746
1740792666479 0.1 1747
1740792670185 0.1 1748
1740792673911 0.1 1749
1740792677815 0.1 1750
1740792681378 0.1 1751
1740792684937 0.1 1752
1740792688801 0.1 1753
1740792692514 0.1 1754
1740792696802 0.1 1755
1740792700607 0.1 1756
1740792704414 0.1 1757
1740792707998 0.1 1758
1740792711709 0.1 1759
1740792715211 0.1 1760
1740792718933 0.1 1761
1740792722629 0.1 1762
1740792726238 0.1 1763
1740792730135 0.1 1764
1740792733958 0.1 1765
1740792734760 0.1 1766
1740792738323 0.1 1767
1740792742036 0.1 1768
1740792745969 0.1 1769
1740792749809 0.1 1770
1740792753449 0.1 1771
1740792757420 0.1 1772
1740792761279 0.1 1773
1740792765484 0.1 1774
1740792769170 0.1 1775
1740792772834 0.1 1776
1740792776592 0.1 1777
1740792780118 0.1 1778
1740792783678 0.1 1779
1740792787364 0.1 1780
1740792790822 0.1 1781
1740792794536 0.1 1782
1740792798478 0.1 1783
1740792802080 0.1 1784
1740792805671 0.1 1785
1740792809327 0.1 1786
1740792812879 0.1 1787
1740792816625 0.1 1788
1740792820354 0.1 1789
1740792823940 0.1 1790
1740792827636 0.1 1791
1740792830142 0.1 1792
1740792834107 0.1 1793
1740792837597 0.1 1794
1740792841278 0.1 1795
1740792844878 0.1 1796
1740792848855 0.1 1797
1740792852523 0.1 1798
1740792853492 0.1 1799
1740792857258 0.1 1800
1740792861182 0.1 1801
1740792864903 0.1 1802
1740792868464 0.1 1803
1740792872004 0.1 1804
1740792875976 0.1 1805
1740792879711 0.1 1806
1740792883614 0.1 1807
1740792887425 0.1 1808
1740792891493 0.1 1809
1740792895132 0.1 1810
1740792898868 0.1 1811
1740792902655 0.1 1812
1740792906652 0.1 1813
1740792910443 0.1 1814
1740792914347 0.1 1815
1740792918332 0.1 1816
1740792922200 0.1 1817
1740792926197 0.1 1818
1740792930059 0.1 1819
1740792933864 0.1 1820
1740792937361 0.1 1821
1740792940869 0.1 1822
1740792944894 0.1 1823
1740792948910 0.1 1824
1740792952617 0.1 1825
1740792956678 0.1 1826
1740792960657 0.1 1827
1740792964360 0.1 1828
1740792968101 0.1 1829
1740792971777 0.1 1830
1740792975562 0.1 1831
1740792979183 0.1 1832
1740792983106 0.1 1833
1740792986741 0.1 1834
1740792990816 0.1 1835
1740792994771 0.1 1836
1740792998520 0.1 1837
1740793002284 0.1 1838
1740793005994 0.1 1839
1740793009842 0.1 1840
1740793014441 0.1 1841
1740793018293 0.1 1842
1740793022200 0.1 1843
1740793026076 0.1 1844
1740793030184 0.1 1845
1740793034027 0.1 1846
1740793037980 0.1 1847
1740793041863 0.1 1848
1740793045598 0.1 1849
1740793049685 0.1 1850
1740793053254 0.1 1851
1740793056909 0.1 1852
1740793060652 0.1 1853
1740793064637 0.1 1854
1740793068857 0.1 1855
1740793072725 0.1 1856
1740793076449 0.1 1857
1740793080226 0.1 1858
1740793083897 0.1 1859
1740793087518 0.1 1860
1740793091155 0.1 1861
1740793094750 0.1 1862
1740793098243 0.1 1863
1740793101803 0.1 1864
1740793105510 0.1 1865
1740793109328 0.1 1866
1740793112778 0.1 1867
1740793116659 0.1 1868
1740793120410 0.1 1869
1740793124292 0.1 1870
1740793128027 0.1 1871
1740793131869 0.1 1872
1740793135570 0.1 1873
1740793139516 0.1 1874
1740793143087 0.1 1875
1740793146618 0.1 1876
1740793150263 0.1 1877
1740793154145 0.1 1878
1740793157775 0.1 1879
1740793161619 0.1 1880
1740793165539 0.1 1881
1740793169428 0.1 1882
1740793173265 0.1 1883
1740793177400 0.1 1884
1740793181379 0.1 1885
1740793185257 0.1 1886
1740793188911 0.1 1887
1740793192619 0.1 1888
1740793196312 0.1 1889
1740793199831 0.1 1890
1740793203321 0.1 1891
1740793206949 0.1 1892
1740793210895 0.1 1893
1740793214403 0.1 1894
1740793218103 0.1 1895
1740793221931 0.1 1896
1740793226502 0.1 1897
1740793230226 0.1 1898
1740793233991 0.1 1899
1740793237749 0.1 1900
1740793241551 0.1 1901
1740793249944 0.1 1902
1740793253619 0.1 1903
1740793257356 0.1 1904
1740793260893 0.1 1905
1740793264863 0.1 1906
1740793268771 0.1 1907
1740793272372 0.1 1908
1740793276026 0.1 1909
1740793279638 0.1 1910
1740793283240 0.1 1911
1740793287011 0.1 1912
1740793290775 0.1 1913
1740793294361 0.1 1914
1740793298089 0.1 1915
1740793301748 0.1 1916
1740793305561 0.1 1917
1740793309275 0.1 1918
1740793313181 0.1 1919
1740793317121 0.1 1920
1740793320877 0.1 1921
1740793324532 0.1 1922
1740793328157 0.1 1923
1740793331880 0.1 1924
1740793335610 0.1 1925
1740793339178 0.1 1926
1740793343078 0.1 1927
1740793347544 0.1 1928
1740793351127 0.1 1929
1740793354878 0.1 1930
1740793358620 0.1 1931
1740793362602 0.1 1932
1740793366439 0.1 1933
1740793370235 0.1 1934
1740793374014 0.1 1935
1740793377861 0.1 1936
1740793381572 0.1 1937
1740793385467 0.1 1938
1740793389340 0.1 1939
1740793393158 0.1 1940
1740793397064 0.1 1941
1740793400742 0.1 1942
1740793404739 0.1 1943
1740793408280 0.1 1944
1740793412082 0.1 1945
1740793416069 0.1 1946
1740793420650 0.1 1947
1740793424308 0.1 1948
1740793427962 0.1 1949
1740793431612 0.1 1950
1740793435257 0.1 1951
1740793439257 0.1 1952
1740793442928 0.1 1953
1740793446854 0.1 1954
1740793450680 0.1 1955
1740793454253 0.1 1956
1740793458882 0.1 1957
1740793462611 0.1 1958
1740793466377 0.1 1959
1740793470242 0.1 1960
1740793473955 0.1 1961
1740793477492 0.1 1962
1740793481307 0.1 1963
1740793484925 0.1 1964
1740793488776 0.1 1965
1740793492773 0.1 1966
1740793496813 0.1 1967
1740793500485 0.1 1968
1740793504029 0.1 1969
1740793507588 0.1 1970
1740793511648 0.1 1971
1740793515577 0.1 1972
1740793519347 0.1 1973
1740793523330 0.1 1974
1740793526779 0.1 1975
1740793530251 0.1 1976
1740793533802 0.1 1977
1740793537776 0.1 1978
1740793541353 0.1 1979
1740793545088 0.1 1980
1740793548518 0.1 1981
1740793553144 0.1 1982
1740793554840 0.1 1983
1740793558516 0.1 1984
1740793562041 0.1 1985
1740793565570 0.1 1986
1740793569724 0.1 1987
1740793573398 0.1 1988
1740793576784 0.1 1989
1740793580464 0.1 1990
1740793584053 0.1 1991
1740793587467 0.1 1992
1740793591014 0.1 1993
1740793594602 0.1 1994
1740793598172 0.1 1995
1740793601658 0.1 1996
1740793605505 0.1 1997
1740793609012 0.1 1998
1740793612668 0.1 1999
1740793616412 0.1 2000
1740793619991 0.1 2001
1740793623641 0.1 2002
1740793627315 0.1 2003
1740793631138 0.1 2004
1740793634828 0.1 2005
1740793638324 0.1 2006
1740793641826 0.1 2007
1740793645381 0.1 2008
1740793650042 0.1 2009
1740793653527 0.1 2010
1740793657306 0.1 2011
1740793661324 0.1 2012
1740793665063 0.1 2013
1740793668892 0.1 2014
1740793672484 0.1 2015
1740793676240 0.1 2016
1740793679624 0.1 2017
1740793683286 0.1 2018
1740793687938 0.1 2019
1740793691379 0.1 2020
1740793694702 0.1 2021
1740793695936 0.1 2022
1740793699595 0.1 2023
1740793703103 0.1 2024
1740793706529 0.1 2025
1740793710378 0.1 2026
1740793713859 0.1 2027
1740793717417 0.1 2028
1740793721134 0.1 2029
1740793724750 0.1 2030
1740793728220 0.1 2031
1740793731655 0.1 2032
1740793735284 0.1 2033
1740793738871 0.1 2034
1740793742385 0.1 2035
1740793745859 0.1 2036
1740793749620 0.1 2037
1740793753082 0.1 2038
1740793756681 0.1 2039
1740793760234 0.1 2040
1740793764456 0.1 2041
1740793768045 0.1 2042
1740793771664 0.1 2043
1740793775261 0.1 2044
1740793778996 0.1 2045
1740793782549 0.1 2046
1740793785976 0.1 2047
1740793789505 0.1 2048
1740793793238 0.1 2049
1740793797067 0.1 2050
1740793800864 0.1 2051
1740793804532 0.1 2052
1740793808119 0.1 2053
1740793811883 0.1 2054
1740793815707 0.1 2055
1740793825895 0.1 2056
1740793829464 0.1 2057
1740793833116 0.1 2058
1740793836509 0.1 2059
1740793840030 0.1 2060
1740793843635 0.1 2061
1740793847121 0.1 2062
1740793850574 0.1 2063
1740793854180 0.1 2064
1740793857735 0.1 2065
1740793861194 0.1 2066
1740793864847 0.1 2067
1740793868579 0.1 2068
1740793872062 0.1 2069
1740793875538 0.1 2070
1740793879191 0.1 2071
1740793882971 0.1 2072
1740793886626 0.1 2073
1740793890108 0.1 2074
1740793893918 0.1 2075
1740793897538 0.1 2076
1740793901043 0.1 2077
1740793904406 0.1 2078
1740793907865 0.1 2079
1740793911485 0.1 2080
1740793915016 0.1 2081
1740793919420 0.1 2082
1740793923021 0.1 2083
1740793926718 0.1 2084
1740793927986 0.1 2085
1740793931431 0.1 2086
1740793934946 0.1 2087
1740793938582 0.1 2088
1740793942098 0.1 2089
1740793945864 0.1 2090
1740793949515 0.1 2091
1740793952971 0.1 2092
1740793959253 0.1 2093
1740793965918 0.1 2094
1740793969583 0.1 2095
1740793973125 0.1 2096
1740793976750 0.1 2097
1740793980236 0.1 2098
1740793983676 0.1 2099
1740793987360 0.1 2100
1740793991076 0.1 2101
1740793994624 0.1 2102
1740793998124 0.1 2103
1740794001656 0.1 2104
1740794005297 0.1 2105
1740794008774 0.1 2106
1740794012406 0.1 2107
1740794016487 0.1 2108
1740794019928 0.1 2109
1740794023366 0.1 2110
1740794027054 0.1 2111
1740794030723 0.1 2112
1740794034135 0.1 2113
1740794037663 0.1 2114
1740794041095 0.1 2115
1740794044852 0.1 2116
1740794048470 0.1 2117
1740794052011 0.1 2118
1740794055410 0.1 2119
1740794058851 0.1 2120
1740794062203 0.1 2121
1740794065749 0.1 2122
1740794069762 0.1 2123
1740794073412 0.1 2124
1740794077032 0.1 2125
1740794081186 0.1 2126
1740794084845 0.1 2127
1740794088777 0.1 2128
1740794092450 0.1 2129
1740794095954 0.1 2130
1740794099417 0.1 2131
1740794102932 0.1 2132
1740794106506 0.1 2133
1740794110155 0.1 2134
1740794113902 0.1 2135
1740794117369 0.1 2136
1740794121103 0.1 2137
1740794124505 0.1 2138
1740794128158 0.1 2139
1740794131585 0.1 2140
1740794135142 0.1 2141
1740794138854 0.1 2142
1740794142441 0.1 2143
1740794145749 0.1 2144
1740794149405 0.1 2145
1740794153162 0.1 2146
1740794156768 0.1 2147
1740794162354 0.1 2148
1740794165910 0.1 2149
1740794169818 0.1 2150
1740794173449 0.1 2151
1740794176998 0.1 2152
1740794180528 0.1 2153
1740794184280 0.1 2154
1740794188126 0.1 2155
1740794191634 0.1 2156
1740794195042 0.1 2157
1740794202357 0.1 2158
1740794205790 0.1 2159
1740794209386 0.1 2160
1740794214020 0.1 2161
1740794217700 0.1 2162
1740794221217 0.1 2163
1740794224507 0.1 2164
1740794227977 0.1 2165
1740794231575 0.1 2166
1740794235164 0.1 2167
1740794238712 0.1 2168
1740794242146 0.1 2169
1740794246010 0.1 2170
1740794249826 0.1 2171
1740794253104 0.1 2172
1740794256590 0.1 2173
1740794260189 0.1 2174
1740794263747 0.1 2175
1740794267164 0.1 2176
1740794270529 0.1 2177
1740794274429 0.1 2178
1740794280184 0.1 2179
1740794283603 0.1 2180
1740794287351 0.1 2181
1740794290906 0.1 2182
1740794294186 0.1 2183
1740794297986 0.1 2184
1740794301555 0.1 2185
1740794305014 0.1 2186
1740794308789 0.1 2187
1740794312358 0.1 2188
1740794316086 0.1 2189
1740794319742 0.1 2190
1740794323378 0.1 2191
1740794327182 0.1 2192
1740794330704 0.1 2193
1740794334361 0.1 2194
1740794338032 0.1 2195
1740794341683 0.1 2196
1740794345521 0.1 2197
1740794349163 0.1 2198
1740794355220 0.1 2199
1740794358818 0.1 2200
1740794362385 0.1 2201
1740794366128 0.1 2202
1740794369727 0.1 2203
1740794373419 0.1 2204
1740794377050 0.1 2205
1740794380731 0.1 2206
1740794384454 0.1 2207
1740794387960 0.1 2208
1740794394720 0.1 2209
1740794398728 0.1 2210
1740794402222 0.1 2211
1740794405766 0.1 2212
1740794409152 0.1 2213
1740794412453 0.1 2214
1740794416166 0.1 2215
1740794419811 0.1 2216
1740794423351 0.1 2217
1740794426815 0.1 2218
1740794430490 0.1 2219
1740794433785 0.1 2220
1740794437090 0.1 2221
1740794440580 0.1 2222
1740794444012 0.1 2223
1740794447768 0.1 2224
1740794451162 0.1 2225
1740794455027 0.1 2226
1740794458590 0.1 2227
1740794462075 0.1 2228
1740794465672 0.1 2229
1740794469357 0.1 2230
1740794473076 0.1 2231
1740794476354 0.1 2232
1740794479862 0.1 2233
1740794483669 0.1 2234
1740794487255 0.1 2235
1740794490905 0.1 2236
1740794494535 0.1 2237
1740794498035 0.1 2238
1740794501479 0.1 2239
1740794505075 0.1 2240
1740794508830 0.1 2241
1740794512229 0.1 2242
1740794515767 0.1 2243
1740794519328 0.1 2244
1740794522875 0.1 2245
1740794526563 0.1 2246
1740794530095 0.1 2247
1740794533741 0.1 2248
1740794537729 0.1 2249
1740794541140 0.1 2250
1740794544539 0.1 2251
1740794547984 0.1 2252
1740794551571 0.1 2253
1740794555181 0.1 2254
1740794558770 0.1 2255
1740794562248 0.1 2256
1740794565698 0.1 2257
1740794569221 0.1 2258
1740794572968 0.1 2259
1740794576373 0.1 2260
1740794579755 0.1 2261
1740794583370 0.1 2262
1740794586996 0.1 2263
1740794590536 0.1 2264
1740794594148 0.1 2265
1740794597757 0.1 2266
1740794601511 0.1 2267
1740794605103 0.1 2268
1740794608456 0.1 2269
1740794612116 0.1 2270
1740794615486 0.1 2271
1740794619552 0.1 2272
1740794623050 0.1 2273
1740794626604 0.1 2274
1740794630059 0.1 2275
1740794633760 0.1 2276
1740794637320 0.1 2277
1740794640980 0.1 2278
1740794644844 0.1 2279
1740794648343 0.1 2280
1740794651932 0.1 2281
1740794655545 0.1 2282
1740794659322 0.1 2283
1740794662846 0.1 2284
1740794666507 0.1 2285
1740794670146 0.1 2286
1740794673764 0.1 2287
1740794677300 0.1 2288
1740794680839 0.1 2289
1740794684319 0.1 2290
1740794688006 0.1 2291
1740794691571 0.1 2292
1740794695166 0.1 2293
1740794698657 0.1 2294
1740794702148 0.1 2295
1740794705770 0.1 2296
1740794709334 0.1 2297
1740794712880 0.1 2298
1740794716533 0.1 2299
1740794720113 0.1 2300
1740794723523 0.1 2301
1740794727080 0.1 2302
1740794730711 0.1 2303
1740794734290 0.1 2304
1740794737869 0.1 2305
1740794741372 0.1 2306
1740794744963 0.1 2307
1740794748312 0.1 2308
1740794751999 0.1 2309
1740794755488 0.1 2310
1740794759052 0.1 2311
1740794762677 0.1 2312
1740794766441 0.1 2313
1740794770252 0.1 2314
1740794773772 0.1 2315
1740794777247 0.1 2316
1740794780697 0.1 2317
1740794784496 0.1 2318
1740794788055 0.1 2319
1740794791583 0.1 2320
1740794795464 0.1 2321
1740794798837 0.1 2322
1740794802407 0.1 2323
1740794805901 0.1 2324
1740794806675 0.1 2325
1740794810269 0.1 2326
1740794814066 0.1 2327
1740794817798 0.1 2328
1740794821606 0.1 2329
1740794825177 0.1 2330
1740794828695 0.1 2331
1740794832130 0.1 2332
1740794835541 0.1 2333
1740794842583 0.1 2334
1740794846338 0.1 2335
1740794849940 0.1 2336
1740794853594 0.1 2337
1740794857673 0.1 2338
1740794861501 0.1 2339
1740794865054 0.1 2340
1740794869001 0.1 2341
1740794872789 0.1 2342
1740794876410 0.1 2343
1740794880151 0.1 2344
1740794883658 0.1 2345
1740794887202 0.1 2346
1740794891026 0.1 2347
1740794894801 0.1 2348
1740794898304 0.1 2349
1740794901697 0.1 2350
1740794905493 0.1 2351
1740794909125 0.1 2352
1740794912732 0.1 2353
1740794916192 0.1 2354
1740794920295 0.1 2355
1740794924350 0.1 2356
1740794928038 0.1 2357
1740794931963 0.1 2358
1740794935805 0.1 2359
1740794939483 0.1 2360
1740794943017 0.1 2361
1740794946355 0.1 2362
1740794949943 0.1 2363
1740794953401 0.1 2364
1740794956886 0.1 2365
1740794960169 0.1 2366
1740794963768 0.1 2367
1740794967290 0.1 2368
1740794970856 0.1 2369
1740794974399 0.1 2370
1740794978028 0.1 2371
1740794982081 0.1 2372
1740794985658 0.1 2373
1740794989391 0.1 2374
1740794992899 0.1 2375
1740794996485 0.1 2376
1740794999908 0.1 2377
1740795003510 0.1 2378
1740795006963 0.1 2379
1740795011845 0.1 2380
1740795015403 0.1 2381
1740795018814 0.1 2382
1740795022614 0.1 2383
1740795026149 0.1 2384
1740795029866 0.1 2385
1740795033385 0.1 2386
1740795037204 0.1 2387
1740795040750 0.1 2388
1740795044045 0.1 2389
1740795047509 0.1 2390
1740795050943 0.1 2391
1740795054368 0.1 2392
1740795057889 0.1 2393
1740795061545 0.1 2394
1740795065228 0.1 2395
1740795068593 0.1 2396
1740795072283 0.1 2397
1740795075770 0.1 2398
1740795085233 0.1 2399
1740795088791 0.1 2400
1740795092458 0.1 2401
1740795096040 0.1 2402
1740795099589 0.1 2403
1740795103359 0.1 2404
1740795107084 0.1 2405
1740795110530 0.1 2406
1740795114535 0.1 2407
1740795118407 0.1 2408
1740795122058 0.1 2409
1740795125793 0.1 2410
1740795129514 0.1 2411
1740795133214 0.1 2412
1740795136636 0.1 2413
1740795139995 0.1 2414
1740795143594 0.1 2415
1740795147399 0.1 2416
1740795150883 0.1 2417
1740795154667 0.1 2418
1740795158216 0.1 2419
1740795161777 0.1 2420
1740795165653 0.1 2421
1740795169134 0.1 2422
1740795172758 0.1 2423
1740795176733 0.1 2424
1740795180255 0.1 2425
1740795184154 0.1 2426
1740795187889 0.1 2427
1740795191557 0.1 2428
1740795195127 0.1 2429
1740795198695 0.1 2430
1740795202338 0.1 2431
1740795206209 0.1 2432
1740795209535 0.1 2433
1740795213146 0.1 2434
1740795216700 0.1 2435
1740795220398 0.1 2436
1740795224466 0.1 2437
1740795227944 0.1 2438
1740795231611 0.1 2439
1740795235086 0.1 2440
1740795238818 0.1 2441
1740795242291 0.1 2442
1740795245971 0.1 2443
1740795249568 0.1 2444
1740795252972 0.1 2445
1740795256294 0.1 2446
1740795259973 0.1 2447
1740795263688 0.1 2448
1740795267349 0.1 2449
1740795270930 0.1 2450
1740795274459 0.1 2451
1740795276874 0.1 2452
1740795280560 0.1 2453
1740795284765 0.1 2454
1740795288351 0.1 2455
1740795291837 0.1 2456
1740795295383 0.1 2457
1740795299044 0.1 2458
1740795302508 0.1 2459
1740795305995 0.1 2460
1740795309516 0.1 2461
1740795313179 0.1 2462
1740795316769 0.1 2463
1740795320329 0.1 2464
1740795323989 0.1 2465
1740795327790 0.1 2466
1740795331235 0.1 2467
1740795335001 0.1 2468
1740795338429 0.1 2469
1740795341792 0.1 2470
1740795345225 0.1 2471
1740795348686 0.1 2472
1740795352089 0.1 2473
1740795355618 0.1 2474
1740795359125 0.1 2475
1740795362588 0.1 2476
1740795366292 0.1 2477
1740795369854 0.1 2478
1740795373359 0.1 2479
1740795376667 0.1 2480
1740795380357 0.1 2481
1740795383736 0.1 2482
1740795387297 0.1 2483
1740795391278 0.1 2484
1740795394792 0.1 2485
1740795398969 0.1 2486
1740795402965 0.1 2487
1740795406344 0.1 2488
1740795409723 0.1 2489
1740795413052 0.1 2490
1740795416463 0.1 2491
1740795419853 0.1 2492
1740795423424 0.1 2493
1740795426963 0.1 2494
1740795430801 0.1 2495
1740795434557 0.1 2496
1740795438512 0.1 2497
1740795442236 0.1 2498
1740795445833 0.1 2499
1740795449466 0.1 2500
1740795453181 0.1 2501
1740795456742 0.1 2502
1740795460189 0.1 2503
1740795463982 0.1 2504
1740795467484 0.1 2505
1740795470953 0.1 2506
1740795474611 0.1 2507
1740795478033 0.1 2508
1740795481669 0.1 2509
1740795485324 0.1 2510
1740795488872 0.1 2511
1740795492684 0.1 2512
1740795496483 0.1 2513
1740795500114 0.1 2514
1740795504147 0.1 2515
1740795507983 0.1 2516
1740795511503 0.1 2517
1740795515021 0.1 2518
1740795518465 0.1 2519
1740795522045 0.1 2520
1740795525386 0.1 2521
1740795528915 0.1 2522
1740795532825 0.1 2523
1740795536382 0.1 2524
1740795539761 0.1 2525
1740795543429 0.1 2526
1740795546990 0.1 2527
1740795550741 0.1 2528
1740795554409 0.1 2529
1740795557973 0.1 2530
1740795561664 0.1 2531
1740795565222 0.1 2532
1740795568959 0.1 2533
1740795572598 0.1 2534
1740795576183 0.1 2535
1740795580040 0.1 2536
1740795583576 0.1 2537
1740795587133 0.1 2538
1740795590675 0.1 2539
1740795594268 0.1 2540
1740795597972 0.1 2541
1740795601855 0.1 2542
1740795605429 0.1 2543
1740795609113 0.1 2544
1740795612565 0.1 2545
1740795616040 0.1 2546
1740795619365 0.1 2547
1740795623220 0.1 2548
1740795627044 0.1 2549
1740795630666 0.1 2550
1740795634076 0.1 2551
1740795637719 0.1 2552
1740795641510 0.1 2553
1740795645176 0.1 2554
1740795648856 0.1 2555
1740795652477 0.1 2556
1740795656619 0.1 2557
1740795666043 0.1 2558
1740795667014 0.1 2559
1740795670637 0.1 2560
1740795674176 0.1 2561
1740795677857 0.1 2562
1740795681362 0.1 2563
1740795685202 0.1 2564
1740795688785 0.1 2565
1740795692213 0.1 2566
1740795695835 0.1 2567
1740795699444 0.1 2568
1740795702817 0.1 2569
1740795706199 0.1 2570
1740795709674 0.1 2571
1740795713256 0.1 2572
1740795716942 0.1 2573
1740795720587 0.1 2574
1740795724155 0.1 2575
1740795727778 0.1 2576
1740795731483 0.1 2577
1740795734990 0.1 2578
1740795738511 0.1 2579
1740795742274 0.1 2580
1740795745863 0.1 2581
1740795749568 0.1 2582
1740795753083 0.1 2583
1740795756790 0.1 2584
1740795760762 0.1 2585
1740795764374 0.1 2586
1740795768388 0.1 2587
1740795771977 0.1 2588
1740795775650 0.1 2589
1740795779325 0.1 2590
1740795783041 0.1 2591
1740795786561 0.1 2592
1740795790705 0.1 2593
1740795794451 0.1 2594
1740795797880 0.1 2595
1740795801533 0.1 2596
1740795805398 0.1 2597
1740795809104 0.1 2598
1740795812978 0.1 2599
1740795816421 0.1 2600
1740795819932 0.1 2601
1740795823545 0.1 2602
1740795827277 0.1 2603
1740795830906 0.1 2604
1740795834535 0.1 2605
1740795838165 0.1 2606
1740795841759 0.1 2607
1740795845632 0.1 2608
1740795849223 0.1 2609
1740795852745 0.1 2610
1740795856470 0.1 2611
1740795860014 0.1 2612
1740795863757 0.1 2613
1740795867243 0.1 2614
1740795871136 0.1 2615
1740795874618 0.1 2616
1740795878059 0.1 2617
1740795881709 0.1 2618
1740795885347 0.1 2619
1740795888963 0.1 2620
1740795892669 0.1 2621
1740795896230 0.1 2622
1740795901971 0.1 2623
1740795905574 0.1 2624
1740795908956 0.1 2625
1740795912422 0.1 2626
1740795916083 0.1 2627
1740795919645 0.1 2628
1740795923322 0.1 2629
1740795927032 0.1 2630
1740795930631 0.1 2631
1740795934297 0.1 2632
1740795937802 0.1 2633
1740795941276 0.1 2634
1740795944753 0.1 2635
1740795948361 0.1 2636
1740795951892 0.1 2637
1740795955336 0.1 2638
1740795958949 0.1 2639
1740795962592 0.1 2640
1740795966117 0.1 2641
1740795969617 0.1 2642
1740795976023 0.1 2643
1740795979503 0.1 2644
1740795982849 0.1 2645
1740795986341 0.1 2646
1740795989950 0.1 2647
1740795993618 0.1 2648
1740795997549 0.1 2649
1740796000940 0.1 2650
1740796004416 0.1 2651
1740796007788 0.1 2652
1740796011395 0.1 2653
1740796014802 0.1 2654
1740796018266 0.1 2655
1740796021826 0.1 2656
1740796025598 0.1 2657
1740796028982 0.1 2658
1740796032939 0.1 2659
1740796036466 0.1 2660
1740796039990 0.1 2661
1740796043618 0.1 2662
1740796047098 0.1 2663
1740796050830 0.1 2664
1740796054302 0.1 2665
1740796058065 0.1 2666
1740796061695 0.1 2667
1740796065347 0.1 2668
1740796068859 0.1 2669
1740796072260 0.1 2670
1740796075909 0.1 2671
1740796079891 0.1 2672
1740796083532 0.1 2673
1740796087068 0.1 2674
1740796090492 0.1 2675
1740796093915 0.1 2676
1740796097501 0.1 2677
1740796100875 0.1 2678
1740796104402 0.1 2679
1740796107952 0.1 2680
1740796111441 0.1 2681
1740796114984 0.1 2682
1740796116134 0.1 2683
1740796119470 0.1 2684
1740796122858 0.1 2685
1740796126642 0.1 2686
1740796130237 0.1 2687
1740796133664 0.1 2688
1740796137567 0.1 2689
1740796141250 0.1 2690
1740796145009 0.1 2691
1740796148647 0.1 2692
1740796152063 0.1 2693
1740796155440 0.1 2694
1740796158965 0.1 2695
1740796162601 0.1 2696
1740796166288 0.1 2697
1740796169880 0.1 2698
1740796173535 0.1 2699
1740796176929 0.1 2700
1740796180673 0.1 2701
1740796184206 0.1 2702
1740796187667 0.1 2703
1740796191315 0.1 2704
1740796194884 0.1 2705
1740796198405 0.1 2706
1740796201960 0.1 2707
1740796205554 0.1 2708
1740796209165 0.1 2709
1740796212673 0.1 2710
1740796216251 0.1 2711
1740796219674 0.1 2712
1740796223229 0.1 2713
1740796226684 0.1 2714
1740796230342 0.1 2715
1740796234070 0.1 2716
1740796237796 0.1 2717
1740796241415 0.1 2718
1740796245064 0.1 2719
1740796248552 0.1 2720
1740796252198 0.1 2721
1740796255715 0.1 2722
1740796259332 0.1 2723
1740796262999 0.1 2724
1740796266669 0.1 2725
1740796270639 0.1 2726
1740796274116 0.1 2727
1740796277716 0.1 2728
1740796281190 0.1 2729
1740796285044 0.1 2730
1740796288560 0.1 2731
1740796292083 0.1 2732
1740796295624 0.1 2733
1740796299138 0.1 2734
1740796302944 0.1 2735
1740796311590 0.1 2736
1740796315161 0.1 2737
1740796318850 0.1 2738
1740796323205 0.1 2739
1740796326591 0.1 2740
1740796330180 0.1 2741
1740796333795 0.1 2742
1740796337257 0.1 2743
1740796340731 0.1 2744
1740796344453 0.1 2745
1740796348082 0.1 2746
1740796351993 0.1 2747
1740796355483 0.1 2748
1740796360261 0.1 2749
1740796363864 0.1 2750
1740796367340 0.1 2751
1740796370913 0.1 2752
1740796374444 0.1 2753
1740796378158 0.1 2754
1740796381700 0.1 2755
1740796385205 0.1 2756
1740796388625 0.1 2757
1740796392088 0.1 2758
1740796395607 0.1 2759
1740796399104 0.1 2760
1740796402550 0.1 2761
1740796405992 0.1 2762
1740796409933 0.1 2763
1740796413732 0.1 2764
1740796417522 0.1 2765
1740796421067 0.1 2766
1740796424691 0.1 2767
1740796428314 0.1 2768
1740796431699 0.1 2769
1740796435165 0.1 2770
1740796438826 0.1 2771
1740796442672 0.1 2772
1740796446075 0.1 2773
1740796449738 0.1 2774
1740796453137 0.1 2775
1740796456600 0.1 2776
1740796460066 0.1 2777
1740796463562 0.1 2778
1740796467130 0.1 2779
1740796471040 0.1 2780
1740796474541 0.1 2781
1740796478132 0.1 2782
1740796481597 0.1 2783
1740796485217 0.1 2784
1740796488775 0.1 2785
1740796492480 0.1 2786
1740796496007 0.1 2787
1740796499536 0.1 2788
1740796503418 0.1 2789
1740796507140 0.1 2790
1740796510776 0.1 2791
1740796514291 0.1 2792
1740796518199 0.1 2793
1740796522008 0.1 2794
1740796525494 0.1 2795
1740796529074 0.1 2796
1740796532711 0.1 2797
1740796536322 0.1 2798
1740796539888 0.1 2799
1740796543281 0.1 2800
1740796546947 0.1 2801
1740796550489 0.1 2802
1740796553871 0.1 2803
1740796557352 0.1 2804
1740796561159 0.1 2805
1740796564734 0.1 2806
1740796568098 0.1 2807
1740796571656 0.1 2808
1740796575004 0.1 2809
1740796578691 0.1 2810
1740796582615 0.1 2811
1740796586308 0.1 2812
1740796590138 0.1 2813
1740796593660 0.1 2814
1740796597263 0.1 2815
1740796600853 0.1 2816
1740796604582 0.1 2817
1740796608238 0.1 2818
1740796611826 0.1 2819
1740796615248 0.1 2820
1740796623896 0.1 2821
1740796627427 0.1 2822
1740796631523 0.1 2823
1740796635322 0.1 2824
1740796638766 0.1 2825
1740796642257 0.1 2826
1740796645842 0.1 2827
1740796649223 0.1 2828
1740796652788 0.1 2829
1740796656967 0.1 2830
1740796660392 0.1 2831
1740796663889 0.1 2832
1740796667215 0.1 2833
1740796670735 0.1 2834
1740796674328 0.1 2835
1740796677762 0.1 2836
1740796681370 0.1 2837
1740796685863 0.1 2838
1740796689360 0.1 2839
1740796693023 0.1 2840
1740796696589 0.1 2841
1740796700045 0.1 2842
1740796703821 0.1 2843
1740796707347 0.1 2844
1740796710967 0.1 2845
1740796714553 0.1 2846
1740796717985 0.1 2847
1740796721713 0.1 2848
1740796725452 0.1 2849
1740796728778 0.1 2850
1740796732434 0.1 2851
1740796736631 0.1 2852
1740796741331 0.1 2853
1740796745214 0.1 2854
1740796749199 0.1 2855
1740796753116 0.1 2856
1740796756749 0.1 2857
1740796760310 0.1 2858
1740796763865 0.1 2859
1740796767352 0.1 2860
1740796770822 0.1 2861
1740796774341 0.1 2862
1740796777925 0.1 2863
1740796783443 0.1 2864
1740796787229 0.1 2865
1740796790512 0.1 2866
1740796793958 0.1 2867
1740796797644 0.1 2868
1740796801314 0.1 2869
1740796805015 0.1 2870
1740796808552 0.1 2871
1740796812209 0.1 2872
1740796816178 0.1 2873
1740796819871 0.1 2874
1740796823177 0.1 2875
1740796826474 0.1 2876
1740796829798 0.1 2877
1740796833004 0.1 2878
1740796836721 0.1 2879
1740796840033 0.1 2880
1740796843448 0.1 2881
1740796847391 0.1 2882
1740796850932 0.1 2883
1740796854319 0.1 2884
1740796857694 0.1 2885
1740796861274 0.1 2886
1740796864589 0.1 2887
1740796867820 0.1 2888
1740796871319 0.1 2889
1740796874512 0.1 2890
1740796877986 0.1 2891
1740796881567 0.1 2892
1740796884910 0.1 2893
1740796888512 0.1 2894
1740796891684 0.1 2895
1740796894966 0.1 2896
1740796898777 0.1 2897
1740796902094 0.1 2898
1740796905424 0.1 2899
1740796908871 0.1 2900
1740796912226 0.1 2901
1740796915740 0.1 2902
1740796918976 0.1 2903
1740796922278 0.1 2904
1740796925369 0.1 2905
1740796928662 0.1 2906
1740796932083 0.1 2907
1740796935482 0.1 2908
1740796938759 0.1 2909
1740796942051 0.1 2910
1740796946261 0.1 2911
1740796949562 0.1 2912
1740796952770 0.1 2913
1740796955996 0.1 2914
1740796959303 0.1 2915
1740796962643 0.1 2916
1740796965925 0.1 2917
1740796969201 0.1 2918
1740796972457 0.1 2919
1740796975716 0.1 2920
1740796978917 0.1 2921
1740796982145 0.1 2922
1740796985380 0.1 2923
1740796988757 0.1 2924
1740796994843 0.1 2925
1740796998316 0.1 2926
1740797001605 0.1 2927
1740797004837 0.1 2928
1740797008167 0.1 2929
1740797011515 0.1 2930
1740797014866 0.1 2931
1740797018265 0.1 2932
1740797021525 0.1 2933
1740797024972 0.1 2934
1740797028190 0.1 2935
1740797031560 0.1 2936
1740797034878 0.1 2937
1740797038323 0.1 2938
1740797041641 0.1 2939
1740797045035 0.1 2940
1740797048278 0.1 2941
1740797051904 0.1 2942
1740797055199 0.1 2943
1740797058790 0.1 2944
1740797062050 0.1 2945
1740797065634 0.1 2946
1740797068977 0.1 2947
1740797072249 0.1 2948
1740797075725 0.1 2949
1740797078985 0.1 2950
1740797082331 0.1 2951
1740797085589 0.1 2952
1740797088916 0.1 2953
1740797092320 0.1 2954
1740797095772 0.1 2955
1740797099244 0.1 2956
1740797102559 0.1 2957
1740797103125 0.1 2958
1740797106617 0.1 2959
1740797110380 0.1 2960
1740797113964 0.1 2961
1740797117186 0.1 2962
1740797120626 0.1 2963
1740797123935 0.1 2964
1740797127299 0.1 2965
1740797130730 0.1 2966
1740797134031 0.1 2967
1740797135979 0.1 2968
1740797139281 0.1 2969
1740797142814 0.1 2970
1740797146086 0.1 2971
1740797149676 0.1 2972
1740797155643 0.1 2973
1740797159560 0.1 2974
1740797162842 0.1 2975
1740797166145 0.1 2976
1740797169749 0.1 2977
1740797173200 0.1 2978
1740797176819 0.1 2979
1740797180147 0.1 2980
1740797183467 0.1 2981
1740797186801 0.1 2982
1740797190125 0.1 2983
1740797193734 0.1 2984
1740797197381 0.1 2985
1740797201043 0.1 2986
1740797204556 0.1 2987
1740797207855 0.1 2988
1740797213300 0.1 2989
1740797216874 0.1 2990
1740797220281 0.1 2991
1740797223912 0.1 2992
1740797227457 0.1 2993
1740797230856 0.1 2994
1740797235320 0.1 2995
1740797238597 0.1 2996
1740797241984 0.1 2997
1740797245318 0.1 2998
1740797248709 0.1 2999
