1740771952973 0.999 0
1740771955912 0.998001 1
1740771959056 0.997002999 2
1740771962273 0.996005996001 3
1740771965417 0.995009990004999 4
1740771968590 0.994014980014994 5
1740771971625 0.993020965034979 6
1740771974746 0.9920279440699441 7
1740771977711 0.9910359161258742 8
1740771980806 0.9900448802097482 9
1740771983904 0.9890548353295385 10
1740771986998 0.988065780494209 11
1740771989985 0.9870777147137147 12
1740771993084 0.986090636999001 13
1740771996181 0.9851045463620021 14
1740771999295 0.98411944181564 15
1740772002285 0.9831353223738244 16
1740772005301 0.9821521870514506 17
1740772008312 0.9811700348643991 18
1740772011414 0.9801888648295347 19
1740772014662 0.9792086759647052 20
1740772017843 0.9782294672887405 21
1740772021072 0.9772512378214517 22
1740772024374 0.9762739865836303 23
1740772027658 0.9752977125970467 24
1740772030849 0.9743224148844496 25
1740772034132 0.9733480924695651 26
1740772037458 0.9723747443770956 27
1740772040765 0.9714023696327185 28
1740772044019 0.9704309672630859 29
1740772047143 0.9694605362958227 30
1740772050171 0.9684910757595269 31
1740772053261 0.9675225846837673 32
1740772056615 0.9665550620990835 33
1740772059790 0.9655885070369844 34
1740772062912 0.9646229185299474 35
1740772066087 0.9636582956114175 36
1740772069166 0.9626946373158061 37
1740772072295 0.9617319426784903 38
1740772075437 0.9607702107358118 39
1740772078667 0.959809440525076 40
1740772081998 0.9588496310845509 41
1740772085100 0.9578907814534664 42
1740772088304 0.9569328906720129 43
1740772091546 0.9559759577813409 44
1740772094654 0.9550199818235596 45
1740772097897 0.9540649618417361 46
1740772100954 0.9531108968798944 47
1740772104037 0.9521577859830145 48
1740772107179 0.9512056281970315 49
1740772110324 0.9502544225688344 50
1740772113644 0.9493041681462656 51
1740772116754 0.9483548639781193 52
1740772119876 0.9474065091141411 53
1740772122820 0.946459102605027 54
1740772126006 0.9455126435024219 55
1740772129117 0.9445671308589195 56
1740772132261 0.9436225637280606 57
1740772135481 0.9426789411643326 58
1740772138502 0.9417362622231683 59
1740772141834 0.9407945259609451 60
1740772145082 0.9398537314349842 61
1740772148448 0.9389138777035492 62
1740772151565 0.9379749638258457 63
1740772154634 0.9370369888620198 64
1740772157800 0.9360999518731578 65
1740772160893 0.9351638519212846 66
1740772164013 0.9342286880693633 67
1740772167009 0.933294459381294 68
1740772170437 0.9323611649219127 69
1740772173644 0.9314288037569908 70
1740772176773 0.9304973749532338 71
1740772179907 0.9295668775782806 72
1740772182969 0.9286373107007023 73
1740772186073 0.9277086733900016 74
1740772189138 0.9267809647166116 75
1740772192280 0.925854183751895 76
1740772195351 0.9249283295681431 77
1740772198323 0.9240034012385749 78
1740772201457 0.9230793978373364 79
1740772204578 0.9221563184394991 80
1740772207694 0.9212341621210596 81
1740772210844 0.9203129279589385 82
1740772213829 0.9193926150309796 83
1740772216991 0.9184732224159486 84
1740772220086 0.9175547491935327 85
1740772223179 0.9166371944443392 86
1740772226081 0.9157205572498949 87
1740772229115 0.914804836692645 88
1740772232458 0.9138900318559524 89
1740772235509 0.9129761418240965 90
1740772238705 0.9120631656822724 91
1740772241975 0.9111511025165902 92
1740772245322 0.9102399514140735 93
1740772248333 0.9093297114626595 94
1740772251502 0.9084203817511969 95
1740772254661 0.9075119613694457 96
1740772257606 0.9066044494080763 97
1740772260696 0.9056978449586682 98
1740772263819 0.9047921471137096 99
1740772266857 0.9038873549665959 100
1740772269982 0.9029834676116293 101
1740772273051 0.9020804841440176 102
1740772276243 0.9011784036598737 103
1740772279295 0.9002772252562138 104
1740772282643 0.8993769480309576 105
1740772285668 0.8984775710829266 106
1740772288867 0.8975790935118436 107
1740772291896 0.8966815144183318 108
1740772294842 0.8957848329039134 109
1740772297845 0.8948890480710096 110
1740772301133 0.8939941590229386 111
1740772304233 0.8931001648639156 112
1740772307405 0.8922070646990518 113
1740772310424 0.8913148576343527 114
1740772313486 0.8904235427767183 115
1740772316542 0.8895331192339416 116
1740772319681 0.8886435861147077 117
1740772322874 0.887754942528593 118
1740772326014 0.8868671875860644 119
1740772329188 0.8859803203984784 120
1740772332292 0.88509434007808 121
1740772335388 0.8842092457380019 122
1740772338325 0.8833250364922639 123
1740772341384 0.8824417114557717 124
1740772344485 0.8815592697443159 125
1740772345093 0.8815592697443159 126
1740772348174 0.8806777104745716 127
1740772351313 0.8797970327640969 128
1740772354420 0.8789172357313328 129
1740772357561 0.8780383184956015 130
1740772360652 0.8771602801771059 131
1740772363875 0.8762831198969288 132
1740772367039 0.8754068367770318 133
1740772370178 0.8745314299402548 134
1740772373079 0.8736568985103146 135
1740772376174 0.8727832416118043 136
1740772379263 0.8719104583701925 137
1740772382414 0.8710385479118223 138
1740772385524 0.8701675093639105 139
1740772388589 0.8692973418545467 140
1740772391650 0.8684280445126921 141
1740772394700 0.8675596164681794 142
1740772397899 0.8666920568517111 143
1740772401051 0.8658253647948594 144
1740772404261 0.8649595394300645 145
1740772407351 0.8640945798906344 146
1740772410475 0.8632304853107438 147
1740772413570 0.862367254825433 148
1740772417201 0.8615048875706075 149
1740772420230 0.8606433826830369 150
1740772423473 0.8597827393003539 151
1740772426631 0.8589229565610536 152
1740772429627 0.8580640336044925 153
1740772432862 0.857205969570888 154
1740772436104 0.8563487636013172 155
1740772439310 0.8554924148377159 156
1740772442462 0.8546369224228781 157
1740772445684 0.8537822855004553 158
1740772448895 0.8529285032149548 159
1740772452074 0.8520755747117399 160
1740772455167 0.8512234991370281 161
1740772458348 0.8503722756378911 162
1740772461442 0.8495219033622532 163
1740772464582 0.8486723814588909 164
1740772467682 0.847823709077432 165
1740772470686 0.8469758853683546 166
1740772473665 0.8461289094829862 167
1740772476788 0.8452827805735033 168
1740772479849 0.8444374977929298 169
1740772483485 0.8435930602951368 170
1740772486931 0.8427494672348417 171
1740772489956 0.8419067177676068 172
1740772492914 0.8410648110498392 173
1740772496103 0.8402237462387894 174
1740772499080 0.8393835224925505 175
1740772502221 0.838544138970058 176
1740772505298 0.8377055948310879 177
1740772508366 0.8368678892362568 178
1740772511320 0.8360310213470206 179
1740772514409 0.8351949903256736 180
1740772517433 0.8343597953353479 181
1740772520425 0.8335254355400126 182
1740772523630 0.8326919101044725 183
1740772526647 0.831859218194368 184
1740772529641 0.8310273589761736 185
1740772532931 0.8301963316171974 186
1740772535929 0.8293661352855802 187
1740772539114 0.8285367691502946 188
1740772542696 0.8277082323811443 189
1740772545894 0.8268805241487632 190
1740772549013 0.8260536436246144 191
1740772552294 0.8252275899809898 192
1740772555446 0.8244023623910088 193
1740772558431 0.8235779600286178 194
1740772561544 0.8227543820685892 195
1740772564670 0.8219316276865206 196
1740772567922 0.8211096960588341 197
1740772571016 0.8202885863627752 198
1740772574262 0.8194682977764125 199
1740772577437 0.818648829478636 200
1740772580542 0.8178301806491574 201
1740772583630 0.8170123504685082 202
1740772586995 0.8161953381180397 203
1740772590086 0.8153791427799216 204
1740772593541 0.8145637636371417 205
1740772596953 0.8137491998735046 206
1740772600472 0.812935450673631 207
1740772603472 0.8121225152229574 208
1740772606644 0.8113103927077344 209
1740772610167 0.8104990823150267 210
1740772613610 0.8096885832327116 211
1740772616703 0.8088788946494789 212
1740772619652 0.8080700157548294 213
1740772622893 0.8072619457390746 214
1740772626044 0.8064546837933355 215
1740772629026 0.8056482291095421 216
1740772632000 0.8048425808804326 217
1740772635067 0.8040377382995522 218
1740772638550 0.8032337005612527 219
1740772642160 0.8024304668606914 220
1740772645245 0.8016280363938307 221
1740772648466 0.8008264083574369 222
1740772651644 0.8000255819490795 223
1740772654716 0.7992255563671304 224
1740772657904 0.7984263308107633 225
1740772661246 0.7976279044799526 226
1740772664396 0.7968302765754727 227
1740772667926 0.7960334462988972 228
1740772670985 0.7952374128525983 229
1740772674005 0.7944421754397457 230
1740772677315 0.7936477332643059 231
1740772680441 0.7928540855310416 232
1740772683486 0.7920612314455105 233
1740772686611 0.7912691702140651 234
1740772689760 0.790477901043851 235
1740772693163 0.7896874231428072 236
1740772696396 0.7888977357196644 237
1740772699497 0.7881088379839447 238
1740772702699 0.7873207291459607 239
1740772705847 0.7865334084168147 240
1740772709003 0.7857468750083979 241
1740772712287 0.7849611281333895 242
1740772715515 0.784176167005256 243
1740772718523 0.7833919908382508 244
1740772721812 0.7826085988474126 245
1740772724834 0.7818259902485653 246
1740772727935 0.7810441642583167 247
1740772731092 0.7802631200940584 248
1740772734656 0.7794828569739644 249
1740772737998 0.7787033741169904 250
1740772741123 0.7779246707428734 251
1740772744265 0.7771467460721305 252
1740772747254 0.7763695993260584 253
1740772750406 0.7755932297267324 254
1740772753551 0.7748176364970056 255
1740772756812 0.7740428188605086 256
1740772759800 0.7732687760416481 257
1740772762890 0.7724955072656065 258
1740772766150 0.7717230117583408 259
1740772769175 0.7709512887465825 260
1740772772404 0.7701803374578359 261
1740772775579 0.7694101571203781 262
1740772778652 0.7686407469632577 263
1740772781822 0.7678721062162944 264
1740772784983 0.7671042341100781 265
1740772788140 0.766337129875968 266
1740772791343 0.7655707927460921 267
1740772794508 0.764805221953346 268
1740772797762 0.7640404167313927 269
1740772801072 0.7632763763146613 270
1740772804134 0.7625130999383466 271
1740772807308 0.7617505868384082 272
1740772810378 0.7609888362515699 273
1740772813350 0.7602278474153183 274
1740772816480 0.759467619567903 275
1740772819694 0.7587081519483351 276
1740772822749 0.7579494437963867 277
1740772825719 0.7571914943525904 278
1740772828914 0.7564343028582378 279
1740772832025 0.7556778685553796 280
1740772835046 0.7549221906868242 281
1740772838179 0.7541672684961374 282
1740772841393 0.7534131012276413 283
1740772844372 0.7526596881264136 284
1740772847544 0.7519070284382872 285
1740772850598 0.7511551214098489 286
1740772853697 0.750403966288439 287
1740772856751 0.7496535623221505 288
1740772860456 0.7489039087598284 289
1740772863658 0.7481550048510686 290
1740772866762 0.7474068498462175 291
1740772869770 0.7466594429963713 292
1740772872893 0.745912783553375 293
1740772875933 0.7451668707698216 294
1740772879014 0.7444217038990517 295
1740772881958 0.7436772821951526 296
1740772885386 0.7429336049129575 297
1740772888553 0.7421906713080445 298
1740772891525 0.7414484806367364 299
1740772894601 0.7407070321560997 300
1740772897932 0.7399663251239436 301
1740772901102 0.7392263587988196 302
1740772904222 0.7384871324400207 303
1740772907276 0.7377486453075807 304
1740772910397 0.737010896662273 305
1740772913457 0.7362738857656108 306
1740772916482 0.7355376118798452 307
1740772919602 0.7348020742679654 308
1740772922728 0.7340672721936974 309
1740772925853 0.7333332049215037 310
1740772928977 0.7325998717165821 311
1740772931941 0.7318672718448656 312
1740772935091 0.7311354045730207 313
1740772938143 0.7304042691684477 314
1740772941167 0.7296738648992792 315
1740772944252 0.7289441910343799 316
1740772947234 0.7282152468433455 317
1740772950338 0.7274870315965022 318
1740772953505 0.7267595445649057 319
1740772956652 0.7260327850203407 320
1740772959650 0.7253067522353204 321
1740772962668 0.724581445483085 322
1740772965719 0.723856864037602 323
1740772968878 0.7231330071735643 324
1740772971969 0.7224098741663908 325
1740772975216 0.7216874642922244 326
1740772978197 0.7209657768279322 327
1740772981265 0.7202448110511043 328
1740772984368 0.7195245662400531 329
1740772987541 0.7188050416738131 330
1740772990645 0.7180862366321393 331
1740772993820 0.7173681503955072 332
1740772996933 0.7166507822451117 333
1740772999912 0.7159341314628666 334
1740773002964 0.7152181973314037 335
1740773006020 0.7145029791340722 336
1740773009557 0.7137884761549381 337
1740773012818 0.7130746876787832 338
1740773016323 0.7123616129911045 339
1740773019643 0.7116492513781133 340
1740773023181 0.7109376021267352 341
1740773026431 0.7102266645246085 342
1740773029515 0.7095164378600839 343
1740773032717 0.7088069214222238 344
1740773036519 0.7080981145008015 345
1740773039522 0.7073900163863007 346
1740773042589 0.7066826263699144 347
1740773045580 0.7059759437435444 348
1740773049116 0.7052699677998009 349
1740773052548 0.704564697832001 350
1740773056061 0.7038601331341691 351
1740773059251 0.7031562730010349 352
1740773062288 0.7024531167280339 353
1740773065322 0.7017506636113059 354
1740773068477 0.7010489129476946 355
1740773071761 0.7003478640347469 356
1740773074977 0.6996475161707122 357
1740773078125 0.6989478686545415 358
1740773081242 0.698248920785887 359
1740773084217 0.6975506718651011 360
1740773087405 0.6968531211932361 361
1740773090823 0.6961562680720428 362
1740773093972 0.6954601118039707 363
1740773097135 0.6947646516921667 364
1740773100234 0.6940698870404746 365
1740773103488 0.6933758171534341 366
1740773106913 0.6926824413362807 367
1740773110071 0.6919897588949444 368
1740773113184 0.6912977691360495 369
1740773116336 0.6906064713669134 370
1740773119524 0.6899158648955466 371
1740773122590 0.689225949030651 372
1740773125726 0.6885367230816204 373
1740773129129 0.6878481863585387 374
1740773132484 0.6871603381721801 375
1740773135788 0.686473177834008 376
1740773138814 0.685786704656174 377
1740773141812 0.6851009179515178 378
1740773145179 0.6844158170335664 379
1740773148422 0.6837314012165328 380
1740773151728 0.6830476698153162 381
1740773154893 0.6823646221455009 382
1740773158339 0.6816822575233553 383
1740773161562 0.6810005752658319 384
1740773164574 0.680319574690566 385
1740773167726 0.6796392551158754 386
1740773170905 0.6789596158607596 387
1740773174055 0.6782806562448989 388
1740773177395 0.677602375588654 389
1740773180407 0.6769247732130653 390
1740773183417 0.6762478484398523 391
1740773186916 0.6755716005914124 392
1740773190351 0.674896028990821 393
1740773193651 0.6742211329618302 394
1740773196741 0.6735469118288684 395
1740773199896 0.6728733649170395 396
1740773202966 0.6722004915521225 397
1740773206423 0.6715282910605703 398
1740773209912 0.6708567627695098 399
1740773212905 0.6701859060067403 400
1740773216106 0.6695157201007336 401
1740773219550 0.6688462043806328 402
1740773222932 0.6681773581762521 403
1740773226077 0.6675091808180759 404
1740773229126 0.6668416716372578 405
1740773232244 0.6661748299656206 406
1740773235476 0.6655086551356549 407
1740773238739 0.6648431464805192 408
1740773241727 0.6641783033340387 409
1740773244789 0.6635141250307047 410
1740773248026 0.662850610905674 411
1740773251095 0.6621877602947683 412
1740773254401 0.6615255725344735 413
1740773257613 0.660864046961939 414
1740773260687 0.660203182914977 415
1740773263811 0.6595429797320621 416
1740773267067 0.6588834367523301 417
1740773270241 0.6582245533155777 418
1740773273287 0.6575663287622622 419
1740773276903 0.6569087624334999 420
1740773280066 0.6562518536710664 421
1740773283348 0.6555956018173954 422
1740773286334 0.654940006215578 423
1740773289497 0.6542850662093624 424
1740773292985 0.6536307811431531 425
1740773296291 0.65297715036201 426
1740773299385 0.6523241732116479 427
1740773302613 0.6516718490384363 428
1740773305921 0.6510201771893979 429
1740773308984 0.6503691570122084 430
1740773312406 0.6497187878551962 431
1740773315700 0.649069069067341 432
1740773318994 0.6484199999982736 433
1740773322145 0.6477715799982753 434
1740773325153 0.647123808418277 435
1740773328377 0.6464766846098587 436
1740773331443 0.6458302079252489 437
1740773334588 0.6451843777173236 438
1740773337750 0.6445391933396063 439
1740773340835 0.6438946541462667 440
1740773343955 0.6432507594921204 441
1740773347099 0.6426075087326283 442
1740773350210 0.6419649012238956 443
1740773353428 0.6413229363226717 444
1740773356687 0.640681613386349 445
1740773359914 0.6400409317729626 446
1740773363116 0.6394008908411897 447
1740773366175 0.6387614899503485 448
1740773369674 0.6381227284603982 449
1740773373286 0.6374846057319378 450
1740773376587 0.6368471211262058 451
1740773379715 0.6362102740050796 452
1740773382943 0.6355740637310745 453
1740773385953 0.6349384896673435 454
1740773388969 0.6343035511776761 455
1740773392025 0.6336692476264985 456
1740773395395 0.6330355783788719 457
1740773398478 0.632402542800493 458
1740773402027 0.6317701402576925 459
1740773405180 0.6311383701174348 460
1740773408187 0.6305072317473174 461
1740773411478 0.6298767245155701 462
1740773415041 0.6292468477910546 463
1740773418256 0.6286176009432635 464
1740773421409 0.6279889833423202 465
1740773424413 0.6273609943589779 466
1740773427597 0.6267336333646188 467
1740773430772 0.6261068997312542 468
1740773434156 0.6254807928315229 469
1740773437411 0.6248553120386914 470
1740773440433 0.6242304567266527 471
1740773443584 0.623606226269926 472
1740773446738 0.6229826200436561 473
1740773449914 0.6223596374236124 474
1740773453224 0.6217372777861888 475
1740773456537 0.6211155405084027 476
1740773459638 0.6204944249678943 477
1740773462848 0.6198739305429264 478
1740773465805 0.6192540566123834 479
1740773469314 0.6186348025557711 480
1740773472462 0.6180161677532153 481
1740773475681 0.6173981515854621 482
1740773478758 0.6167807534338766 483
1740773481871 0.6161639726804428 484
1740773484838 0.6155478087077623 485
1740773488036 0.6149322608990545 486
1740773491087 0.6143173286381555 487
1740773494090 0.6137030113095173 488
1740773497785 0.6130893082982078 489
1740773501042 0.6124762189899097 490
1740773504165 0.6118637427709198 491
1740773507210 0.6112518790281489 492
1740773510332 0.6106406271491208 493
1740773513490 0.6100299865219717 494
1740773516506 0.6094199565354498 495
1740773519588 0.6088105365789144 496
1740773522699 0.6082017260423355 497
1740773525940 0.6075935243162931 498
1740773528956 0.6069859307919768 499
1740773532118 0.6063789448611848 500
1740773535245 0.6057725659163237 501
1740773538536 0.6051667933504074 502
1740773541679 0.6045616265570569 503
1740773544669 0.6039570649304998 504
1740773547897 0.6033531078655693 505
1740773551078 0.6027497547577038 506
1740773554314 0.602147005002946 507
1740773557523 0.6015448579979431 508
1740773560682 0.6009433131399452 509
1740773563904 0.6003423698268052 510
1740773567143 0.5997420274569785 511
1740773570288 0.5991422854295215 512
1740773573811 0.598543143144092 513
1740773577104 0.5979446000009478 514
1740773580185 0.5973466554009469 515
1740773583224 0.596749308745546 516
1740773586288 0.5961525594368005 517
1740773589451 0.5955564068773637 518
1740773592618 0.5949608504704863 519
1740773595616 0.5943658896200158 520
1740773598698 0.5937715237303958 521
1740773601816 0.5931777522066654 522
1740773604837 0.5925845744544587 523
1740773607967 0.5919919898800042 524
1740773611470 0.5913999978901242 525
1740773614824 0.590808597892234 526
1740773618015 0.5902177892943418 527
1740773621241 0.5896275715050474 528
1740773624525 0.5890379439335424 529
1740773627869 0.5884489059896089 530
1740773630870 0.5878604570836192 531
1740773634120 0.5872725966265356 532
1740773637095 0.5866853240299091 533
1740773640302 0.5860986387058792 534
1740773643693 0.5855125400671733 535
1740773646709 0.5849270275271061 536
1740773650047 0.584342100499579 537
1740773653511 0.5837577583990794 538
1740773657079 0.5831740006406804 539
1740773660228 0.5825908266400397 540
1740773663228 0.5820082358133997 541
1740773666735 0.5814262275775862 542
1740773670109 0.5808448013500086 543
1740773673337 0.5802639565486586 544
1740773676688 0.57968369259211 545
1740773679759 0.5791040088995179 546
1740773682980 0.5785249048906184 547
1740773686019 0.5779463799857277 548
1740773689253 0.577368433605742 549
1740773692348 0.5767910651721362 550
1740773695511 0.576214274106964 551
1740773698709 0.5756380598328571 552
1740773701785 0.5750624217730242 553
1740773704755 0.5744873593512512 554
1740773707867 0.5739128719918999 555
1740773710999 0.573338959119908 556
1740773714295 0.572765620160788 557
1740773717449 0.5721928545406272 558
1740773720704 0.5716206616860866 559
1740773724003 0.5710490410244006 560
1740773727175 0.5704779919833761 561
1740773730354 0.5699075139913927 562
1740773733436 0.5693376064774013 563
1740773736498 0.5687682688709239 564
1740773739805 0.5681995006020529 565
1740773742887 0.5676313011014509 566
1740773745954 0.5670636698003494 567
1740773749165 0.5664966061305491 568
1740773752301 0.5659301095244186 569
1740773755718 0.5653641794148941 570
1740773759043 0.5647988152354793 571
1740773762088 0.5642340164202437 572
1740773765284 0.5636697824038235 573
1740773768440 0.5631061126214196 574
1740773771654 0.5625430065087982 575
1740773775392 0.5619804635022894 576
1740773778583 0.561418483038787 577
1740773781646 0.5608570645557482 578
1740773784895 0.5602962074911925 579
1740773788468 0.5597359112837013 580
1740773791900 0.5591761753724176 581
1740773795158 0.5586169991970452 582
1740773798363 0.5580583821978482 583
1740773801785 0.5575003238156504 584
1740773805382 0.5569428234918348 585
1740773808560 0.5563858806683429 586
1740773811568 0.5558294947876746 587
1740773814974 0.5552736652928869 588
1740773818494 0.5547183916275941 589
1740773822062 0.5541636732359665 590
1740773825347 0.5536095095627305 591
1740773828608 0.5530559000531677 592
1740773832190 0.5525028441531146 593
1740773835756 0.5519503413089615 594
1740773839062 0.5513983909676525 595
1740773842339 0.5508469925766849 596
1740773845891 0.5502961455841082 597
1740773849368 0.5497458494385241 598
1740773852739 0.5491961035890855 599
1740773855802 0.5486469074854965 600
1740773858922 0.548098260578011 601
1740773862378 0.547550162317433 602
1740773865819 0.5470026121551156 603
1740773868906 0.5464556095429605 604
1740773872160 0.5459091539334175 605
1740773875423 0.5453632447794842 606
1740773878534 0.5448178815347047 607
1740773881825 0.54427306365317 608
1740773884902 0.5437287905895168 609
1740773887904 0.5431850617989273 610
1740773890983 0.5426418767371284 611
1740773894245 0.5420992348603912 612
1740773897836 0.5415571356255309 613
1740773901064 0.5410155784899053 614
1740773904740 0.5404745629114154 615
1740773908251 0.539934088348504 616
1740773911276 0.5393941542601555 617
1740773914646 0.5388547601058953 618
1740773918542 0.5383159053457894 619
1740773921827 0.5377775894404436 620
1740773924893 0.5372398118510032 621
1740773928261 0.5367025720391522 622
1740773931495 0.536165869467113 623
1740773934502 0.5356297035976458 624
1740773937634 0.5350940738940482 625
1740773940836 0.5345589798201541 626
1740773944277 0.534024420840334 627
1740773947926 0.5334903964194936 628
1740773951155 0.5329569060230741 629
1740773954335 0.532423949117051 630
1740773955003 0.532423949117051 631
1740773958621 0.531891525167934 632
1740773962156 0.5313596336427661 633
1740773965444 0.5308282740091232 634
1740773968616 0.5302974457351142 635
1740773971817 0.5297671482893791 636
1740773975571 0.5292373811410898 637
1740773979386 0.5287081437599487 638
1740773982417 0.5281794356161887 639
1740773985621 0.5276512561805725 640
1740773989099 0.5271236049243919 641
1740773992747 0.5265964813194676 642
1740773995989 0.5260698848381481 643
1740773999069 0.5255438149533099 644
1740774002421 0.5250182711383566 645
1740774006155 0.5244932528672183 646
1740774009597 0.5239687596143511 647
1740774012693 0.5234447908547367 648
1740774015746 0.522921346063882 649
1740774019246 0.522398424717818 650
1740774022397 0.5218760262931003 651
1740774025422 0.5213541502668072 652
1740774028532 0.5208327961165404 653
1740774031692 0.5203119633204238 654
1740774034662 0.5197916513571034 655
1740774037929 0.5192718597057463 656
1740774041201 0.5187525878460405 657
1740774044191 0.5182338352581944 658
1740774047270 0.5177156014229363 659
1740774050444 0.5171978858215134 660
1740774053470 0.5166806879356919 661
1740774056716 0.5161640072477562 662
1740774059877 0.5156478432405085 663
1740774063087 0.515132195397268 664
1740774066268 0.5146170632018707 665
1740774069553 0.5141024461386688 666
1740774072720 0.5135883436925301 667
1740774076324 0.5130747553488376 668
1740774079647 0.5125616805934888 669
1740774082871 0.5120491189128954 670
1740774085955 0.5115370697939825 671
1740774089780 0.5110255327241885 672
1740774093122 0.5105145071914643 673
1740774096207 0.5100039926842729 674
1740774099368 0.5094939886915886 675
1740774102405 0.508984494702897 676
1740774105512 0.508475510208194 677
1740774108722 0.5079670346979859 678
1740774111913 0.5074590676632879 679
1740774115032 0.5069516085956246 680
1740774118223 0.506444656987029 681
1740774121548 0.505938212330042 682
1740774124795 0.505432274117712 683
1740774128058 0.5049268418435943 684
1740774131252 0.5044219150017507 685
1740774134466 0.5039174930867489 686
1740774137652 0.5034135755936622 687
1740774141100 0.5029101620180685 688
1740774144888 0.5024072518560504 689
1740774148367 0.5019048446041944 690
1740774151475 0.5014029397595902 691
1740774154550 0.5009015368198305 692
1740774158145 0.5004006352830107 693
1740774161799 0.4999002346477277 694
1740774165019 0.49940033441307996 695
1740774168210 0.49890093407866687 696
1740774171908 0.4984020331445882 697
1740774175040 0.4979036311114436 698
1740774178176 0.4974057274803321 699
1740774181335 0.49690832175285177 700
1740774184966 0.4964114134310989 701
1740774188088 0.4959150020176678 702
1740774191359 0.49541908701565013 703
1740774194396 0.49492366792863446 704
1740774197737 0.4944287442607058 705
1740774201321 0.4939343155164451 706
1740774204766 0.4934403812009287 707
1740774207774 0.4929469408197278 708
1740774210942 0.49245399387890804 709
1740774214273 0.4919615398850291 710
1740774217640 0.4914695783451441 711
1740774220752 0.4909781087667989 712
1740774224236 0.4904871306580321 713
1740774227667 0.4899966435273741 714
1740774230988 0.4895066468838467 715
1740774234192 0.48901714023696286 716
1740774237441 0.4885281230967259 717
1740774240894 0.48803959497362914 718
1740774244160 0.4875515553786555 719
1740774247271 0.48706400382327686 720
1740774250308 0.4865769398194536 721
1740774253755 0.48609036287963414 722
1740774257249 0.48560427251675453 723
1740774260590 0.48511866824423777 724
1740774263566 0.4846335495759935 725
1740774267248 0.4841489160264175 726
1740774270907 0.4836647671103911 727
1740774273949 0.4831811023432807 728
1740774277192 0.4826979212409374 729
1740774280718 0.48221522331969646 730
1740774284221 0.48173300809637676 731
1740774287620 0.48125127508828036 732
1740774290828 0.48077002381319206 733
1740774294172 0.48028925378937887 734
1740774297666 0.47980896453558947 735
1740774300689 0.4793291555710539 736
1740774303762 0.47884982641548285 737
1740774307577 0.47837097658906735 738
1740774311203 0.47789260561247826 739
1740774314457 0.4774147130068658 740
1740774317593 0.4769372982938589 741
1740774321045 0.47646036099556505 742
1740774324599 0.47598390063456947 743
1740774327721 0.4755079167339349 744
1740774330986 0.47503240881720094 745
1740774334737 0.47455737640838375 746
1740774337762 0.47408281903197536 747
1740774340778 0.47360873621294336 748
1740774343860 0.4731351274767304 749
1740774347474 0.4726619923492537 750
1740774350799 0.47218933035690447 751
1740774353826 0.47171714102654755 752
1740774356943 0.471245423885521 753
1740774360038 0.47077417846163544 754
1740774363560 0.4703034042831738 755
1740774366833 0.46983310087889063 756
1740774369995 0.46936326777801174 757
1740774373101 0.4688939045102337 758
1740774376406 0.4684250106057235 759
1740774379763 0.46795658559511777 760
1740774382771 0.46748862900952265 761
1740774385789 0.4670211403805131 762
1740774389159 0.4665541192401326 763
1740774392718 0.4660875651208925 764
1740774395835 0.4656214775557716 765
1740774398839 0.46515585607821586 766
1740774402128 0.46469070022213765 767
1740774405671 0.4642260095219155 768
1740774408983 0.4637617835123936 769
1740774412196 0.46329802172888124 770
1740774415469 0.46283472370715234 771
1740774418650 0.46237188898344517 772
1740774421897 0.4619095170944617 773
1740774424960 0.46144760757736725 774
1740774427999 0.46098615996978987 775
1740774431449 0.46052517380982005 776
1740774435056 0.4600646486360102 777
1740774438620 0.4596045839873742 778
1740774441795 0.45914497940338683 779
1740774444853 0.4586858344239834 780
1740774448596 0.45822714858955943 781
1740774451733 0.45776892144096987 782
1740774455009 0.4573111525195289 783
1740774458122 0.4568538413670094 784
1740774461262 0.4563969875256424 785
1740774464482 0.45594059053811675 786
1740774467769 0.45548464994757865 787
1740774471098 0.45502916529763104 788
1740774474127 0.45457413613233344 789
1740774477197 0.4541195619962011 790
1740774480809 0.4536654424342049 791
1740774484058 0.45321177699177073 792
1740774487423 0.452758565214779 793
1740774490565 0.4523058066495642 794
1740774493828 0.45185350084291465 795
1740774497012 0.4514016473420717 796
1740774500303 0.45095024569472963 797
1740774503530 0.4504992954490349 798
1740774506788 0.45004879615358584 799
1740774510028 0.44959874735743227 800
1740774513469 0.4491491486100748 801
1740774516770 0.44869999946146477 802
1740774520044 0.4482512994620033 803
1740774523305 0.4478030481625413 804
1740774526686 0.44735524511437874 805
1740774529775 0.4469078898692644 806
1740774533153 0.4464609819793951 807
1740774536140 0.44601452099741573 808
1740774539208 0.4455685064764183 809
1740774542557 0.4451229379699419 810
1740774545833 0.44467781503197196 811
1740774549398 0.44423313721693997 812
1740774553063 0.44378890407972305 813
1740774556091 0.44334511517564335 814
1740774559249 0.4429017700604677 815
1740774562776 0.44245886829040726 816
1740774566203 0.44201640942211684 817
1740774569341 0.44157439301269474 818
1740774572440 0.44113281861968207 819
1740774576111 0.4406916858010624 820
1740774579184 0.4402509941152613 821
1740774582431 0.43981074312114604 822
1740774585508 0.4393709323780249 823
1740774588895 0.4389315614456469 824
1740774592416 0.43849262988420123 825
1740774595953 0.438054137254317 826
1740774599053 0.4376160831170627 827
1740774602377 0.43717846703394564 828
1740774606057 0.4367412885669117 829
1740774609811 0.4363045472783448 830
1740774612971 0.43586824273106645 831
1740774616088 0.4354323744883354 832
1740774619761 0.43499694211384704 833
1740774622790 0.4345619451717332 834
1740774626071 0.43412738322656147 835
1740774629079 0.4336932558433349 836
1740774632283 0.43325956258749154 837
1740774635629 0.43282630302490405 838
1740774638848 0.43239347672187917 839
1740774642181 0.4319610832451573 840
1740774645644 0.43152912216191214 841
1740774648884 0.4310975930397502 842
1740774652353 0.43066649544671043 843
1740774655624 0.4302358289512637 844
1740774658807 0.4298055931223125 845
1740774662195 0.42937578752919014 846
1740774665516 0.4289464117416609 847
1740774668594 0.42851746532991924 848
1740774671669 0.42808894786458934 849
1740774675010 0.42766085891672473 850
1740774678239 0.427233198057808 851
1740774681617 0.4268059648597502 852
1740774684722 0.4263791588948904 853
1740774688209 0.42595277973599555 854
1740774691330 0.42552682695625954 855
1740774694728 0.4251013001293033 856
1740774697911 0.424676198829174 857
1740774701293 0.4242515226303448 858
1740774704562 0.42382727110771445 859
1740774707880 0.4234034438366067 860
1740774710953 0.4229800403927701 861
1740774714245 0.42255706035237733 862
1740774718044 0.42213450329202495 863
1740774721898 0.4217123687887329 864
1740774725142 0.4212906564199442 865
1740774728342 0.42086936576352424 866
1740774731910 0.4204484963977607 867
1740774735748 0.42002804790136294 868
1740774739043 0.4196080198534616 869
1740774742272 0.4191884118336081 870
1740774745666 0.41876922342177453 871
1740774749413 0.41835045419835276 872
1740774752955 0.4179321037441544 873
1740774756064 0.41751417164041027 874
1740774759396 0.41709665746876984 875
1740774763448 0.4166795608113011 876
1740774766600 0.41626288125048977 877
1740774769968 0.41584661836923925 878
1740774773167 0.41543077175087 879
1740774776495 0.41501534097911913 880
1740774779706 0.41460032563814003 881
1740774782916 0.4141857253125019 882
1740774786043 0.41377153958718943 883
1740774789135 0.4133577680476022 884
1740774792490 0.4129444102795546 885
1740774795758 0.412531465869275 886
1740774799176 0.41211893440340575 887
1740774802407 0.41170681546900234 888
1740774805876 0.41129510865353336 889
1740774809462 0.41088381354487985 890
1740774813019 0.410472929731335 891
1740774816486 0.41006245680160364 892
1740774819669 0.40965239434480205 893
1740774823390 0.40924274195045723 894
1740774826456 0.40883349920850676 895
1740774829658 0.40842466570929825 896
1740774833022 0.40801624104358897 897
1740774836600 0.4076082248025454 898
1740774840316 0.4072006165777428 899
1740774843649 0.4067934159611651 900
1740774847181 0.4063866225452039 901
1740774850390 0.4059802359226587 902
1740774853993 0.40557425568673605 903
1740774857210 0.40516868143104934 904
1740774860513 0.4047635127496183 905
1740774864229 0.4043587492368687 906
1740774867643 0.4039543904876318 907
1740774870796 0.4035504360971442 908
1740774874035 0.40314688566104706 909
1740774877365 0.402743738775386 910
1740774880877 0.4023409950366106 911
1740774884309 0.401938654041574 912
1740774887538 0.4015367153875324 913
1740774891267 0.4011351786721449 914
1740774894922 0.40073404349347275 915
1740774898192 0.40033330944997925 916
1740774901319 0.39993297614052925 917
1740774904690 0.3995330431643887 918
1740774908086 0.39913351012122433 919
1740774911417 0.3987343766111031 920
1740774914558 0.398335642234492 921
1740774917828 0.3979373065922575 922
1740774921020 0.39753936928566525 923
1740774924330 0.3971418299163796 924
1740774927653 0.3967446880864632 925
1740774930921 0.3963479433983767 926
1740774934474 0.3959515954549783 927
1740774937649 0.39555564385952335 928
1740774940755 0.39516008821566384 929
1740774944019 0.3947649281274482 930
1740774947337 0.3943701631993207 931
1740774951256 0.3939757930361214 932
1740774954876 0.3935818172430853 933
1740774957989 0.3931882354258422 934
1740774961286 0.39279504719041636 935
1740774965122 0.39240225214322594 936
1740774968473 0.39200984989108273 937
1740774972043 0.39161784004119166 938
1740774975212 0.39122622220115044 939
1740774978713 0.3908349959789493 940
1740774982614 0.3904441609829703 941
1740774986247 0.3900537168219873 942
1740774989719 0.3896636631051653 943
1740774993154 0.38927399944206015 944
1740774996272 0.3888847254426181 945
1740774999709 0.38849584071717547 946
1740775002880 0.3881073448764583 947
1740775005977 0.3877192375315819 948
1740775009834 0.3873315182940503 949
1740775013458 0.38694418677575626 950
1740775016593 0.3865572425889805 951
1740775019830 0.38617068534639154 952
1740775023142 0.38578451466104513 953
1740775026479 0.3853987301463841 954
1740775029749 0.3850133314162377 955
1740775032986 0.3846283180848215 956
1740775036377 0.3842436897667367 957
1740775039613 0.3838594460769699 958
1740775043134 0.38347558663089293 959
1740775046532 0.38309211104426205 960
1740775049742 0.3827090189332178 961
1740775053167 0.38232630991428457 962
1740775056557 0.38194398360437026 963
1740775059697 0.3815620396207659 964
1740775062796 0.38118047758114515 965
1740775066078 0.380799297103564 966
1740775069499 0.3804184978064605 967
1740775072881 0.380038079308654 968
1740775076107 0.3796580412293454 969
1740775079409 0.379278383188116 970
1740775082766 0.3788991048049279 971
1740775085868 0.37852020570012296 972
1740775088975 0.37814168549442284 973
1740775092275 0.3777635438089284 974
1740775095703 0.3773857802651195 975
1740775099227 0.37700839448485435 976
1740775102555 0.3766313860903695 977
1740775105696 0.37625475470427916 978
1740775109027 0.3758784999495749 979
1740775112499 0.3755026214496253 980
1740775116576 0.3751271188281757 981
1740775119921 0.3747519917093475 982
1740775123112 0.37437723971763814 983
1740775126341 0.37400286247792053 984
1740775129806 0.3736288596154426 985
1740775133130 0.37325523075582717 986
1740775136290 0.37288197552507135 987
1740775139494 0.37250909354954626 988
1740775142688 0.37213658445599673 989
1740775146359 0.3717644478715407 990
1740775149612 0.3713926834236692 991
1740775152915 0.37102129074024554 992
1740775156415 0.3706502694495053 993
1740775159708 0.3702796191800558 994
1740775163186 0.36990933956087574 995
1740775166443 0.36953943022131486 996
1740775169567 0.3691698907910935 997
1740775172863 0.3688007209003024 998
1740775176280 0.36843192017940213 999
1740775179488 0.36806348825922275 1000
1740775182769 0.3676954247709635 1001
1740775186160 0.36732772934619257 1002
1740775189493 0.3669604016168464 1003
1740775192573 0.3665934412152296 1004
1740775195667 0.3662268477740143 1005
1740775198963 0.36586062092624033 1006
1740775202623 0.3654947603053141 1007
1740775205793 0.36512926554500874 1008
1740775209162 0.36476413627946375 1009
1740775212342 0.3643993721431843 1010
1740775215680 0.36403497277104113 1011
1740775218991 0.3636709377982701 1012
1740775222264 0.3633072668604718 1013
1740775225336 0.36294395959361136 1014
1740775228676 0.36258101563401773 1015
1740775231915 0.3622184346183837 1016
1740775235057 0.36185621618376534 1017
1740775238251 0.36149435996758156 1018
1740775241767 0.361132865607614 1019
1740775245019 0.36077173274200636 1020
1740775248306 0.36041096100926434 1021
1740775251438 0.3600505500482551 1022
1740775254805 0.35969049949820686 1023
1740775257937 0.3593308089987087 1024
1740775261310 0.35897147818971 1025
1740775264613 0.3586125067115203 1026
1740775267765 0.35825389420480874 1027
1740775270926 0.35789564031060395 1028
1740775274114 0.35753774467029337 1029
1740775277514 0.3571802069256231 1030
1740775280716 0.3568230267186975 1031
1740775283873 0.3564662036919788 1032
1740775287426 0.35610973748828684 1033
1740775290570 0.35575362775079855 1034
1740775293888 0.35539787412304774 1035
1740775297088 0.3550424762489247 1036
1740775300202 0.3546874337726758 1037
1740775303360 0.35433274633890316 1038
1740775306646 0.35397841359256427 1039
1740775309828 0.3536244351789717 1040
1740775312956 0.35327081074379274 1041
1740775316086 0.352917539933049 1042
1740775319361 0.3525646223931159 1043
1740775322728 0.3522120577707228 1044
1740775325941 0.3518598457129521 1045
1740775329011 0.35150798586723914 1046
1740775332190 0.3511564778813719 1047
1740775335310 0.3508053214034905 1048
1740775338812 0.35045451608208705 1049
1740775342057 0.350104061566005 1050
1740775345525 0.349753957504439 1051
1740775348880 0.3494042035469346 1052
1740775352219 0.3490547993433876 1053
1740775355484 0.34870574454404424 1054
1740775358608 0.3483570387995002 1055
1740775361965 0.3480086817607007 1056
1740775365169 0.34766067307894 1057
1740775368436 0.34731301240586104 1058
1740775371637 0.3469656993934552 1059
1740775374979 0.3466187336940617 1060
1740775378204 0.34627211496036764 1061
1740775381356 0.3459258428454073 1062
1740775384716 0.34557991700256185 1063
1740775387869 0.3452343370855593 1064
1740775391052 0.34488910274847373 1065
1740775394319 0.34454421364572524 1066
1740775397642 0.3441996694320795 1067
1740775400911 0.34385546976264747 1068
1740775404137 0.34351161429288485 1069
1740775407347 0.34316810267859194 1070
1740775410469 0.34282493457591334 1071
1740775413781 0.3424821096413374 1072
1740775417199 0.3421396275316961 1073
1740775420481 0.34179748790416437 1074
1740775423832 0.3414556904162602 1075
1740775427228 0.34111423472584396 1076
1740775430482 0.34077312049111813 1077
1740775433781 0.340432347370627 1078
1740775437047 0.34009191502325636 1079
1740775440374 0.3397518231082331 1080
1740775443720 0.33941207128512485 1081
1740775446925 0.3390726592138397 1082
1740775450209 0.3387335865546259 1083
1740775453500 0.33839485296807126 1084
1740775456698 0.3380564581151032 1085
1740775460013 0.33771840165698813 1086
1740775463164 0.33738068325533116 1087
1740775466629 0.3370433025720758 1088
1740775470306 0.33670625926950376 1089
1740775473537 0.33636955301023425 1090
1740775476572 0.336033183457224 1091
1740775479785 0.3356971502737668 1092
1740775483159 0.335361453123493 1093
1740775486834 0.3350260916703695 1094
1740775490165 0.33469106557869915 1095
1740775493318 0.33435637451312045 1096
1740775496755 0.3340220181386073 1097
1740775499882 0.33368799612046873 1098
1740775502973 0.33335430812434824 1099
1740775506096 0.3330209538162239 1100
1740775509349 0.33268793286240766 1101
1740775512804 0.33235524492954527 1102
1740775516175 0.33202288968461574 1103
1740775519481 0.33169086679493115 1104
1740775522845 0.33135917592813624 1105
1740775525968 0.3310278167522081 1106
1740775529551 0.3306967889354559 1107
1740775532596 0.33036609214652046 1108
1740775535903 0.3300357260543739 1109
1740775539130 0.32970569032831953 1110
1740775542372 0.3293759846379912 1111
1740775545522 0.3290466086533532 1112
1740775548716 0.3287175620446999 1113
1740775551773 0.32838884448265515 1114
1740775554802 0.3280604556381725 1115
1740775557965 0.32773239518253433 1116
1740775561115 0.3274046627873518 1117
1740775564543 0.32707725812456445 1118
1740775567764 0.32675018086643987 1119
1740775570938 0.32642343068557345 1120
1740775574086 0.3260970072548879 1121
1740775577303 0.325770910247633 1122
1740775580418 0.32544513933738534 1123
1740775583448 0.3251196941980479 1124
1740775586742 0.32479457450384985 1125
1740775589823 0.324469779929346 1126
1740775593167 0.32414531014941667 1127
1740775596353 0.32382116483926726 1128
1740775599622 0.323497343674428 1129
1740775602754 0.3231738463307536 1130
1740775605922 0.32285067248442284 1131
1740775609136 0.3225278218119384 1132
1740775612216 0.3222052939901265 1133
1740775615498 0.32188308869613635 1134
1740775619162 0.3215612056074402 1135
1740775622987 0.3212396444018328 1136
1740775626124 0.32091840475743094 1137
1740775629337 0.3205974863526735 1138
1740775632627 0.32027688886632083 1139
1740775635761 0.3199566119774545 1140
1740775639090 0.31963665536547703 1141
1740775642055 0.31931701871011153 1142
1740775645367 0.3189977016914014 1143
1740775649360 0.31867870398971 1144
1740775652515 0.31836002528572027 1145
1740775655570 0.31804166526043454 1146
1740775658975 0.3177236235951741 1147
1740775662410 0.3174058999715789 1148
1740775665806 0.31708849407160733 1149
1740775669041 0.31677140557753575 1150
1740775672025 0.31645463417195824 1151
1740775675307 0.3161381795377863 1152
1740775678617 0.3158220413582485 1153
1740775681992 0.3155062193168902 1154
1740775685454 0.31519071309757335 1155
1740775688800 0.3148755223844758 1156
1740775692310 0.31456064686209134 1157
1740775696046 0.31424608621522926 1158
1740775699281 0.31393184012901404 1159
1740775702395 0.31361790828888503 1160
1740775705767 0.31330429038059615 1161
1740775709216 0.31299098609021553 1162
1740775712711 0.3126779951041253 1163
1740775715875 0.31236531710902116 1164
1740775719074 0.3120529517919121 1165
1740775722692 0.3117408988401202 1166
1740775725906 0.31142915794128007 1167
1740775729001 0.31111772878333877 1168
1740775732594 0.3108066110545554 1169
1740775736168 0.3104958044435009 1170
1740775739519 0.3101853086390574 1171
1740775742667 0.30987512333041833 1172
1740775746438 0.3095652482070879 1173
1740775749964 0.30925568295888084 1174
1740775753557 0.308946427275922 1175
1740775756662 0.30863748084864606 1176
1740775760132 0.3083288433677974 1177
1740775763300 0.30802051452442963 1178
1740775766577 0.3077124940099052 1179
1740775769645 0.3074047815158953 1180
1740775772866 0.30709737673437937 1181
1740775775943 0.30679027935764497 1182
1740775779086 0.3064834890782873 1183
1740775782213 0.306177005589209 1184
1740775785423 0.3058708285836198 1185
1740775788849 0.30556495775503617 1186
1740775791942 0.30525939279728115 1187
1740775795199 0.30495413340448385 1188
1740775798797 0.3046491792710794 1189
1740775801817 0.3043445300918083 1190
1740775805010 0.30404018556171647 1191
1740775808098 0.30373614537615473 1192
1740775811547 0.3034324092307786 1193
1740775815347 0.3031289768215478 1194
1740775818750 0.30282584784472627 1195
1740775821985 0.3025230219968815 1196
1740775825267 0.3022204989748846 1197
1740775828801 0.30191827847590974 1198
1740775831873 0.3016163601974338 1199
1740775835167 0.3013147438372364 1200
1740775838253 0.3010134290933992 1201
1740775841481 0.3007124156643058 1202
1740775844753 0.30041170324864147 1203
1740775847757 0.30011129154539284 1204
1740775850843 0.29981118025384745 1205
1740775854061 0.2995113690735936 1206
1740775857478 0.29921185770452 1207
1740775860701 0.2989126458468155 1208
1740775863928 0.2986137332009687 1209
1740775866921 0.29831511946776773 1210
1740775870211 0.29801680434829997 1211
1740775873454 0.29771878754395165 1212
1740775876938 0.29742106875640767 1213
1740775879889 0.29712364768765126 1214
1740775883396 0.2968265240399636 1215
1740775886955 0.2965296975159237 1216
1740775890077 0.29623316781840775 1217
1740775893242 0.29593693465058934 1218
1740775896842 0.29564099771593877 1219
1740775900550 0.2953453567182228 1220
1740775903857 0.2950500113615046 1221
1740775907046 0.2947549613501431 1222
1740775910698 0.294460206388793 1223
1740775913846 0.2941657461824042 1224
1740775917127 0.2938715804362218 1225
1740775920216 0.2935777088557856 1226
1740775923295 0.2932841311469298 1227
1740775926542 0.2929908470157829 1228
1740775929620 0.2926978561687671 1229
1740775932687 0.29240515831259833 1230
1740775933298 0.29240515831259833 1231
1740775936590 0.29211275315428575 1232
1740775939946 0.2918206404011315 1233
1740775942919 0.29152881976073036 1234
1740775946436 0.2912372909409696 1235
1740775949709 0.2909460536500286 1236
1740775952954 0.2906551075963786 1237
1740775956010 0.2903644524887822 1238
1740775959094 0.2900740880362934 1239
1740775962251 0.28978401394825715 1240
1740775965361 0.2894942299343089 1241
1740775968576 0.2892047357043746 1242
1740775971873 0.28891553096867023 1243
1740775974999 0.2886266154377016 1244
1740775978269 0.28833798882226386 1245
1740775981614 0.2880496508334416 1246
1740775984766 0.28776160118260813 1247
1740775987751 0.2874738395814255 1248
1740775990736 0.2871863657418441 1249
1740775994185 0.28689917937610226 1250
1740775997436 0.2866122801967262 1251
1740776000522 0.28632566791652947 1252
1740776003629 0.28603934224861294 1253
1740776006906 0.2857533029063643 1254
1740776010149 0.28546754960345794 1255
1740776013317 0.2851820820538545 1256
1740776016782 0.2848968999718006 1257
1740776020211 0.2846120030718288 1258
1740776023582 0.284327391068757 1259
1740776026800 0.2840430636776882 1260
1740776029833 0.28375902061401054 1261
1740776033627 0.28347526159339653 1262
1740776034537 0.28347526159339653 1263
1740776037754 0.28319178633180314 1264
1740776040898 0.28290859454547135 1265
1740776043961 0.28262568595092585 1266
1740776047420 0.2823430602649749 1267
1740776050932 0.28206071720470993 1268
1740776054043 0.2817786564875052 1269
1740776057141 0.28149687783101773 1270
1740776060575 0.2812153809531867 1271
1740776063720 0.28093416557223355 1272
1740776066940 0.2806532314066613 1273
1740776070117 0.2803725781752547 1274
1740776073284 0.2800922055970794 1275
1740776077122 0.2798121133914823 1276
1740776080655 0.2795323012780908 1277
1740776083829 0.2792527689768127 1278
1740776086843 0.2789735162078359 1279
1740776089981 0.2786945426916281 1280
1740776093754 0.27841584814893644 1281
1740776097136 0.2781374323007875 1282
1740776100194 0.27785929486848676 1283
1740776103176 0.27758143557361825 1284
1740776106690 0.27730385413804465 1285
1740776111603 0.2770265502839066 1286
1740776114919 0.2767495237336227 1287
1740776118333 0.2764727742098891 1288
1740776121989 0.2761963014356792 1289
1740776125584 0.27592010513424353 1290
1740776128766 0.2756441850291093 1291
1740776131764 0.2753685408440802 1292
1740776134947 0.2750931723032361 1293
1740776138018 0.27481807913093287 1294
1740776141319 0.27454326105180193 1295
1740776144624 0.2742687177907501 1296
1740776147634 0.2739944490729594 1297
1740776150660 0.27372045462388644 1298
1740776153959 0.2734467341692626 1299
1740776157625 0.27317328743509334 1300
1740776160729 0.27290011414765825 1301
1740776164060 0.2726272140335106 1302
1740776167717 0.27235458681947705 1303
1740776171378 0.2720822322326576 1304
1740776174512 0.2718101500004249 1305
1740776177836 0.27153833985042447 1306
1740776181338 0.27126680151057403 1307
1740776184821 0.27099553470906346 1308
1740776188044 0.2707245391743544 1309
1740776191215 0.27045381463518003 1310
1740776194335 0.27018336082054484 1311
1740776198064 0.2699131774597243 1312
1740776201276 0.2696432642822646 1313
1740776204354 0.26937362101798235 1314
1740776207581 0.26910424739696437 1315
1740776210946 0.2688351431495674 1316
1740776214442 0.26856630800641784 1317
1740776217772 0.2682977416984114 1318
1740776220856 0.268029443956713 1319
1740776224135 0.2677614145127563 1320
1740776227861 0.2674936530982436 1321
1740776231065 0.26722615944514533 1322
1740776234436 0.2669589332857002 1323
1740776237539 0.2666919743524145 1324
1740776241254 0.26642528237806207 1325
1740776244901 0.266158857095684 1326
1740776248396 0.2658926982385883 1327
1740776251673 0.26562680554034973 1328
1740776255115 0.26536117873480936 1329
1740776258116 0.26509581755607453 1330
1740776261355 0.26483072173851846 1331
1740776264492 0.26456589101677996 1332
1740776267548 0.2643013251257632 1333
1740776270733 0.2640370238006374 1334
1740776273751 0.2637729867768368 1335
1740776277093 0.26350921379006 1336
1740776280218 0.26324570457626995 1337
1740776283416 0.2629824588716937 1338
1740776287186 0.262719476412822 1339
1740776290818 0.2624567569364092 1340
1740776294243 0.26219430017947276 1341
1740776297340 0.2619321058792933 1342
1740776300670 0.261670173773414 1343
1740776303909 0.2614085035996406 1344
1740776307434 0.26114709509604095 1345
1740776310524 0.2608859480009449 1346
1740776313682 0.26062506205294395 1347
1740776316876 0.260364436990891 1348
1740776320500 0.2601040725539001 1349
1740776323715 0.2598439684813462 1350
1740776326978 0.2595841245128649 1351
1740776330169 0.259324540388352 1352
1740776333331 0.25906521584796366 1353
1740776336545 0.2588061506321157 1354
1740776339734 0.2585473444814836 1355
1740776343193 0.2582887971370021 1356
1740776346664 0.2580305083398651 1357
1740776350044 0.2577724778315252 1358
1740776353315 0.25751470535369364 1359
1740776356920 0.25725719064833996 1360
1740776360644 0.2569999334576916 1361
1740776363974 0.25674293352423394 1362
1740776367244 0.2564861905907097 1363
1740776370532 0.256229704400119 1364
1740776373937 0.25597347469571885 1365
1740776377071 0.25571750122102316 1366
1740776380099 0.25546178371980216 1367
1740776383472 0.25520632193608234 1368
1740776386585 0.25495111561414624 1369
1740776389890 0.2546961644985321 1370
1740776392864 0.2544414683340336 1371
1740776395962 0.25418702686569955 1372
1740776399219 0.25393283983883386 1373
1740776402320 0.25367890699899504 1374
1740776405582 0.253425228091996 1375
1740776408657 0.253171802863904 1376
1740776411763 0.2529186310610401 1377
1740776414956 0.2526657124299791 1378
1740776418015 0.2524130467175491 1379
1740776421048 0.2521606336708316 1380
1740776424366 0.25190847303716074 1381
1740776427930 0.25165656456412355 1382
1740776431594 0.25140490799955945 1383
1740776434976 0.25115350309155987 1384
1740776437937 0.2509023495884683 1385
1740776441591 0.25065144723887983 1386
1740776444786 0.25040079579164093 1387
1740776447851 0.2501503949958493 1388
1740776450871 0.24990024460085344 1389
1740776453837 0.24965034435625258 1390
1740776457055 0.24940069401189632 1391
1740776460175 0.24915129331788444 1392
1740776463353 0.24890214202456656 1393
1740776466532 0.248653239882542 1394
1740776469485 0.24840458664265946 1395
1740776473064 0.2481561820560168 1396
1740776476132 0.2479080258739608 1397
1740776479245 0.24766011784808684 1398
1740776483037 0.24741245773023876 1399
1740776486699 0.24716504527250852 1400
1740776489770 0.24691788022723601 1401
1740776492746 0.24667096234700878 1402
1740776496289 0.24642429138466176 1403
1740776499360 0.2461778670932771 1404
1740776502657 0.24593168922618383 1405
1740776505929 0.24568575753695765 1406
1740776509156 0.2454400717794207 1407
1740776512880 0.24519463170764128 1408
1740776516019 0.24494943707593364 1409
1740776519296 0.24470448763885772 1410
1740776522622 0.24445978315121886 1411
1740776526010 0.24421532336806764 1412
1740776529266 0.24397110804469957 1413
1740776532544 0.24372713693665488 1414
1740776535744 0.24348340979971822 1415
1740776538917 0.2432399263899185 1416
1740776542491 0.2429966864635286 1417
1740776545855 0.24275368977706507 1418
1740776549082 0.24251093608728802 1419
1740776552123 0.24226842515120073 1420
1740776555733 0.24202615672604952 1421
1740776559500 0.24178413056932346 1422
1740776562764 0.24154234643875414 1423
1740776566035 0.24130080409231539 1424
1740776569462 0.24105950328822306 1425
1740776572605 0.24081844378493483 1426
1740776576022 0.2405776253411499 1427
1740776579332 0.24033704771580874 1428
1740776582348 0.24009671066809293 1429
1740776585636 0.23985661395742483 1430
1740776589213 0.2396167573434674 1431
1740776592417 0.23937714058612394 1432
1740776595628 0.23913776344553783 1433
1740776599278 0.2388986256820923 1434
1740776602811 0.2386597270564102 1435
1740776606110 0.23842106732935378 1436
1740776609536 0.23818264626202443 1437
1740776613364 0.2379444636157624 1438
1740776616627 0.23770651915214663 1439
1740776619663 0.2374688126329945 1440
1740776623231 0.23723134382036148 1441
1740776626877 0.23699411247654112 1442
1740776629919 0.23675711836406457 1443
1740776633228 0.2365203612457005 1444
1740776636311 0.2362838408844548 1445
1740776639530 0.23604755704357036 1446
1740776642762 0.2358115094865268 1447
1740776645841 0.23557569797704025 1448
1740776649204 0.2353401222790632 1449
1740776653240 0.23510478215678413 1450
1740776656330 0.23486967737462733 1451
1740776659345 0.2346348076972527 1452
1740776662786 0.23440017288955545 1453
1740776665940 0.2341657727166659 1454
1740776669239 0.2339316069439492 1455
1740776669885 0.2339316069439492 1456
1740776673109 0.23369767533700525 1457
1740776676196 0.23346397766166824 1458
1740776679790 0.23323051368400657 1459
1740776683663 0.23299728317032256 1460
1740776687028 0.23276428588715223 1461
1740776690178 0.23253152160126508 1462
1740776693917 0.23229899007966381 1463
1740776697041 0.23206669108958414 1464
1740776700129 0.23183462439849456 1465
1740776703367 0.23160278977409607 1466
1740776706583 0.23137118698432196 1467
1740776709733 0.23113981579733764 1468
1740776713032 0.2309086759815403 1469
1740776716358 0.23067776730555875 1470
1740776719806 0.23044708953825319 1471
1740776723061 0.23021664244871493 1472
1740776726153 0.22998642580626621 1473
1740776729834 0.22975643938045995 1474
1740776733038 0.2295266829410795 1475
1740776736173 0.22929715625813843 1476
1740776739314 0.2290678591018803 1477
1740776742680 0.22883879124277842 1478
1740776745883 0.22860995245153565 1479
1740776749215 0.22838134249908412 1480
1740776752828 0.22815296115658504 1481
1740776756441 0.22792480819542846 1482
1740776759881 0.22769688338723304 1483
1740776763089 0.22746918650384582 1484
1740776766245 0.22724171731734197 1485
1740776769528 0.22701447560002463 1486
1740776773437 0.2267874611244246 1487
1740776776902 0.22656067366330018 1488
1740776780524 0.22633411298963688 1489
1740776783719 0.22610777887664724 1490
1740776787435 0.22588167109777058 1491
1740776790755 0.2256557894266728 1492
1740776794190 0.22543013363724612 1493
1740776798077 0.22520470350360888 1494
1740776801885 0.2249794988001053 1495
1740776805054 0.2247545193013052 1496
1740776808162 0.22452976478200387 1497
1740776811654 0.22430523501722185 1498
1740776815568 0.22408092978220462 1499
1740776818964 0.2238568488524224 1500
1740776822351 0.22363299200356998 1501
1740776825499 0.22340935901156642 1502
1740776829178 0.22318594965255484 1503
1740776832418 0.22296276370290227 1504
1740776835650 0.22273980093919937 1505
1740776839045 0.22251706113826017 1506
1740776842986 0.2222945440771219 1507
1740776846114 0.22207224953304477 1508
1740776849475 0.22185017728351172 1509
1740776852680 0.2216283271062282 1510
1740776856166 0.22140669877912197 1511
1740776859657 0.22118529208034285 1512
1740776863115 0.2209641067882625 1513
1740776866725 0.22074314268147424 1514
1740776869869 0.22052239953879277 1515
1740776873085 0.22030187713925398 1516
1740776876239 0.22008157526211472 1517
1740776879575 0.2198614936868526 1518
1740776883058 0.21964163219316574 1519
1740776886283 0.21942199056097256 1520
1740776889377 0.2192025685704116 1521
1740776892510 0.21898336600184118 1522
1740776895750 0.21876438263583933 1523
1740776899078 0.21854561825320348 1524
1740776902579 0.21832707263495027 1525
1740776906199 0.21810874556231533 1526
1740776909436 0.217890636816753 1527
1740776913053 0.21767274617993623 1528
1740776916747 0.2174550734337563 1529
1740776920295 0.21723761836032254 1530
1740776923875 0.21702038074196223 1531
1740776927346 0.21680336036122028 1532
1740776930985 0.21658655700085905 1533
1740776934379 0.2163699704438582 1534
1740776937843 0.21615360047341434 1535
1740776941084 0.21593744687294092 1536
1740776944970 0.21572150942606796 1537
1740776948675 0.2155057879166419 1538
1740776952057 0.21529028212872525 1539
1740776955281 0.21507499184659654 1540
1740776958831 0.21485991685474995 1541
1740776961918 0.2146450569378952 1542
1740776965056 0.21443041188095732 1543
1740776968595 0.21421598146907636 1544
1740776972042 0.21400176548760727 1545
1740776975228 0.21378776372211966 1546
1740776978557 0.21357397595839755 1547
1740776982173 0.21336040198243916 1548
1740776985582 0.21314704158045672 1549
1740776988933 0.21293389453887626 1550
1740776992024 0.21272096064433738 1551
1740776995110 0.21250823968369303 1552
1740776998619 0.21229573144400934 1553
1740777001915 0.21208343571256533 1554
1740777005021 0.21187135227685275 1555
1740777008547 0.2116594809245759 1556
1740777012289 0.21144782144365132 1557
1740777015511 0.21123637362220768 1558
1740777018766 0.21102513724858546 1559
1740777022078 0.21081411211133688 1560
1740777025288 0.21060329799922556 1561
1740777028792 0.21039269470122635 1562
1740777032390 0.21018230200652513 1563
1740777035715 0.2099721197045186 1564
1740777039082 0.20976214758481407 1565
1740777042381 0.20955238543722926 1566
1740777045640 0.20934283305179202 1567
1740777049007 0.20913349021874023 1568
1740777049571 0.20913349021874023 1569
1740777052815 0.2089243567285215 1570
1740777056059 0.20871543237179296 1571
1740777059300 0.20850671693942116 1572
1740777062725 0.20829821022248174 1573
1740777065848 0.20808991201225926 1574
1740777069759 0.207881822100247 1575
1740777073361 0.20767394027814676 1576
1740777076595 0.2074662663378686 1577
1740777079770 0.20725880007153075 1578
1740777083514 0.20705154127145922 1579
1740777087429 0.20684448973018776 1580
1740777090625 0.20663764524045758 1581
1740777093956 0.20643100759521713 1582
1740777097687 0.20622457658762192 1583
1740777101051 0.2060183520110343 1584
1740777104190 0.20581233365902327 1585
1740777107521 0.20560652132536425 1586
1740777110960 0.20540091480403888 1587
1740777114346 0.20519551388923485 1588
1740777117790 0.20499031837534562 1589
1740777121221 0.20478532805697028 1590
1740777124454 0.2045805427289133 1591
1740777127912 0.20437596218618437 1592
1740777131194 0.2041715862239982 1593
1740777135011 0.2039674146377742 1594
1740777138385 0.20376344722313644 1595
1740777141800 0.2035596837759133 1596
1740777145177 0.20335612409213738 1597
1740777148492 0.20315276796804524 1598
1740777151792 0.2029496152000772 1599
1740777155400 0.20274666558487714 1600
1740777159090 0.20254391891929227 1601
1740777162737 0.20234137500037297 1602
1740777165954 0.20213903362537258 1603
1740777169079 0.2019368945917472 1604
1740777172771 0.20173495769715546 1605
1740777176233 0.2015332227394583 1606
1740777179867 0.20133168951671884 1607
1740777183029 0.20113035782720212 1608
1740777186341 0.20092922746937492 1609
1740777189678 0.20072829824190555 1610
1740777193057 0.20052756994366364 1611
1740777196905 0.20032704237371998 1612
1740777200791 0.20012671533134627 1613
1740777204134 0.19992658861601492 1614
1740777207736 0.19972666202739892 1615
1740777211269 0.19952693536537153 1616
1740777214447 0.19932740843000615 1617
1740777217890 0.19912808102157614 1618
1740777221413 0.19892895294055457 1619
1740777225075 0.19873002398761402 1620
1740777228558 0.1985312939636264 1621
1740777231788 0.19833276266966277 1622
1740777235138 0.1981344299069931 1623
1740777238836 0.1979362954770861 1624
1740777242372 0.197738359181609 1625
1740777246137 0.1975406208224274 1626
1740777249929 0.197343080201605 1627
1740777253706 0.19714573712140337 1628
1740777257167 0.19694859138428197 1629
1740777261099 0.1967516427928977 1630
1740777264943 0.1965548911501048 1631
1740777268615 0.19635833625895469 1632
1740777272357 0.19616197792269574 1633
1740777275594 0.19596581594477305 1634
1740777279010 0.19576985012882828 1635
1740777282497 0.19557408027869944 1636
1740777286023 0.19537850619842073 1637
1740777289155 0.19518312769222232 1638
1740777292270 0.19498794456453009 1639
1740777295453 0.19479295661996557 1640
1740777298924 0.1945981636633456 1641
1740777302278 0.19440356549968224 1642
1740777305356 0.19420916193418256 1643
1740777309053 0.19401495277224837 1644
1740777312255 0.19382093781947612 1645
1740777315754 0.19362711688165665 1646
1740777318899 0.193433489764775 1647
1740777322098 0.19324005627501023 1648
1740777325144 0.1930468162187352 1649
1740777328634 0.19285376940251647 1650
1740777332567 0.19266091563311397 1651
1740777335605 0.19246825471748086 1652
1740777338896 0.1922757864627634 1653
1740777342574 0.1920835106763006 1654
1740777345994 0.19189142716562432 1655
1740777349443 0.1916995357384587 1656
1740777353027 0.19150783620272022 1657
1740777356623 0.1913163283665175 1658
1740777359872 0.19112501203815097 1659
1740777363303 0.1909338870261128 1660
1740777366865 0.19074295313908668 1661
1740777370119 0.1905522101859476 1662
1740777373574 0.19036165797576166 1663
1740777376858 0.1901712963177859 1664
1740777380381 0.1899811250214681 1665
1740777383888 0.18979114389644663 1666
1740777387208 0.1896013527525502 1667
1740777390505 0.18941175139979763 1668
1740777394522 0.18922233964839782 1669
1740777398233 0.18903311730874942 1670
1740777401337 0.18884408419144066 1671
1740777404938 0.1886552401072492 1672
1740777408340 0.18846658486714196 1673
1740777412103 0.1882781182822748 1674
1740777415271 0.18808984016399252 1675
1740777418726 0.18790175032382853 1676
1740777421972 0.1877138485735047 1677
1740777425188 0.1875261347249312 1678
1740777428674 0.1873386085902063 1679
1740777432178 0.18715126998161608 1680
1740777436103 0.18696411871163446 1681
1740777439717 0.18677715459292282 1682
1740777443384 0.1865903774383299 1683
1740777447084 0.18640378706089158 1684
1740777450444 0.1862173832738307 1685
1740777453530 0.18603116589055688 1686
1740777457127 0.18584513472466632 1687
1740777460921 0.18565928958994166 1688
1740777464154 0.18547363030035172 1689
1740777467442 0.18528815667005136 1690
1740777470533 0.1851028685133813 1691
1740777474184 0.18491776564486792 1692
1740777477636 0.18473284787922306 1693
1740777481310 0.18454811503134383 1694
1740777484992 0.18436356691631248 1695
1740777488327 0.18417920334939616 1696
1740777491654 0.18399502414604677 1697
1740777495398 0.18381102912190073 1698
1740777498667 0.18362721809277882 1699
1740777502465 0.18344359087468604 1700
1740777505789 0.18326014728381135 1701
1740777509428 0.18307688713652753 1702
1740777513192 0.182893810249391 1703
1740777517053 0.1827109164391416 1704
1740777520566 0.18252820552270246 1705
1740777524529 0.18234567731717977 1706
1740777528284 0.1821633316398626 1707
1740777531435 0.18198116830822272 1708
1740777534603 0.1817991871399145 1709
1740777538205 0.18161738795277457 1710
1740777541721 0.1814357705648218 1711
1740777544903 0.18125433479425698 1712
1740777548264 0.18107308045946272 1713
1740777551736 0.18089200737900324 1714
1740777554827 0.18071111537162424 1715
1740777558069 0.1805304042562526 1716
1740777561140 0.18034987385199636 1717
1740777564333 0.18016952397814437 1718
1740777568146 0.17998935445416622 1719
1740777571793 0.17980936509971204 1720
1740777574900 0.17962955573461234 1721
1740777577996 0.17944992617887773 1722
1740777582001 0.17927047625269885 1723
1740777585530 0.17909120577644616 1724
1740777588762 0.17891211457066972 1725
1740777591792 0.17873320245609906 1726
1740777595511 0.17855446925364296 1727
1740777598701 0.17837591478438933 1728
1740777601810 0.17819753886960493 1729
1740777605092 0.17801934133073533 1730
1740777608487 0.17784132198940458 1731
1740777612192 0.1776634806674152 1732
1740777615398 0.17748581718674777 1733
1740777618521 0.17730833136956103 1734
1740777621710 0.17713102303819148 1735
1740777624865 0.1769538920151533 1736
1740777628679 0.17677693812313813 1737
1740777631985 0.17660016118501498 1738
1740777635276 0.17642356102382997 1739
1740777638761 0.17624713746280615 1740
1740777642268 0.17607089032534334 1741
1740777645415 0.175894819435018 1742
1740777648696 0.17571892461558297 1743
1740777651859 0.1755432056909674 1744
1740777655202 0.17536766248527644 1745
1740777658352 0.17519229482279117 1746
1740777661663 0.17501710252796837 1747
1740777665046 0.1748420854254404 1748
1740777668364 0.17466724334001496 1749
1740777671726 0.17449257609667496 1750
1740777675024 0.1743180835205783 1751
1740777678225 0.1741437654370577 1752
1740777681683 0.17396962167162064 1753
1740777684760 0.173795652049949 1754
1740777688046 0.17362185639789907 1755
1740777691335 0.17344823454150116 1756
1740777694678 0.17327478630695967 1757
1740777698059 0.1731015115206527 1758
1740777701352 0.17292841000913206 1759
1740777704762 0.17275548159912293 1760
1740777707832 0.17258272611752382 1761
1740777711629 0.17241014339140628 1762
1740777714734 0.1722377332480149 1763
1740777718304 0.17206549551476688 1764
1740777721398 0.1718934300192521 1765
1740777724749 0.17172153658923286 1766
1740777728162 0.17154981505264363 1767
1740777732053 0.17137826523759098 1768
1740777735726 0.1712068869723534 1769
1740777739642 0.17103568008538103 1770
1740777743353 0.17086464440529564 1771
1740777746504 0.17069377976089034 1772
1740777750298 0.17052308598112945 1773
1740777753742 0.17035256289514833 1774
1740777757473 0.17018221033225317 1775
1740777761249 0.17001202812192093 1776
1740777764736 0.169842016093799 1777
1740777768085 0.1696721740777052 1778
1740777771483 0.1695025019036275 1779
1740777774953 0.1693329994017239 1780
1740777778701 0.16916366640232217 1781
1740777782111 0.16899450273591984 1782
1740777785424 0.16882550823318393 1783
1740777788760 0.16865668272495074 1784
1740777791862 0.1684880260422258 1785
1740777795209 0.16831953801618357 1786
1740777798686 0.16815121847816739 1787
1740777802070 0.16798306725968923 1788
1740777805529 0.16781508419242955 1789
1740777808867 0.16764726910823713 1790
1740777812298 0.1674796218391289 1791
1740777815727 0.16731214221728977 1792
1740777819084 0.16714483007507247 1793
1740777822578 0.1669776852449974 1794
1740777826210 0.1668107075597524 1795
1740777829632 0.16664389685219266 1796
1740777833520 0.16647725295534047 1797
1740777836790 0.16631077570238512 1798
1740777840827 0.16614446492668272 1799
1740777844428 0.16597832046175603 1800
1740777848846 0.16581234214129428 1801
1740777852669 0.16564652979915298 1802
1740777856049 0.16548088326935384 1803
1740777859193 0.1653154023860845 1804
1740777862913 0.1651500869836984 1805
1740777866370 0.1649849368967147 1806
1740777870102 0.164819951959818 1807
1740777873732 0.16465513200785817 1808
1740777877308 0.1644904768758503 1809
1740777880374 0.16432598639897444 1810
1740777883996 0.16416166041257546 1811
1740777888050 0.16399749875216288 1812
1740777891570 0.16383350125341073 1813
1740777895229 0.16366966775215733 1814
1740777899012 0.16350599808440516 1815
1740777902798 0.16334249208632076 1816
1740777906034 0.16317914959423443 1817
1740777909354 0.1630159704446402 1818
1740777912814 0.16285295447419557 1819
1740777916726 0.16269010151972138 1820
1740777920264 0.16252741141820165 1821
1740777923587 0.16236488400678345 1822
1740777926972 0.16220251912277667 1823
1740777930824 0.1620403166036539 1824
1740777934640 0.16187827628705023 1825
1740777938440 0.16171639801076318 1826
1740777941983 0.1615546816127524 1827
1740777945806 0.16139312693113966 1828
1740777949015 0.16123173380420852 1829
1740777952738 0.16107050207040433 1830
1740777956321 0.16090943156833393 1831
1740777959890 0.1607485221367656 1832
1740777963266 0.16058777361462884 1833
1740777966697 0.1604271858410142 1834
1740777970107 0.16026675865517317 1835
1740777973482 0.160106491896518 1836
1740777977181 0.15994638540462147 1837
1740777980899 0.15978643901921685 1838
1740777984370 0.15962665258019765 1839
1740777987627 0.15946702592761744 1840
1740777991260 0.15930755890168982 1841
1740777994601 0.15914825134278812 1842
1740777998115 0.15898910309144534 1843
1740778001536 0.1588301139883539 1844
1740778005214 0.15867128387436555 1845
1740778009131 0.15851261259049118 1846
1740778012552 0.1583540999779007 1847
1740778015822 0.1581957458779228 1848
1740778019488 0.15803755013204487 1849
1740778022870 0.15787951258191282 1850
1740778026232 0.1577216330693309 1851
1740778029503 0.15756391143626158 1852
1740778032998 0.15740634752482532 1853
1740778036201 0.1572489411773005 1854
1740778039312 0.1570916922361232 1855
1740778043124 0.15693460054388708 1856
1740778046897 0.1567776659433432 1857
1740778050509 0.15662088827739984 1858
1740778053737 0.15646426738912245 1859
1740778057274 0.1563078031217333 1860
1740778060992 0.15615149531861158 1861
1740778064843 0.15599534382329297 1862
1740778068697 0.15583934847946967 1863
1740778072613 0.15568350913099022 1864
1740778075724 0.15552782562185924 1865
1740778079388 0.15537229779623737 1866
1740778082909 0.15521692549844113 1867
1740778086755 0.15506170857294269 1868
1740778090480 0.15490664686436975 1869
1740778093913 0.15475174021750537 1870
1740778097669 0.15459698847728787 1871
1740778101358 0.1544423914888106 1872
1740778104957 0.15428794909732177 1873
1740778108678 0.15413366114822444 1874
1740778112386 0.15397952748707622 1875
1740778115580 0.15382554795958914 1876
1740778119320 0.15367172241162955 1877
1740778122550 0.15351805068921792 1878
1740778126254 0.1533645326385287 1879
1740778129668 0.15321116810589017 1880
1740778133033 0.1530579569377843 1881
1740778136310 0.1529048989808465 1882
1740778139753 0.15275199408186566 1883
1740778142861 0.15259924208778378 1884
1740778146059 0.15244664284569598 1885
1740778149203 0.15229419620285028 1886
1740778152757 0.15214190200664743 1887
1740778156389 0.15198976010464077 1888
1740778159773 0.15183777034453613 1889
1740778162989 0.1516859325741916 1890
1740778166269 0.1515342466416174 1891
1740778169935 0.1513827123949758 1892
1740778173903 0.15123132968258082 1893
1740778177188 0.15108009835289823 1894
1740778180448 0.15092901825454533 1895
1740778184067 0.15077808923629077 1896
1740778187761 0.15062731114705447 1897
1740778191202 0.1504766838359074 1898
1740778194623 0.15032620715207148 1899
1740778197771 0.1501758809449194 1900
1740778201404 0.15002570506397447 1901
1740778205226 0.1498756793589105 1902
1740778208295 0.14972580367955157 1903
1740778211609 0.14957607787587202 1904
1740778215489 0.14942650179799613 1905
1740778219464 0.14927707529619813 1906
1740778222677 0.14912779822090194 1907
1740778226096 0.14897867042268104 1908
1740778229723 0.14882969175225835 1909
1740778233507 0.1486808620605061 1910
1740778236884 0.14853218119844558 1911
1740778240476 0.14838364901724713 1912
1740778244017 0.14823526536822987 1913
1740778247562 0.14808703010286164 1914
1740778251583 0.1479389430727588 1915
1740778254694 0.14779100412968604 1916
1740778257986 0.14764321312555637 1917
1740778261753 0.14749556991243082 1918
1740778264886 0.1473480743425184 1919
1740778267933 0.14720072626817587 1920
1740778271209 0.1470535255419077 1921
1740778274590 0.1469064720163658 1922
1740778277856 0.14675956554434944 1923
1740778281332 0.14661280597880508 1924
1740778284391 0.14646619317282628 1925
1740778287626 0.14631972697965345 1926
1740778291405 0.1461734072526738 1927
1740778294479 0.14602723384542113 1928
1740778297806 0.14588120661157572 1929
1740778301276 0.14573532540496414 1930
1740778305243 0.14558959007955918 1931
1740778308998 0.1454440004894796 1932
1740778312229 0.14529855648899012 1933
1740778315463 0.14515325793250114 1934
1740778318929 0.14500810467456865 1935
1740778322297 0.14486309656989407 1936
1740778325529 0.1447182334733242 1937
1740778328555 0.14457351523985087 1938
1740778331615 0.14442894172461102 1939
1740778334885 0.1442845127828864 1940
1740778338069 0.1441402282701035 1941
1740778341373 0.1439960880418334 1942
1740778344704 0.14385209195379156 1943
1740778348129 0.14370823986183776 1944
1740778351426 0.1435645316219759 1945
1740778354894 0.14342096709035393 1946
1740778358119 0.14327754612326357 1947
1740778361332 0.14313426857714032 1948
1740778364964 0.14299113430856317 1949
1740778368230 0.1428481431742546 1950
1740778371350 0.14270529503108034 1951
1740778374557 0.14256258973604927 1952
1740778377778 0.14242002714631322 1953
1740778381549 0.1422776071191669 1954
1740778385028 0.14213532951204774 1955
1740778388394 0.1419931941825357 1956
1740778391647 0.14185120098835316 1957
1740778395285 0.1417093497873648 1958
1740778398556 0.14156764043757744 1959
1740778401635 0.14142607279713987 1960
1740778404886 0.14128464672434274 1961
1740778408276 0.1411433620776184 1962
1740778412125 0.14100221871554078 1963
1740778415652 0.14086121649682523 1964
1740778418778 0.14072035528032842 1965
1740778421951 0.1405796349250481 1966
1740778425684 0.14043905529012304 1967
1740778428981 0.14029861623483292 1968
1740778432133 0.1401583176185981 1969
1740778435346 0.1400181593009795 1970
1740778438663 0.1398781411416785 1971
1740778442075 0.13973826300053682 1972
1740778445323 0.13959852473753628 1973
1740778448810 0.13945892621279873 1974
1740778452305 0.13931946728658592 1975
1740778455553 0.13918014781929933 1976
1740778458769 0.13904096767148003 1977
1740778462207 0.13890192670380855 1978
1740778465403 0.13876302477710473 1979
1740778468866 0.13862426175232762 1980
1740778472023 0.1384856374905753 1981
1740778475330 0.13834715185308472 1982
1740778478778 0.13820880470123162 1983
1740778482096 0.1380705958965304 1984
1740778485399 0.13793252530063388 1985
1740778488555 0.13779459277533324 1986
1740778491966 0.1376567981825579 1987
1740778495538 0.13751914138437535 1988
1740778498017 0.13751914138437535 1989
1740778501770 0.13738162224299097 1990
1740778505023 0.13724424062074797 1991
1740778508154 0.13710699638012722 1992
1740778511193 0.1369698893837471 1993
1740778514461 0.13683291949436335 1994
1740778517722 0.13669608657486898 1995
1740778521115 0.1365593904882941 1996
1740778524227 0.1364228310978058 1997
1740778527530 0.13628640826670801 1998
1740778530896 0.1361501218584413 1999
1740778534278 0.13601397173658286 2000
1740778537718 0.1358779577648463 2001
1740778541081 0.13574207980708144 2002
1740778544421 0.13560633772727437 2003
1740778547646 0.1354707313895471 2004
1740778550853 0.13533526065815754 2005
1740778554744 0.1351999253974994 2006
1740778558663 0.13506472547210188 2007
1740778562044 0.1349296607466298 2008
1740778565314 0.13479473108588316 2009
1740778569068 0.13465993635479728 2010
1740778572858 0.13452527641844247 2011
1740778576172 0.13439075114202403 2012
1740778579261 0.134256360390882 2013
1740778582810 0.13412210403049113 2014
1740778586268 0.13398798192646064 2015
1740778589668 0.13385399394453418 2016
1740778593027 0.13372013995058965 2017
1740778596411 0.13358641981063907 2018
1740778599739 0.13345283339082842 2019
1740778603114 0.13331938055743758 2020
1740778606305 0.13318606117688014 2021
1740778609543 0.13305287511570327 2022
1740778612904 0.13291982224058757 2023
1740778616485 0.13278690241834698 2024
1740778619785 0.13265411551592862 2025
1740778622953 0.13252146140041268 2026
1740778626179 0.13238893993901227 2027
1740778629469 0.13225655099907327 2028
1740778632905 0.1321242944480742 2029
1740778636155 0.13199217015362613 2030
1740778639857 0.1318601779834725 2031
1740778643520 0.13172831780548902 2032
1740778647012 0.13159658948768352 2033
1740778650489 0.13146499289819583 2034
1740778653820 0.13133352790529762 2035
1740778657481 0.13120219437739233 2036
1740778660786 0.13107099218301493 2037
1740778664252 0.13093992119083192 2038
1740778667716 0.13080898126964108 2039
1740778671092 0.13067817228837145 2040
1740778674324 0.13054749411608307 2041
1740778677979 0.13041694662196698 2042
1740778681509 0.13028652967534501 2043
1740778684765 0.13015624314566968 2044
1740778688257 0.130026086902524 2045
1740778691731 0.1298960608156215 2046
1740778695002 0.12976616475480587 2047
1740778698336 0.12963639859005108 2048
1740778701902 0.12950676219146104 2049
1740778705583 0.1293772554292696 2050
1740778709116 0.1292478781738403 2051
1740778712449 0.12911863029566648 2052
1740778715687 0.12898951166537082 2053
1740778719182 0.12886052215370544 2054
1740778722606 0.12873166163155172 2055
1740778726146 0.12860292996992018 2056
1740778729322 0.12847432703995026 2057
1740778732954 0.12834585271291032 2058
1740778736651 0.12821750686019742 2059
1740778739923 0.12808928935333722 2060
1740778743278 0.12796120006398387 2061
1740778746834 0.1278332388639199 2062
1740778749953 0.12770540562505597 2063
1740778753584 0.1275777002194309 2064
1740778756705 0.12745012251921148 2065
1740778759998 0.12732267239669226 2066
1740778763225 0.12719534972429558 2067
1740778767128 0.12706815437457128 2068
1740778770484 0.1269410862201967 2069
1740778774461 0.1268141451339765 2070
1740778777935 0.12668733098884255 2071
1740778781246 0.12656064365785372 2072
1740778784507 0.12643408301419587 2073
1740778787850 0.12630764893118168 2074
1740778791103 0.1261813412822505 2075
1740778794808 0.12605515994096825 2076
1740778798480 0.12592910478102728 2077
1740778801608 0.12580317567624627 2078
1740778804758 0.12567737250057 2079
1740778808437 0.12555169512806943 2080
1740778812498 0.12542614343294137 2081
1740778815795 0.12530071728950842 2082
1740778818936 0.12517541657221892 2083
1740778822474 0.1250502411556467 2084
1740778826117 0.12492519091449104 2085
1740778829845 0.12480026572357655 2086
1740778833092 0.12467546545785298 2087
1740778836250 0.12455078999239512 2088
1740778839983 0.12442623920240273 2089
1740778846970 0.12430181296320032 2090
1740778850397 0.12417751115023712 2091
1740778853844 0.12405333363908688 2092
1740778857946 0.1239292803054478 2093
1740778861045 0.12380535102514234 2094
1740778864345 0.1236815456741172 2095
1740778867738 0.12355786412844308 2096
1740778871349 0.12343430626431463 2097
1740778874718 0.12331087195805032 2098
1740778878098 0.12318756108609227 2099
1740778881437 0.12306437352500618 2100
1740778884581 0.12294130915148117 2101
1740778887973 0.12281836784232969 2102
1740778891232 0.12269554947448735 2103
1740778894339 0.12257285392501287 2104
1740778897881 0.12245028107108785 2105
1740778901611 0.12232783079001676 2106
1740778905102 0.12220550295922675 2107
1740778908296 0.12208329745626752 2108
1740778911455 0.12196121415881125 2109
1740778915216 0.12183925294465245 2110
1740778918789 0.1217174136917078 2111
1740778922127 0.12159569627801609 2112
1740778925366 0.12147410058173808 2113
1740778929050 0.12135262648115634 2114
1740778932802 0.12123127385467519 2115
1740778936038 0.12111004258082052 2116
1740778939334 0.1209889325382397 2117
1740778943090 0.12086794360570145 2118
1740778947015 0.12074707566209575 2119
1740778950349 0.12062632858643366 2120
1740778953587 0.12050570225784722 2121
1740778956907 0.12038519655558938 2122
1740778960183 0.12026481135903379 2123
1740778963617 0.12014454654767476 2124
1740778966832 0.12002440200112709 2125
1740778970053 0.11990437759912596 2126
1740778973363 0.11978447322152684 2127
1740778976607 0.11966468874830531 2128
1740778979883 0.11954502405955701 2129
1740778983207 0.11942547903549745 2130
1740778986386 0.11930605355646196 2131
1740778989791 0.11918674750290549 2132
1740778993052 0.11906756075540259 2133
1740778996215 0.11894849319464719 2134
1740778999678 0.11882954470145254 2135
1740779003215 0.11871071515675109 2136
1740779006427 0.11859200444159435 2137
1740779009690 0.11847341243715274 2138
1740779012905 0.1183549390247156 2139
1740779016388 0.11823658408569088 2140
1740779019873 0.11811834750160519 2141
1740779023807 0.11800022915410358 2142
1740779027020 0.11788222892494947 2143
1740779030329 0.11776434669602452 2144
1740779034016 0.1176465823493285 2145
1740779037816 0.11752893576697916 2146
1740779040908 0.11741140683121218 2147
1740779044170 0.11729399542438097 2148
1740779047774 0.11717670142895659 2149
1740779051679 0.11705952472752763 2150
1740779055034 0.1169424652028001 2151
1740779058396 0.1168255227375973 2152
1740779061605 0.1167086972148597 2153
1740779065488 0.11659198851764484 2154
1740779069075 0.1164753965291272 2155
1740779072522 0.11635892113259806 2156
1740779075746 0.11624256221146546 2157
1740779079647 0.116126319649254 2158
1740779083403 0.11601019332960474 2159
1740779086517 0.11589418313627514 2160
1740779090111 0.11577828895313887 2161
1740779093924 0.11566251066418573 2162
1740779097851 0.11554684815352155 2163
1740779101082 0.11543130130536802 2164
1740779104885 0.11531587000406265 2165
1740779108492 0.1152005541340586 2166
1740779112278 0.11508535357992454 2167
1740779112922 0.11508535357992454 2168
1740779116155 0.11497026822634461 2169
1740779119632 0.11485529795811826 2170
1740779123085 0.11474044266016015 2171
1740779126571 0.11462570221749999 2172
1740779129842 0.11451107651528249 2173
1740779135374 0.11439656543876721 2174
1740779138956 0.11428216887332844 2175
1740779142036 0.11416788670445512 2176
1740779145268 0.11405371881775066 2177
1740779148510 0.11393966509893291 2178
1740779151888 0.11382572543383399 2179
1740779155282 0.11371189970840015 2180
1740779158685 0.11359818780869176 2181
1740779162018 0.11348458962088306 2182
1740779165378 0.11337110503126219 2183
1740779168583 0.11325773392623092 2184
1740779173778 0.1131444761923047 2185
1740779177008 0.11303133171611239 2186
1740779180222 0.11291830038439628 2187
1740779183772 0.11280538208401188 2188
1740779187014 0.11269257670192787 2189
1740779190225 0.11257988412522593 2190
1740779193516 0.1124673042411007 2191
1740779196959 0.1123548369368596 2192
1740779200943 0.11224248209992274 2193
1740779204237 0.11213023961782281 2194
1740779207442 0.11201810937820499 2195
1740779210687 0.11190609126882678 2196
1740779214019 0.11179418517755796 2197
1740779217200 0.1116823909923804 2198
1740779220430 0.11157070860138803 2199
1740779223589 0.11145913789278664 2200
1740779226749 0.11134767875489385 2201
1740779230171 0.11123633107613895 2202
1740779233390 0.11112509474506281 2203
1740779236853 0.11101396965031775 2204
1740779240191 0.11090295568066744 2205
1740779243777 0.11079205272498677 2206
1740779246900 0.11068126067226178 2207
1740779250233 0.11057057941158951 2208
1740779253560 0.11046000883217792 2209
1740779256640 0.11034954882334574 2210
1740779260399 0.1102391992745224 2211
1740779264002 0.11012896007524788 2212
1740779267066 0.11001883111517263 2213
1740779270531 0.10990881228405747 2214
1740779274296 0.10979890347177342 2215
1740779277760 0.10968910456830164 2216
1740779281024 0.10957941546373333 2217
1740779284494 0.1094698360482696 2218
1740779288055 0.10936036621222132 2219
1740779291675 0.10925100584600911 2220
1740779295019 0.1091417548401631 2221
1740779298372 0.10903261308532293 2222
1740779301792 0.1089235804722376 2223
1740779305151 0.10881465689176537 2224
1740779308437 0.1087058422348736 2225
1740779311648 0.10859713639263872 2226
1740779314806 0.10848853925624609 2227
1740779318191 0.10838005071698985 2228
1740779321348 0.10827167066627286 2229
1740779325013 0.10816339899560658 2230
1740779328130 0.10805523559661097 2231
1740779331986 0.10794718036101436 2232
1740779335703 0.10783923318065335 2233
1740779339390 0.10773139394747269 2234
1740779342604 0.10762366255352522 2235
1740779346156 0.1075160388909717 2236
1740779349343 0.10740852285208072 2237
1740779352654 0.10730111432922863 2238
1740779355944 0.1071938132148994 2239
1740779359196 0.1070866194016845 2240
1740779362594 0.10697953278228281 2241
1740779365775 0.10687255324950053 2242
1740779369354 0.10676568069625103 2243
1740779372495 0.10665891501555477 2244
1740779375714 0.10655225610053921 2245
1740779379385 0.10644570384443867 2246
1740779382649 0.10633925814059424 2247
1740779385901 0.10623291888245365 2248
1740779389149 0.1061266859635712 2249
1740779392442 0.10602055927760762 2250
1740779395943 0.10591453871833001 2251
1740779399532 0.10580862417961168 2252
1740779403113 0.10570281555543207 2253
1740779406548 0.10559711273987664 2254
1740779410112 0.10549151562713677 2255
1740779413565 0.10538602411150963 2256
1740779416971 0.10528063808739813 2257
1740779420223 0.10517535744931072 2258
1740779423655 0.10507018209186142 2259
1740779426761 0.10496511190976955 2260
1740779430028 0.10486014679785978 2261
1740779433506 0.10475528665106192 2262
1740779436875 0.10465053136441085 2263
1740779440170 0.10454588083304645 2264
1740779443580 0.1044413349522134 2265
1740779446859 0.10433689361726119 2266
1740779450008 0.10423255672364393 2267
1740779453610 0.10412832416692028 2268
1740779457133 0.10402419584275335 2269
1740779460399 0.1039201716469106 2270
1740779463714 0.10381625147526369 2271
1740779466945 0.10371243522378842 2272
1740779470640 0.10360872278856463 2273
1740779473883 0.10350511406577606 2274
1740779477228 0.10340160895171029 2275
1740779480322 0.10329820734275857 2276
1740779483923 0.10319490913541582 2277
1740779487427 0.1030917142262804 2278
1740779490611 0.10298862251205412 2279
1740779494112 0.10288563388954207 2280
1740779497555 0.10278274825565252 2281
1740779501356 0.10267996550739687 2282
1740779504791 0.10257728554188948 2283
1740779507896 0.1024747082563476 2284
1740779510933 0.10237223354809125 2285
1740779514390 0.10226986131454316 2286
1740779518163 0.10216759145322861 2287
1740779521441 0.10206542386177538 2288
1740779524699 0.1019633584379136 2289
1740779528161 0.10186139507947568 2290
1740779531710 0.1017595336843962 2291
1740779535134 0.10165777415071181 2292
1740779538253 0.1015561163765611 2293
1740779541543 0.10145456026018454 2294
1740779544835 0.10135310569992435 2295
1740779548762 0.10125175259422443 2296
1740779552049 0.10115050084163021 2297
1740779555286 0.10104935034078859 2298
1740779559077 0.1009483009904478 2299
1740779562899 0.10084735268945735 2300
1740779566262 0.10074650533676789 2301
1740779569420 0.10064575883143112 2302
1740779572669 0.1005451130725997 2303
1740779576264 0.1004445679595271 2304
1740779579760 0.10034412339156756 2305
1740779582925 0.100243779268176 2306
1740779586172 0.10014353548890782 2307
1740779589745 0.10004339195341891 2308
1740779592944 0.1 2309
1740779596201 0.1 2310
1740779599425 0.1 2311
1740779602492 0.1 2312
1740779605757 0.1 2313
1740779609339 0.1 2314
1740779613054 0.1 2315
1740779616256 0.1 2316
1740779619625 0.1 2317
1740779622974 0.1 2318
1740779626261 0.1 2319
1740779629586 0.1 2320
1740779632832 0.1 2321
1740779636109 0.1 2322
1740779639332 0.1 2323
1740779642910 0.1 2324
1740779646213 0.1 2325
1740779649530 0.1 2326
1740779653027 0.1 2327
1740779656298 0.1 2328
1740779659488 0.1 2329
1740779662732 0.1 2330
1740779665892 0.1 2331
1740779669303 0.1 2332
1740779672662 0.1 2333
1740779675877 0.1 2334
1740779679116 0.1 2335
1740779682344 0.1 2336
1740779685774 0.1 2337
1740779689170 0.1 2338
1740779692369 0.1 2339
1740779695778 0.1 2340
1740779699035 0.1 2341
1740779702198 0.1 2342
1740779705619 0.1 2343
1740779709354 0.1 2344
1740779712960 0.1 2345
1740779716233 0.1 2346
1740779719522 0.1 2347
1740779722931 0.1 2348
1740779726722 0.1 2349
1740779730257 0.1 2350
1740779733392 0.1 2351
1740779736636 0.1 2352
1740779739882 0.1 2353
1740779743081 0.1 2354
1740779746630 0.1 2355
1740779749762 0.1 2356
1740779753197 0.1 2357
1740779756406 0.1 2358
1740779759923 0.1 2359
1740779763408 0.1 2360
1740779766719 0.1 2361
1740779770545 0.1 2362
1740779773953 0.1 2363
1740779777102 0.1 2364
1740779780232 0.1 2365
1740779783806 0.1 2366
1740779787482 0.1 2367
1740779790922 0.1 2368
1740779794287 0.1 2369
1740779797765 0.1 2370
1740779800992 0.1 2371
1740779804460 0.1 2372
1740779807605 0.1 2373
1740779810797 0.1 2374
1740779814712 0.1 2375
1740779818389 0.1 2376
1740779821649 0.1 2377
1740779824840 0.1 2378
1740779828447 0.1 2379
1740779832245 0.1 2380
1740779835483 0.1 2381
1740779838713 0.1 2382
1740779842122 0.1 2383
1740779846090 0.1 2384
1740779849393 0.1 2385
1740779852645 0.1 2386
1740779855903 0.1 2387
1740779859388 0.1 2388
1740779862717 0.1 2389
1740779865869 0.1 2390
1740779868925 0.1 2391
1740779872226 0.1 2392
1740779875401 0.1 2393
1740779878953 0.1 2394
1740779882131 0.1 2395
1740779885314 0.1 2396
1740779888870 0.1 2397
1740779892637 0.1 2398
1740779896143 0.1 2399
1740779899608 0.1 2400
1740779903245 0.1 2401
1740779906550 0.1 2402
1740779909866 0.1 2403
1740779913516 0.1 2404
1740779917093 0.1 2405
1740779920804 0.1 2406
1740779924024 0.1 2407
1740779927281 0.1 2408
1740779930466 0.1 2409
1740779933963 0.1 2410
1740779937166 0.1 2411
1740779940313 0.1 2412
1740779943643 0.1 2413
1740779947009 0.1 2414
1740779950176 0.1 2415
1740779953383 0.1 2416
1740779957132 0.1 2417
1740779960854 0.1 2418
1740779964096 0.1 2419
1740779967290 0.1 2420
1740779970991 0.1 2421
1740779971552 0.1 2422
1740779975450 0.1 2423
1740779978724 0.1 2424
1740779981958 0.1 2425
1740779985629 0.1 2426
1740779988858 0.1 2427
1740779992231 0.1 2428
1740779995681 0.1 2429
1740779999147 0.1 2430
1740780002275 0.1 2431
1740780005529 0.1 2432
1740780008579 0.1 2433
1740780011822 0.1 2434
1740780014868 0.1 2435
1740780018032 0.1 2436
1740780021594 0.1 2437
1740780024603 0.1 2438
1740780027900 0.1 2439
1740780031112 0.1 2440
1740780034666 0.1 2441
1740780038008 0.1 2442
1740780041229 0.1 2443
1740780044367 0.1 2444
1740780047689 0.1 2445
1740780050857 0.1 2446
1740780054472 0.1 2447
1740780057965 0.1 2448
1740780061291 0.1 2449
1740780064651 0.1 2450
1740780065475 0.1 2451
1740780069025 0.1 2452
1740780072157 0.1 2453
1740780075517 0.1 2454
1740780079505 0.1 2455
1740780082698 0.1 2456
1740780085805 0.1 2457
1740780089213 0.1 2458
1740780092727 0.1 2459
1740780095869 0.1 2460
1740780099045 0.1 2461
1740780102110 0.1 2462
1740780105221 0.1 2463
1740780108442 0.1 2464
1740780111725 0.1 2465
1740780114899 0.1 2466
1740780118022 0.1 2467
1740780121269 0.1 2468
1740780124659 0.1 2469
1740780128212 0.1 2470
1740780131449 0.1 2471
1740780134678 0.1 2472
1740780138064 0.1 2473
1740780141969 0.1 2474
1740780145331 0.1 2475
1740780148783 0.1 2476
1740780152269 0.1 2477
1740780155825 0.1 2478
1740780159137 0.1 2479
1740780159772 0.1 2480
1740780162906 0.1 2481
1740780166562 0.1 2482
1740780170199 0.1 2483
1740780173288 0.1 2484
1740780176330 0.1 2485
1740780179637 0.1 2486
1740780182877 0.1 2487
1740780186084 0.1 2488
1740780189182 0.1 2489
1740780192388 0.1 2490
1740780195495 0.1 2491
1740780198707 0.1 2492
1740780201977 0.1 2493
1740780205166 0.1 2494
1740780208436 0.1 2495
1740780211585 0.1 2496
1740780214862 0.1 2497
1740780218494 0.1 2498
1740780221601 0.1 2499
1740780224855 0.1 2500
1740780228185 0.1 2501
1740780231297 0.1 2502
1740780234553 0.1 2503
1740780237761 0.1 2504
1740780241090 0.1 2505
1740780244338 0.1 2506
1740780247618 0.1 2507
1740780250905 0.1 2508
