1740771952973 0.5630553414424261 0
1740771955912 0.3302308177947998 1
1740771959056 0.30345123887062075 2
1740771962273 0.2733831536769867 3
1740771965417 0.23115774631500244 4
1740771968590 0.21911264717578888 5
1740771971625 0.20624698519706727 6
1740771974746 0.18526658833026885 7
1740771977711 0.15834514141082764 8
1740771980806 0.147843219935894 9
1740771983904 0.12046383738517762 10
1740771986998 0.10984088197350501 11
1740771989985 0.09098246023058891 12
1740771993084 0.06877219796180725 13
1740771996181 0.06327791206538677 14
1740771999295 0.05421684339642525 15
1740772002285 0.04533834680914879 16
1740772005301 0.0481128902733326 17
1740772008312 0.03866531454026699 18
1740772011414 0.03339436292648315 19
1740772014662 0.03197995133697987 20
1740772017843 0.029069399312138557 21
1740772021072 0.029812924042344095 22
1740772024374 0.02887682743370533 23
1740772027658 0.028953998610377313 24
1740772030849 0.026256537735462188 25
1740772034132 0.03109097994863987 26
1740772037458 0.027672518417239188 27
1740772040765 0.028881914392113687 28
1740772044019 0.029568207859992982 29
1740772047143 0.027738248035311698 30
1740772050171 0.024173742271959783 31
1740772053261 0.02711999073624611 32
1740772056615 0.024879165552556516 33
1740772059790 0.02844241578131914 34
1740772062912 0.027672007717192172 35
1740772066087 0.02498389333486557 36
1740772069166 0.023909448496997356 37
1740772072295 0.0231158833950758 38
1740772075437 0.025249300748109816 39
1740772078667 0.024540126472711563 40
1740772081998 0.02527615912258625 41
1740772085100 0.023238136433064938 42
1740772088304 0.022430288307368755 43
1740772091546 0.023454765789210796 44
1740772094654 0.019838440530002117 45
1740772097897 0.021779326386749745 46
1740772100954 0.0233776405826211 47
1740772104037 0.025594287402927875 48
1740772107179 0.022112075947225095 49
1740772110324 0.020592917688190937 50
1740772113644 0.02112397126853466 51
1740772116754 0.021613847576081754 52
1740772119876 0.01900833673775196 53
1740772122820 0.02350119307637215 54
1740772126006 0.020702727399766446 55
1740772129117 0.02082663182169199 56
1740772132261 0.0209468162804842 57
1740772135481 0.024727461077272892 58
1740772138502 0.021205501183867454 59
1740772141834 0.020706887580454348 60
1740772145082 0.022082540914416315 61
1740772148448 0.020340385474264623 62
1740772151565 0.019596908316016196 63
1740772154634 0.02363525353372097 64
1740772157800 0.02159745343029499 65
1740772160893 0.022083295546472072 66
1740772164013 0.0199611035361886 67
1740772167009 0.020334476530551912 68
1740772170437 0.020822586230933665 69
1740772173644 0.019232496954500675 70
1740772176773 0.018957565240561962 71
1740772179907 0.020422131344676017 72
1740772182969 0.02161922734230757 73
1740772186073 0.024581198021769522 74
1740772189138 0.02185156848281622 75
1740772192280 0.02205644514411688 76
1740772195351 0.021318693179637194 77
1740772198323 0.019937173314392567 78
1740772201457 0.01903915874660015 79
1740772204578 0.022593972720205784 80
1740772207694 0.01765871178358793 81
1740772210844 0.018153631016612052 82
1740772213829 0.020420583710074425 83
1740772216991 0.02253686372190714 84
1740772220086 0.018770598880946635 85
1740772223179 0.024084912389516832 86
1740772226081 0.019981617406010628 87
1740772229115 0.017107123136520387 88
1740772232458 0.021006294302642347 89
1740772235509 0.019674979262053967 90
1740772238705 0.0242021469399333 91
1740772241975 0.018526148311793805 92
1740772245322 0.01959510989487171 93
1740772248333 0.01859979348257184 94
1740772251502 0.019847277961671354 95
1740772254661 0.01908666219562292 96
1740772257606 0.019463318586349487 97
1740772260696 0.020624774470925332 98
1740772263819 0.019049734584987165 99
1740772266857 0.01874932136386633 100
1740772269982 0.018820237852633 101
1740772273051 0.023368878215551378 102
1740772276243 0.017169613018631937 103
1740772279295 0.01740027790889144 104
1740772282643 0.018384924381971358 105
1740772285668 0.017913744542747734 106
1740772288867 0.018423597775399685 107
1740772291896 0.02048016421496868 108
1740772294842 0.017163539379835127 109
1740772297845 0.019232809282839297 110
1740772301133 0.02112083038315177 111
1740772304233 0.01890737108886242 112
1740772307405 0.01590157426893711 113
1740772310424 0.021208941712975504 114
1740772313486 0.02000221624970436 115
1740772316542 0.018017050102353094 116
1740772319681 0.018425772301852703 117
1740772322874 0.016829727180302144 118
1740772326014 0.022117887176573276 119
1740772329188 0.01880173247307539 120
1740772332292 0.01820537704974413 121
1740772335388 0.01665534283965826 122
1740772338325 0.01615840267390013 123
1740772341384 0.01643729826435447 124
1740772344485 0.016824169661849738 125
1740772345093 0.0 126
1740772348174 0.018594262674450874 127
1740772351313 0.020025912076234817 128
1740772354420 0.014159718565642833 129
1740772357561 0.01629952237010002 130
1740772360652 0.016470933593809606 131
1740772363875 0.015052083861082793 132
1740772367039 0.018666407130658626 133
1740772370178 0.015758615247905255 134
1740772373079 0.0156848619133234 135
1740772376174 0.017463545128703118 136
1740772379263 0.015000589676201343 137
1740772382414 0.014697392787784338 138
1740772385524 0.020731845907866954 139
1740772388589 0.015852040238678457 140
1740772391650 0.019683697950094937 141
1740772394700 0.018977338373661043 142
1740772397899 0.018984886854887008 143
1740772401051 0.01672861771658063 144
1740772404261 0.015574122108519077 145
1740772407351 0.016555412225425243 146
1740772410475 0.014978688918054104 147
1740772413570 0.01846177874132991 148
1740772417201 0.015479739308357238 149
1740772420230 0.017030472755432128 150
1740772423473 0.016767134126275778 151
1740772426631 0.01737519297748804 152
1740772429627 0.01841381289064884 153
1740772432862 0.017926536872982977 154
1740772436104 0.016834959909319876 155
1740772439310 0.013968250509351491 156
1740772442462 0.013230289854109288 157
1740772445684 0.014984564315527677 158
1740772448895 0.017198118511587382 159
1740772452074 0.019776318073272705 160
1740772455167 0.018373508155345917 161
1740772458348 0.01371719803661108 162
1740772461442 0.0216830987483263 163
1740772464582 0.01526176294311881 164
1740772467682 0.015150546934455634 165
1740772470686 0.016218040511012076 166
1740772473665 0.018534779362380505 167
1740772476788 0.01580394510179758 168
1740772479849 0.017359230555593966 169
1740772483485 0.014313508812338114 170
1740772486931 0.013988797795027494 171
1740772489956 0.014890798851847648 172
1740772492914 0.017226014751940966 173
1740772496103 0.018227685540914536 174
1740772499080 0.015088915564119816 175
1740772502221 0.016914879009127616 176
1740772505298 0.015122299697250128 177
1740772508366 0.017437765765935184 178
1740772511320 0.016427899412810802 179
1740772514409 0.017684557139873505 180
1740772517433 0.014883964769542218 181
1740772520425 0.01713677478954196 182
1740772523630 0.01562509274110198 183
1740772526647 0.015001223273575306 184
1740772529641 0.013351376485079527 185
1740772532931 0.01735369548201561 186
1740772535929 0.014148818496614694 187
1740772539114 0.014785586744546891 188
1740772542696 0.01759337794035673 189
1740772545894 0.015009322669357061 190
1740772549013 0.016775108128786086 191
1740772552294 0.01474967945367098 192
1740772555446 0.019128610100597142 193
1740772558431 0.01690399248152971 194
1740772561544 0.015924613140523434 195
1740772564670 0.015815931409597396 196
1740772567922 0.01696323338896036 197
1740772571016 0.015004371050745249 198
1740772574262 0.014086377378553151 199
1740772577437 0.012375541403889656 200
1740772580542 0.01762844305485487 201
1740772583630 0.012111345008015632 202
1740772586995 0.01353187434375286 203
1740772590086 0.014935334268957377 204
1740772593541 0.012588995173573495 205
1740772596953 0.017662622965872288 206
1740772600472 0.011309871338307858 207
1740772603472 0.017735339310020207 208
1740772606644 0.015647632479667665 209
1740772610167 0.014930545147508382 210
1740772613610 0.016895928308367728 211
1740772616703 0.01574083974584937 212
1740772619652 0.013438530787825585 213
1740772622893 0.014147839434444904 214
1740772626044 0.014733093474060297 215
1740772629026 0.012947085630148649 216
1740772632000 0.0185033081099391 217
1740772635067 0.015272520426660776 218
1740772638550 0.015136088058352471 219
1740772642160 0.013635757863521576 220
1740772645245 0.018238223735243083 221
1740772648466 0.015881370455026626 222
1740772651644 0.016855749934911728 223
1740772654716 0.013865725863724946 224
1740772657904 0.013722015358507634 225
1740772661246 0.019610700495541096 226
1740772664396 0.015489537920802831 227
1740772667926 0.015051502212882041 228
1740772670985 0.013409021031111478 229
1740772674005 0.01597867416217923 230
1740772677315 0.019841583892703057 231
1740772680441 0.01631025318056345 232
1740772683486 0.015983322877436878 233
1740772686611 0.014884382039308548 234
1740772689760 0.017187276128679513 235
1740772693163 0.016931720450520514 236
1740772696396 0.015461195651441812 237
1740772699497 0.02141801541671157 238
1740772702699 0.012192520275712014 239
1740772705847 0.016445442475378512 240
1740772709003 0.017701667416840792 241
1740772712287 0.014259178563952446 242
1740772715515 0.013295719884335994 243
1740772718523 0.011941588409245014 244
1740772721812 0.015841838270425797 245
1740772724834 0.016324728578329086 246
1740772727935 0.016870608292520045 247
1740772731092 0.018080859519541262 248
1740772734656 0.019274212680757047 249
1740772737998 0.016968258786946536 250
1740772741123 0.01684426123276353 251
1740772744265 0.015870186183601618 252
1740772747254 0.014678585939109326 253
1740772750406 0.01362908372655511 254
1740772753551 0.018502121232450007 255
1740772756812 0.01641982711851597 256
1740772759800 0.016383182741701603 257
1740772762890 0.0154421497695148 258
1740772766150 0.014074423015117646 259
1740772769175 0.018351553212851285 260
1740772772404 0.017166509348899125 261
1740772775579 0.015251497514545917 262
1740772778652 0.019538337960839272 263
1740772781822 0.013651614878326654 264
1740772784983 0.018692554775625467 265
1740772788140 0.013303875904530287 266
1740772791343 0.021638206541538238 267
1740772794508 0.020163628682494165 268
1740772797762 0.019026452340185643 269
1740772801072 0.017079811729490756 270
1740772804134 0.01807254374027252 271
1740772807308 0.017988756448030472 272
1740772810378 0.01888464082032442 273
1740772813350 0.01770579606294632 274
1740772816480 0.014769602231681347 275
1740772819694 0.01398271631449461 276
1740772822749 0.014669298548251391 277
1740772825719 0.019059618245810272 278
1740772828914 0.01602724438533187 279
1740772832025 0.013322439659386873 280
1740772835046 0.019102648003026843 281
1740772838179 0.012870935071259738 282
1740772841393 0.013344725836068392 283
1740772844372 0.013925963342189788 284
1740772847544 0.017488221898674966 285
1740772850598 0.019447971209883688 286
1740772853697 0.014685695488005877 287
1740772856751 0.01561592273414135 288
1740772860456 0.020562450736761093 289
1740772863658 0.01405489057302475 290
1740772866762 0.01364300837740302 291
1740772869770 0.016356253493577243 292
1740772872893 0.019753203708678484 293
1740772875933 0.014438931308686733 294
1740772879014 0.015622837264090776 295
1740772881958 0.015474547035992145 296
1740772885386 0.017159814927726984 297
1740772888553 0.015308865401893855 298
1740772891525 0.018471812307834626 299
1740772894601 0.01958275331184268 300
1740772897932 0.020703399069607258 301
1740772901102 0.017090631276369096 302
1740772904222 0.01330155499279499 303
1740772907276 0.01657424872741103 304
1740772910397 0.013013997077941895 305
1740772913457 0.01923650871962309 306
1740772916482 0.015099338535219432 307
1740772919602 0.018447627685964106 308
1740772922728 0.017575748208910228 309
1740772925853 0.0176100386492908 310
1740772928977 0.015938631668686868 311
1740772931941 0.018306892979890108 312
1740772935091 0.017978030033409597 313
1740772938143 0.018247942831367256 314
1740772941167 0.016917558014392854 315
1740772944252 0.016684981640428306 316
1740772947234 0.018201741762459277 317
1740772950338 0.019612553995102644 318
1740772953505 0.020337178409099578 319
1740772956652 0.015507699567824601 320
1740772959650 0.017186043858528136 321
1740772962668 0.018805370926856996 322
1740772965719 0.01890139151364565 323
1740772968878 0.01292423227801919 324
1740772971969 0.018957818243652582 325
1740772975216 0.01815566048026085 326
1740772978197 0.014820006005465984 327
1740772981265 0.01782604094594717 328
1740772984368 0.012668897323310375 329
1740772987541 0.01580704559572041 330
1740772990645 0.019902847670018674 331
1740772993820 0.01795450856909156 332
1740772996933 0.01486748069524765 333
1740772999912 0.015910137426108122 334
1740773002964 0.014122722316533326 335
1740773006020 0.015441574230790138 336
1740773009557 0.018618640322238207 337
1740773012818 0.01537345902994275 338
1740773016323 0.021493084169924258 339
1740773019643 0.015562312360852957 340
1740773023181 0.019584509450942277 341
1740773026431 0.017620638757944108 342
1740773029515 0.015451445486396551 343
1740773032717 0.012162461560219526 344
1740773036519 0.017211557775735856 345
1740773039522 0.01663241792470217 346
1740773042589 0.017455123029649258 347
1740773045580 0.013760312423110009 348
1740773049116 0.0112629952467978 349
1740773052548 0.013433354664593935 350
1740773056061 0.018749366644769908 351
1740773059251 0.01520921815186739 352
1740773062288 0.0118672089651227 353
1740773065322 0.015341490060091018 354
1740773068477 0.015679885074496268 355
1740773071761 0.013501902334392071 356
1740773074977 0.016393876634538174 357
1740773078125 0.015116459149867296 358
1740773081242 0.013445842899382115 359
1740773084217 0.01705449040979147 360
1740773087405 0.01189777310937643 361
1740773090823 0.014041077140718698 362
1740773093972 0.01751762581989169 363
1740773097135 0.014222138617187739 364
1740773100234 0.01151587076485157 365
1740773103488 0.017499246895313264 366
1740773106913 0.016661758590489625 367
1740773110071 0.015708539299666882 368
1740773113184 0.014504556488245725 369
1740773116336 0.020160251203924416 370
1740773119524 0.012980444766581058 371
1740773122590 0.013230385705828667 372
1740773125726 0.010167428543791174 373
1740773129129 0.013861214872449637 374
1740773132484 0.015094766318798065 375
1740773135788 0.015718300379812717 376
1740773138814 0.013436248004436492 377
1740773141812 0.014812516458332538 378
1740773145179 0.015779350884258747 379
1740773148422 0.013977426327764988 380
1740773151728 0.01398298267275095 381
1740773154893 0.013401336073875426 382
1740773158339 0.014385827919468283 383
1740773161562 0.01408747810870409 384
1740773164574 0.015084361908957362 385
1740773167726 0.016743284221738576 386
1740773170905 0.012789374478161334 387
1740773174055 0.013439043331891299 388
1740773177395 0.014180798213928938 389
1740773180407 0.015490468256175519 390
1740773183417 0.015568214021623134 391
1740773186916 0.015046043545007706 392
1740773190351 0.014114098474383354 393
1740773193651 0.016779921725392343 394
1740773196741 0.01603837713599205 395
1740773199896 0.01750693280249834 396
1740773202966 0.01823689676821232 397
1740773206423 0.014182979483157396 398
1740773209912 0.019398190826177598 399
1740773212905 0.011660018917173148 400
1740773216106 0.015364449620246887 401
1740773219550 0.013815134484320878 402
1740773222932 0.020187206771224736 403
1740773226077 0.016239998470991848 404
1740773229126 0.013097004406154156 405
1740773232244 0.01625975927338004 406
1740773235476 0.021766762416809797 407
1740773238739 0.017608888186514376 408
1740773241727 0.022101867962628603 409
1740773244789 0.016315214149653912 410
1740773248026 0.01599872322753072 411
1740773251095 0.020191576238721608 412
1740773254401 0.014195129722356797 413
1740773257613 0.013262272495776415 414
1740773260687 0.017126598171889783 415
1740773263811 0.01396494347602129 416
1740773267067 0.015541189666837454 417
1740773270241 0.013726299367845059 418
1740773273287 0.015621082074940205 419
1740773276903 0.01792871840298176 420
1740773280066 0.015170758832246065 421
1740773283348 0.014227217053994537 422
1740773286334 0.01966073052957654 423
1740773289497 0.01621534278616309 424
1740773292985 0.016326640900224447 425
1740773296291 0.018272497970610858 426
1740773299385 0.019667530823498966 427
1740773302613 0.01664115108549595 428
1740773305921 0.017341299373656513 429
1740773308984 0.016126380655914544 430
1740773312406 0.01778273645788431 431
1740773315700 0.017762090377509594 432
1740773318994 0.018298022635281085 433
1740773322145 0.017641340028494597 434
1740773325153 0.01844374490901828 435
1740773328377 0.012867031097412109 436
1740773331443 0.016235135439783336 437
1740773334588 0.017518109194934368 438
1740773337750 0.021993266344070436 439
1740773340835 0.015216341838240624 440
1740773343955 0.0146544442884624 441
1740773347099 0.01897671937942505 442
1740773350210 0.01733276166021824 443
1740773353428 0.016344707924872637 444
1740773356687 0.014166909866034985 445
1740773359914 0.016520385295152665 446
1740773363116 0.016688275970518588 447
1740773366175 0.013993204794824124 448
1740773369674 0.014451787527650594 449
1740773373286 0.016700517013669015 450
1740773376587 0.014727454278618097 451
1740773379715 0.013943970557302237 452
1740773382943 0.015770703125745057 453
1740773385953 0.01635522329248488 454
1740773388969 0.012747022025287151 455
1740773392025 0.02012744246982038 456
1740773395395 0.015888922531157732 457
1740773398478 0.015095464261248708 458
1740773402027 0.01794366231188178 459
1740773405180 0.02009821880608797 460
1740773408187 0.014017099011689425 461
1740773411478 0.016768664941191672 462
1740773415041 0.019630175027996303 463
1740773418256 0.014199744388461112 464
1740773421409 0.012946537248790264 465
1740773424413 0.014761368688195943 466
1740773427597 0.016496520582586528 467
1740773430772 0.012719371803104878 468
1740773434156 0.014078491777181625 469
1740773437411 0.015556347332894802 470
1740773440433 0.018660557474941015 471
1740773443584 0.013076173532754183 472
1740773446738 0.020163750033825634 473
1740773449914 0.015101163536310197 474
1740773453224 0.017258364483714105 475
1740773456537 0.012335284370929003 476
1740773459638 0.016709655225276947 477
1740773462848 0.014674975629895925 478
1740773465805 0.020394966900348664 479
1740773469314 0.01662421191111207 480
1740773472462 0.01374873299151659 481
1740773475681 0.012511112159118057 482
1740773478758 0.015489587560296059 483
1740773481871 0.012965531256049871 484
1740773484838 0.018027049582451583 485
1740773488036 0.017125002294778823 486
1740773491087 0.014147058837115764 487
1740773494090 0.014199473578482866 488
1740773497785 0.01699750019237399 489
1740773501042 0.014997084625065327 490
1740773504165 0.013462216202169657 491
1740773507210 0.013897291999310255 492
1740773510332 0.015100907869637012 493
1740773513490 0.014768005050718784 494
1740773516506 0.013527714870870114 495
1740773519588 0.017298960015177726 496
1740773522699 0.01652164341881871 497
1740773525940 0.014314346956089139 498
1740773528956 0.009685279708355666 499
1740773532118 0.011191923068836332 500
1740773535245 0.015893588401377202 501
1740773538536 0.01435549022629857 502
1740773541679 0.013569161873310804 503
1740773544669 0.011640812950208784 504
1740773547897 0.010048839654773474 505
1740773551078 0.013986700940877199 506
1740773554314 0.013699089419096708 507
1740773557523 0.013542501535266638 508
1740773560682 0.009142556674778462 509
1740773563904 0.010862171798944473 510
1740773567143 0.018785659074783325 511
1740773570288 0.010723218265920877 512
1740773573811 0.011262690052390098 513
1740773577104 0.015624613426625729 514
1740773580185 0.011406066296622157 515
1740773583224 0.013104120036587119 516
1740773586288 0.016665866207331417 517
1740773589451 0.012905181385576725 518
1740773592618 0.015362690994516015 519
1740773595616 0.015324009992182254 520
1740773598698 0.010044190343469381 521
1740773601816 0.015720339827239513 522
1740773604837 0.011421398986130952 523
1740773607967 0.010849952949211001 524
1740773611470 0.013976948941126466 525
1740773614824 0.01050364352762699 526
1740773618015 0.010400588493794202 527
1740773621241 0.0081804518122226 528
1740773624525 0.015466298246756195 529
1740773627869 0.012383157573640346 530
1740773630870 0.015893372427672147 531
1740773634120 0.01205901924520731 532
1740773637095 0.014327428750693798 533
1740773640302 0.0097544402256608 534
1740773643693 0.011752673741430044 535
1740773646709 0.01305843448266387 536
1740773650047 0.013647271059453488 537
1740773653511 0.016003931807354092 538
1740773657079 0.015052517028525472 539
1740773660228 0.012265152037143708 540
1740773663228 0.01147333662956953 541
1740773666735 0.011132675567641854 542
1740773670109 0.008393699638545513 543
1740773673337 0.012334645679220557 544
1740773676688 0.01539790516719222 545
1740773679759 0.012355006784200668 546
1740773682980 0.012010679487138987 547
1740773686019 0.012252594772726298 548
1740773689253 0.013431350542232394 549
1740773692348 0.014985620733350516 550
1740773695511 0.011567211803048849 551
1740773698709 0.017338631842285394 552
1740773701785 0.012024170281365513 553
1740773704755 0.013519550152122974 554
1740773707867 0.009770983289927244 555
1740773710999 0.014760347111150622 556
1740773714295 0.016581707689911126 557
1740773717449 0.01323385776951909 558
1740773720704 0.010412922520190477 559
1740773724003 0.01738795652985573 560
1740773727175 0.012644771542400122 561
1740773730354 0.00938275502063334 562
1740773733436 0.014857942182570695 563
1740773736498 0.015601447466760874 564
1740773739805 0.009531938750296832 565
1740773742887 0.016219567377120256 566
1740773745954 0.015575304795056581 567
1740773749165 0.0091820253059268 568
1740773752301 0.013021009638905526 569
1740773755718 0.011208771411329508 570
1740773759043 0.009763031732290983 571
1740773762088 0.011451623262837529 572
1740773765284 0.013765320368111133 573
1740773768440 0.013162750992923975 574
1740773771654 0.011469404008239507 575
1740773775392 0.011625917851924896 576
1740773778583 0.014166496964171528 577
1740773781646 0.014188900329172612 578
1740773784895 0.012161983679980039 579
1740773788468 0.01190451511181891 580
1740773791900 0.013010313399136067 581
1740773795158 0.014083506613969803 582
1740773798363 0.011207399209961295 583
1740773801785 0.010430220477283002 584
1740773805382 0.012353848982602358 585
1740773808560 0.014521485697478055 586
1740773811568 0.012348632318899036 587
1740773814974 0.0149302420578897 588
1740773818494 0.014284924920648336 589
1740773822062 0.013640556409955025 590
1740773825347 0.012065691743046045 591
1740773828608 0.00772809162735939 592
1740773832190 0.013576732929795981 593
1740773835756 0.009894172754138708 594
1740773839062 0.01438754253089428 595
1740773842339 0.011652446389198302 596
1740773845891 0.01232746422290802 597
1740773849368 0.014341419711709023 598
1740773852739 0.01304423538967967 599
1740773855802 0.012852277373895049 600
1740773858922 0.014587067887187005 601
1740773862378 0.01265146216377616 602
1740773865819 0.01373929051682353 603
1740773868906 0.01405701706185937 604
1740773872160 0.015985169634222984 605
1740773875423 0.016066822092980146 606
1740773878534 0.011298293992877007 607
1740773881825 0.011573875416070223 608
1740773884902 0.014421382211148739 609
1740773887904 0.013075323067605496 610
1740773890983 0.011288976445794106 611
1740773894245 0.00977400790899992 612
1740773897836 0.011065971339121461 613
1740773901064 0.011211526561528445 614
1740773904740 0.008838171493262053 615
1740773908251 0.012623279578983784 616
1740773911276 0.008092196295037865 617
1740773914646 0.012042638715356588 618
1740773918542 0.01396049840375781 619
1740773921827 0.011825657309964299 620
1740773924893 0.011007714783772826 621
1740773928261 0.013398468503728509 622
1740773931495 0.017477582385763527 623
1740773934502 0.011737114787101745 624
1740773937634 0.013976716892793775 625
1740773940836 0.011961489971727133 626
1740773944277 0.011404778435826301 627
1740773947926 0.011914316657930612 628
1740773951155 0.010013336017727852 629
1740773954335 0.010993524361401797 630
1740773955003 0.005206199362874031 631
1740773958621 0.008868280481547117 632
1740773962156 0.013675934076309204 633
1740773965444 0.017735168002545834 634
1740773968616 0.0115632688626647 635
1740773971817 0.013534651808440686 636
1740773975571 0.009885706407949328 637
1740773979386 0.013500213176012039 638
1740773982417 0.011605043187737465 639
1740773985621 0.014324322966858745 640
1740773989099 0.009263786496594548 641
1740773992747 0.010869698543101549 642
1740773995989 0.015631449157372117 643
1740773999069 0.017407982684671877 644
1740774002421 0.011575503703206778 645
1740774006155 0.011991380378603936 646
1740774009597 0.012992420149967075 647
1740774012693 0.014933586940169335 648
1740774015746 0.014798090774565936 649
1740774019246 0.015354194641113282 650
1740774022397 0.012264364752918483 651
1740774025422 0.013791386364027857 652
1740774028532 0.013383792741224169 653
1740774031692 0.015526863615959882 654
1740774034662 0.012310552475973964 655
1740774037929 0.016056851660832764 656
1740774041201 0.016958001106977462 657
1740774044191 0.010538382045924664 658
1740774047270 0.01101232429035008 659
1740774050444 0.019281958788633348 660
1740774053470 0.011790553526952862 661
1740774056716 0.013168183546513319 662
1740774059877 0.01600799160078168 663
1740774063087 0.01860298540443182 664
1740774066268 0.013555590361356736 665
1740774069553 0.015768222361803055 666
1740774072720 0.010548542030155659 667
1740774076324 0.017677489630877972 668
1740774079647 0.015817166566848756 669
1740774082871 0.013248390946537257 670
1740774085955 0.015522117530927061 671
1740774089780 0.014334085714071989 672
1740774093122 0.013606473123654723 673
1740774096207 0.014065184462815523 674
1740774099368 0.012237637443467975 675
1740774102405 0.011516715083271265 676
1740774105512 0.012458858639001846 677
1740774108722 0.014613126358017325 678
1740774111913 0.01386364278383553 679
1740774115032 0.009740685913711786 680
1740774118223 0.014201042074710131 681
1740774121548 0.015429538935422897 682
1740774124795 0.01100194139406085 683
1740774128058 0.00944992795586586 684
1740774131252 0.011595645379275083 685
1740774134466 0.01031751511618495 686
1740774137652 0.00937222333624959 687
1740774141100 0.009693459747359157 688
1740774144888 0.014069814644753932 689
1740774148367 0.012095908215269447 690
1740774151475 0.011656840741634368 691
1740774154550 0.016288984455168246 692
1740774158145 0.01690280418843031 693
1740774161799 0.01193300599232316 694
1740774165019 0.011783886551856994 695
1740774168210 0.011042517768219113 696
1740774171908 0.013385999538004399 697
1740774175040 0.017511679101735355 698
1740774178176 0.016833783658221364 699
1740774181335 0.011314940256997943 700
1740774184966 0.014190046805888415 701
1740774188088 0.012301431698724628 702
1740774191359 0.011493730433285236 703
1740774194396 0.013451293427497148 704
1740774197737 0.015613275896757841 705
1740774201321 0.015348589438945055 706
1740774204766 0.01118467230349779 707
1740774207774 0.015687531270086767 708
1740774210942 0.01450385713018477 709
1740774214273 0.0133853202406317 710
1740774217640 0.015947276232764124 711
1740774220752 0.012615492735058069 712
1740774224236 0.014986627977341413 713
1740774227667 0.011082717049866915 714
1740774230988 0.014315130822360515 715
1740774234192 0.012477365150116384 716
1740774237441 0.015774057935923336 717
1740774240894 0.013990933801978826 718
1740774244160 0.017928953263908625 719
1740774247271 0.017952376399189233 720
1740774250308 0.012295118253678083 721
1740774253755 0.015060287686064839 722
1740774257249 0.011580703165382147 723
1740774260590 0.0122476789355278 724
1740774263566 0.014240585966035724 725
1740774267248 0.0105230020172894 726
1740774270907 0.016809685956686735 727
1740774273949 0.016538166664540766 728
1740774277192 0.01297114989720285 729
1740774280718 0.016308231512084603 730
1740774284221 0.012056362982839346 731
1740774287620 0.017274535074830056 732
1740774290828 0.014982865639030934 733
1740774294172 0.011132799834012986 734
1740774297666 0.01612467074766755 735
1740774300689 0.011563236266374588 736
1740774303762 0.013086756011471152 737
1740774307577 0.010142016625031829 738
1740774311203 0.014203000711277128 739
1740774314457 0.015065650818869472 740
1740774317593 0.0134420682862401 741
1740774321045 0.01508463573642075 742
1740774324599 0.0123285161703825 743
1740774327721 0.018022079579532148 744
1740774330986 0.01111843302845955 745
1740774334737 0.010755371646955609 746
1740774337762 0.012079159189015627 747
1740774340778 0.012271969541907311 748
1740774343860 0.012115561841055751 749
1740774347474 0.013134527783840895 750
1740774350799 0.014790169969201088 751
1740774353826 0.011108195297420026 752
1740774356943 0.009895236752927304 753
1740774360038 0.013082514079287648 754
1740774363560 0.013527679173275829 755
1740774366833 0.01768521067686379 756
1740774369995 0.013018157240003348 757
1740774373101 0.013070207005366683 758
1740774376406 0.00856590088456869 759
1740774379763 0.009802362266927957 760
1740774382771 0.008933218736201525 761
1740774385789 0.009168200101703406 762
1740774389159 0.008385310638695955 763
1740774392718 0.01053749592974782 764
1740774395835 0.013317516501992942 765
1740774398839 0.011631405893713236 766
1740774402128 0.011208947505801916 767
1740774405671 0.014611731679178775 768
1740774408983 0.010636242851614953 769
1740774412196 0.007693644119426608 770
1740774415469 0.009262416139245033 771
1740774418650 0.013523494992405176 772
1740774421897 0.01234237945638597 773
1740774424960 0.007840692745521665 774
1740774427999 0.01107443987391889 775
1740774431449 0.010461323978379369 776
1740774435056 0.00987460533156991 777
1740774438620 0.011519848424941302 778
1740774441795 0.012979404088109731 779
1740774444853 0.013109423778951168 780
1740774448596 0.012825867468491197 781
1740774451733 0.01184539363719523 782
1740774455009 0.011581559060141444 783
1740774458122 0.01104504250921309 784
1740774461262 0.011034293128177523 785
1740774464482 0.012478362694382667 786
1740774467769 0.012207998028025031 787
1740774471098 0.011638249745592475 788
1740774474127 0.01482698549516499 789
1740774477197 0.011054074568673968 790
1740774480809 0.012602550694718957 791
1740774484058 0.01345928487367928 792
1740774487423 0.014049164075404406 793
1740774490565 0.011140860943123698 794
1740774493828 0.014410895984619856 795
1740774497012 0.01424213164485991 796
1740774500303 0.009198015565052628 797
1740774503530 0.011960963401943445 798
1740774506788 0.009375659115612507 799
1740774510028 0.013814703403040767 800
1740774513469 0.009832804584875702 801
1740774516770 0.013409297820180655 802
1740774520044 0.013934475537389517 803
1740774523305 0.012944444250315428 804
1740774526686 0.015382860265672206 805
1740774529775 0.010688238255679607 806
1740774533153 0.00938626672141254 807
1740774536140 0.012649743091315032 808
1740774539208 0.013157333405688405 809
1740774542557 0.011098354384303092 810
1740774545833 0.014866764033213258 811
1740774549398 0.011999297346919775 812
1740774553063 0.009984370060265065 813
1740774556091 0.010960466992110014 814
1740774559249 0.011256727250292897 815
1740774562776 0.009515035031363368 816
1740774566203 0.010774486800655722 817
1740774569341 0.011336918249726295 818
1740774572440 0.014318841174244881 819
1740774576111 0.011997100077569484 820
1740774579184 0.012648353381082415 821
1740774582431 0.01438197935000062 822
1740774585508 0.011262839585542679 823
1740774588895 0.014177747080102563 824
1740774592416 0.009988075578585267 825
1740774595953 0.006632266491651535 826
1740774599053 0.008475756784901024 827
1740774602377 0.015841777734458447 828
1740774606057 0.012844504676759244 829
1740774609811 0.013456242643296718 830
1740774612971 0.010692198975011707 831
1740774616088 0.012548286430537701 832
1740774619761 0.01653103298507631 833
1740774622790 0.011265398915857077 834
1740774626071 0.010801928462460636 835
1740774629079 0.012867778763175011 836
1740774632283 0.009553703842684627 837
1740774635629 0.008685985589399934 838
1740774638848 0.009034102354198693 839
1740774642181 0.014230110477656125 840
1740774645644 0.012441773507744074 841
1740774648884 0.01222378933802247 842
1740774652353 0.01314959155395627 843
1740774655624 0.011988922450691462 844
1740774658807 0.01106122026219964 845
1740774662195 0.013895221156999468 846
1740774665516 0.00927260342054069 847
1740774668594 0.013276749281212688 848
1740774671669 0.010859327763319016 849
1740774675010 0.012176045458763838 850
1740774678239 0.013641966758295893 851
1740774681617 0.012874398734420539 852
1740774684722 0.011173567762598395 853
1740774688209 0.01611458118073642 854
1740774691330 0.008190026814118028 855
1740774694728 0.015511022973805666 856
1740774697911 0.011793027492240071 857
1740774701293 0.01354968385770917 858
1740774704562 0.016507144337520003 859
1740774707880 0.010739953061565756 860
1740774710953 0.010456985188648104 861
1740774714245 0.010858380235731602 862
1740774718044 0.012713184468448163 863
1740774721898 0.010166526846587658 864
1740774725142 0.012866067755967379 865
1740774728342 0.015373698603361845 866
1740774731910 0.015355928707867861 867
1740774735748 0.011462566582486034 868
1740774739043 0.01682581421919167 869
1740774742272 0.013651096425019205 870
1740774745666 0.016651743222028018 871
1740774749413 0.01417608067393303 872
1740774752955 0.013038026317954064 873
1740774756064 0.013286374406889082 874
1740774759396 0.013284164126962423 875
1740774763448 0.015016955770552159 876
1740774766600 0.01120613127015531 877
1740774769968 0.01219181957654655 878
1740774773167 0.012396303545683622 879
1740774776495 0.013228017697110772 880
1740774779706 0.012700217990204692 881
1740774782916 0.0098839838989079 882
1740774786043 0.015511761996895074 883
1740774789135 0.013301440654322505 884
1740774792490 0.011165344342589378 885
1740774795758 0.016629759864881636 886
1740774799176 0.013574708616361023 887
1740774802407 0.00986101472750306 888
1740774805876 0.014366032648831606 889
1740774809462 0.010596844283863902 890
1740774813019 0.011370412516407668 891
1740774816486 0.007211129311472177 892
1740774819669 0.015299863731488585 893
1740774823390 0.010112923635169864 894
1740774826456 0.011928568631410598 895
1740774829658 0.012268229685723782 896
1740774833022 0.014493708666414022 897
1740774836600 0.013294887067750095 898
1740774840316 0.011707663163542747 899
1740774843649 0.01323335907422006 900
1740774847181 0.009862481178715824 901
1740774850390 0.01109816774725914 902
1740774853993 0.01334493630565703 903
1740774857210 0.014331996720284224 904
1740774860513 0.01881011117249727 905
1740774864229 0.013314365437254309 906
1740774867643 0.009842549422755838 907
1740774870796 0.011316597610712052 908
1740774874035 0.012823357582092285 909
1740774877365 0.011097002634778618 910
1740774880877 0.010397288491949439 911
1740774884309 0.008391816401854157 912
1740774887538 0.00967608341947198 913
1740774891267 0.012067418592050672 914
1740774894922 0.010862578749656676 915
1740774898192 0.012992722867056727 916
1740774901319 0.009832798251882196 917
1740774904690 0.010607838071882725 918
1740774908086 0.018760262122377754 919
1740774911417 0.012649651784449815 920
1740774914558 0.009680841052904725 921
1740774917828 0.01138079395517707 922
1740774921020 0.010995981758460402 923
1740774924330 0.010634309463202953 924
1740774927653 0.012386129517108203 925
1740774930921 0.012085597673431038 926
1740774934474 0.010906427158042789 927
1740774937649 0.011721622496843338 928
1740774940755 0.013762703696265817 929
1740774944019 0.014609083672985435 930
1740774947337 0.014438944011926651 931
1740774951256 0.014136965963989495 932
1740774954876 0.019256910178810357 933
1740774957989 0.012131097549572587 934
1740774961286 0.015483236145228148 935
1740774965122 0.015551398098468781 936
1740774968473 0.014414104651659727 937
1740774972043 0.01611240753903985 938
1740774975212 0.01714746735058725 939
1740774978713 0.012196261985227465 940
1740774982614 0.015227209683507681 941
1740774986247 0.011159667242318393 942
1740774989719 0.014503384586423635 943
1740774993154 0.013793871318921447 944
1740774996272 0.016264136135578155 945
1740774999709 0.015006795553490519 946
1740775002880 0.010466492203995585 947
1740775005977 0.013210237668827176 948
1740775009834 0.01106576225720346 949
1740775013458 0.015066903317347169 950
1740775016593 0.014696994265541434 951
1740775019830 0.010367673356086016 952
1740775023142 0.014037699047476053 953
1740775026479 0.011517616445198655 954
1740775029749 0.015849297372624277 955
1740775032986 0.01604847677052021 956
1740775036377 0.015662583895027636 957
1740775039613 0.01347481487512899 958
1740775043134 0.013745649643242359 959
1740775046532 0.014949663961306214 960
1740775049742 0.007814502594992518 961
1740775053167 0.013863116353750229 962
1740775056557 0.014312484115362168 963
1740775059697 0.01397863614372909 964
1740775062796 0.01031610693782568 965
1740775066078 0.013607069491408766 966
1740775069499 0.011197160650044679 967
1740775072881 0.012312372354790569 968
1740775076107 0.01474465205334127 969
1740775079409 0.011193789727985858 970
1740775082766 0.014753646813333035 971
1740775085868 0.013627957748249174 972
1740775088975 0.013213993571698666 973
1740775092275 0.012142453799024224 974
1740775095703 0.013323517441749573 975
1740775099227 0.012095656236633659 976
1740775102555 0.016832462400197982 977
1740775105696 0.01358277391642332 978
1740775109027 0.009418705990538002 979
1740775112499 0.010494734765961767 980
1740775116576 0.01473892331123352 981
1740775119921 0.012574251350015402 982
1740775123112 0.016583173740655183 983
1740775126341 0.012303960332646966 984
1740775129806 0.01816848270595074 985
1740775133130 0.014956462755799293 986
1740775136290 0.01362076036632061 987
1740775139494 0.016528295353055 988
1740775142688 0.01435885114595294 989
1740775146359 0.013910963013768197 990
1740775149612 0.014073644364252687 991
1740775152915 0.014608859019353986 992
1740775156415 0.014030036982148886 993
1740775159708 0.017361184442415835 994
1740775163186 0.01343982874415815 995
1740775166443 0.01842440084554255 996
1740775169567 0.013053111275658011 997
1740775172863 0.015911616440862416 998
1740775176280 0.011303928038105369 999
1740775179488 0.014281681710854173 1000
1740775182769 0.01717795261181891 1001
1740775186160 0.01621176389977336 1002
1740775189493 0.018262464441359042 1003
1740775192573 0.013111587706953287 1004
1740775195667 0.016686005033552647 1005
1740775198963 0.013397035067901015 1006
1740775202623 0.013918164372444152 1007
1740775205793 0.016289628902450205 1008
1740775209162 0.012081302152946592 1009
1740775212342 0.018144757505506277 1010
1740775215680 0.01243002848699689 1011
1740775218991 0.018957703160122037 1012
1740775222264 0.011999642895534634 1013
1740775225336 0.015779946916736662 1014
1740775228676 0.014959787987172603 1015
1740775231915 0.015199937773868442 1016
1740775235057 0.014570664837956429 1017
1740775238251 0.013438609326258302 1018
1740775241767 0.010595372617244721 1019
1740775245019 0.012973083332180977 1020
1740775248306 0.013597856443375349 1021
1740775251438 0.011041215881705283 1022
1740775254805 0.014967419616878032 1023
1740775257937 0.015320051545277238 1024
1740775261310 0.016082782954908906 1025
1740775264613 0.014365726029500364 1026
1740775267765 0.00918991934042424 1027
1740775270926 0.013221868621185422 1028
1740775274114 0.013426201278343796 1029
1740775277514 0.011771116564050317 1030
1740775280716 0.011971462108194829 1031
1740775283873 0.012498766398057342 1032
1740775287426 0.011140350699424744 1033
1740775290570 0.01097855350933969 1034
1740775293888 0.013949576886370779 1035
1740775297088 0.007438159314915538 1036
1740775300202 0.01235895674675703 1037
1740775303360 0.012700367979705333 1038
1740775306646 0.008953874865546822 1039
1740775309828 0.011768199866637588 1040
1740775312956 0.009911896204575896 1041
1740775316086 0.016322002336382865 1042
1740775319361 0.010155288595706224 1043
1740775322728 0.01019756960682571 1044
1740775325941 0.013460975559428334 1045
1740775329011 0.011554005751386286 1046
1740775332190 0.011470861872658134 1047
1740775335310 0.013041042247787118 1048
1740775338812 0.011065927287563681 1049
1740775342057 0.017310287160798906 1050
1740775345525 0.011793084032833577 1051
1740775348880 0.01168777429498732 1052
1740775352219 0.012004383262246848 1053
1740775355484 0.012901339009404182 1054
1740775358608 0.015802057413384318 1055
1740775361965 0.012218589894473553 1056
1740775365169 0.012800990846008062 1057
1740775368436 0.010074723716825247 1058
1740775371637 0.016195262130349875 1059
1740775374979 0.0132664099521935 1060
1740775378204 0.014490803265944123 1061
1740775381356 0.013400463052093983 1062
1740775384716 0.011361094145104288 1063
1740775387869 0.015446892543695866 1064
1740775391052 0.009288403196260333 1065
1740775394319 0.01309939770027995 1066
1740775397642 0.01981724051758647 1067
1740775400911 0.025010031275451185 1068
1740775404137 0.017206382034346462 1069
1740775407347 0.015297375665977598 1070
1740775410469 0.018355920454487206 1071
1740775413781 0.016517765503376722 1072
1740775417199 0.01722042907960713 1073
1740775420481 0.021995713505893945 1074
1740775423832 0.019109322782605888 1075
1740775427228 0.009719731397926807 1076
1740775430482 0.009726202404126525 1077
1740775433781 0.010826675593852997 1078
1740775437047 0.01169207513332367 1079
1740775440374 0.015978867020457983 1080
1740775443720 0.017264354042708874 1081
1740775446925 0.016668807612732053 1082
1740775450209 0.015248779514804483 1083
1740775453500 0.013634397541172802 1084
1740775456698 0.008696514992043375 1085
1740775460013 0.013902408992871642 1086
1740775463164 0.014420882500708103 1087
1740775466629 0.018397705079987645 1088
1740775470306 0.01493185319006443 1089
1740775473537 0.015178885906934739 1090
1740775476572 0.01598038721829653 1091
1740775479785 0.01394119082018733 1092
1740775483159 0.015656856046989562 1093
1740775486834 0.012652260269969701 1094
1740775490165 0.021391289476305246 1095
1740775493318 0.013958676559850574 1096
1740775496755 0.014414306646212936 1097
1740775499882 0.012587053952738642 1098
1740775502973 0.02029941849410534 1099
1740775506096 0.015778846712782978 1100
1740775509349 0.016548601817339657 1101
1740775512804 0.011349812718108296 1102
1740775516175 0.010547949671745301 1103
1740775519481 0.009908632077276706 1104
1740775522845 0.017795726247131823 1105
1740775525968 0.01639202531427145 1106
1740775529551 0.016389897279441356 1107
1740775532596 0.013490714924409985 1108
1740775535903 0.01661808542907238 1109
1740775539130 0.009776205504313112 1110
1740775542372 0.00976821955293417 1111
1740775545522 0.018293549828231333 1112
1740775548716 0.00874836633913219 1113
1740775551773 0.011486058123409748 1114
1740775554802 0.015016378108412028 1115
1740775557965 0.008656366979703307 1116
1740775561115 0.014904907243326306 1117
1740775564543 0.014192655617371201 1118
1740775567764 0.013334719892591239 1119
1740775570938 0.015288892025128007 1120
1740775574086 0.016883462630212308 1121
1740775577303 0.015519547890871763 1122
1740775580418 0.014749477691948414 1123
1740775583448 0.012727145422250032 1124
1740775586742 0.015222685802727938 1125
1740775589823 0.01453153151087463 1126
1740775593167 0.010856506321579218 1127
1740775596353 0.013505162550136446 1128
1740775599622 0.01362530660815537 1129
1740775602754 0.011458168067038059 1130
1740775605922 0.012784277349710464 1131
1740775609136 0.018432441521435975 1132
1740775612216 0.013508457029238342 1133
1740775615498 0.013663539998233318 1134
1740775619162 0.012938606878742575 1135
1740775622987 0.019523516930639744 1136
1740775626124 0.016070537697523833 1137
1740775629337 0.015715606082230806 1138
1740775632627 0.016829737573862077 1139
1740775635761 0.016513076117262243 1140
1740775639090 0.011836212603375315 1141
1740775642055 0.018449833719059824 1142
1740775645367 0.01868909202516079 1143
1740775649360 0.01604921182617545 1144
1740775652515 0.017632569624111055 1145
1740775655570 0.01729963442310691 1146
1740775658975 0.01606327686458826 1147
1740775662410 0.013765834392979742 1148
1740775665806 0.01957150866277516 1149
1740775669041 0.01993563923984766 1150
1740775672025 0.016053384924307464 1151
1740775675307 0.016175261074677108 1152
1740775678617 0.013978097718209029 1153
1740775681992 0.018590147411450743 1154
1740775685454 0.026632856763899326 1155
1740775688800 0.01790404693223536 1156
1740775692310 0.018482600301504136 1157
1740775696046 0.02357403081841767 1158
1740775699281 0.026357692927122117 1159
1740775702395 0.020692488607019187 1160
1740775705767 0.020076446421444415 1161
1740775709216 0.025494399666786193 1162
1740775712711 0.017551259705796837 1163
1740775715875 0.02102635696530342 1164
1740775719074 0.01571810506284237 1165
1740775722692 0.020678009102120996 1166
1740775725906 0.01607587993144989 1167
1740775729001 0.017645212411880492 1168
1740775732594 0.01792259220033884 1169
1740775736168 0.013288348764181137 1170
1740775739519 0.023800549134612083 1171
1740775742667 0.016834419025108217 1172
1740775746438 0.017352363234385847 1173
1740775749964 0.015222447458654642 1174
1740775753557 0.012677938658744097 1175
1740775756662 0.019058945076540112 1176
1740775760132 0.023684090506285428 1177
1740775763300 0.017162883123382926 1178
1740775766577 0.022140061017125845 1179
1740775769645 0.016115352949127554 1180
1740775772866 0.016989018181338907 1181
1740775775943 0.01972513020038605 1182
1740775779086 0.014532532216981054 1183
1740775782213 0.021224169358611107 1184
1740775785423 0.015821482921019196 1185
1740775788849 0.02352361859753728 1186
1740775791942 0.024468676168471575 1187
1740775795199 0.023736534621566534 1188
1740775798797 0.01422831960953772 1189
1740775801817 0.013827778790146112 1190
1740775805010 0.018709842320531606 1191
1740775808098 0.017091796211898328 1192
1740775811547 0.02063394518569112 1193
1740775815347 0.016203721575438975 1194
1740775818750 0.0164100431650877 1195
1740775821985 0.01514392539858818 1196
1740775825267 0.012969148494303227 1197
1740775828801 0.014171592043712735 1198
1740775831873 0.016904650926589965 1199
1740775835167 0.017120629269629716 1200
1740775838253 0.017601099144667388 1201
1740775841481 0.02237209465354681 1202
1740775844753 0.0187561599817127 1203
1740775847757 0.013499540742486715 1204
1740775850843 0.023719636956229806 1205
1740775854061 0.01784078017808497 1206
1740775857478 0.01594822027720511 1207
1740775860701 0.017310682870447635 1208
1740775863928 0.02071339813992381 1209
1740775866921 0.017721913047134875 1210
1740775870211 0.01705660402774811 1211
1740775873454 0.0169079253077507 1212
1740775876938 0.0183408906403929 1213
1740775879889 0.016745731057599186 1214
1740775883396 0.013099307110533118 1215
1740775886955 0.01804544199258089 1216
1740775890077 0.02043174857273698 1217
1740775893242 0.018527311002835632 1218
1740775896842 0.015042606871575118 1219
1740775900550 0.013449571663513779 1220
1740775903857 0.024105121307075025 1221
1740775907046 0.016428529806435107 1222
1740775910698 0.015675945160910486 1223
1740775913846 0.015787306260317564 1224
1740775917127 0.013508058097213506 1225
1740775920216 0.01755568874999881 1226
1740775923295 0.01609040199778974 1227
1740775926542 0.011393903689458966 1228
1740775929620 0.01942839759401977 1229
1740775932687 0.011850216537714004 1230
1740775933298 0.009897863492369652 1231
1740775936590 0.014868654850870371 1232
1740775939946 0.016470574736595155 1233
1740775942919 0.014759688992053271 1234
1740775946436 0.015465736901387573 1235
1740775949709 0.015057920701801777 1236
1740775952954 0.01600805027410388 1237
1740775956010 0.013151471223682164 1238
1740775959094 0.015099935345351695 1239
1740775962251 0.02113841734826565 1240
1740775965361 0.01162837715819478 1241
1740775968576 0.015281055672094226 1242
1740775971873 0.017106723384931685 1243
1740775974999 0.009380518104881047 1244
1740775978269 0.01705051714554429 1245
1740775981614 0.009873294001445175 1246
1740775984766 0.013406120780855417 1247
1740775987751 0.014672815268859267 1248
1740775990736 0.010259665763005615 1249
1740775994185 0.012129295468330383 1250
1740775997436 0.016148659866303205 1251
1740776000522 0.014945462048053741 1252
1740776003629 0.014518411550670862 1253
1740776006906 0.012606803011149168 1254
1740776010149 0.014334788722917437 1255
1740776013317 0.012360362764447928 1256
1740776016782 0.011452986327931285 1257
1740776020211 0.013351951101794839 1258
1740776023582 0.012522276043891906 1259
1740776026800 0.010302472030743956 1260
1740776029833 0.014620202435180545 1261
1740776033627 0.009430739134550094 1262
1740776034537 0.013876790491243204 1263
1740776037754 0.012628064686432482 1264
1740776040898 0.012148806871846319 1265
1740776043961 0.014849265879020095 1266
1740776047420 0.01224380268715322 1267
1740776050932 0.017120286310091614 1268
1740776054043 0.01846341815777123 1269
1740776057141 0.007826350824907423 1270
1740776060575 0.014554909281432628 1271
1740776063720 0.011734552811831236 1272
1740776066940 0.014066809071227909 1273
1740776070117 0.009006663579493762 1274
1740776073284 0.011769501813687385 1275
1740776077122 0.009165189983323217 1276
1740776080655 0.011551709724590182 1277
1740776083829 0.008897700998932122 1278
1740776086843 0.011996306693181396 1279
1740776089981 0.008844192083925008 1280
1740776093754 0.00919922641478479 1281
1740776097136 0.00856789831072092 1282
1740776100194 0.012768667377531528 1283
1740776103176 0.007133052102290094 1284
1740776106690 0.00874939739704132 1285
1740776111603 0.00848171439487487 1286
1740776114919 0.010029183709993958 1287
1740776118333 0.01236779403872788 1288
1740776121989 0.010382311111316085 1289
1740776125584 0.010385657623410226 1290
1740776128766 0.010882629221305251 1291
1740776131764 0.010243397671729326 1292
1740776134947 0.01085887533146888 1293
1740776138018 0.013127077287063003 1294
1740776141319 0.009163446789607406 1295
1740776144624 0.01000875218771398 1296
1740776147634 0.008788274289108812 1297
1740776150660 0.011897675497457384 1298
1740776153959 0.011235109129920602 1299
1740776157625 0.01039656464010477 1300
1740776160729 0.017132987333461643 1301
1740776164060 0.014043794190511107 1302
1740776167717 0.015427757492288948 1303
1740776171378 0.010883582942187785 1304
1740776174512 0.014993587201461196 1305
1740776177836 0.011920021041296422 1306
1740776181338 0.013454804327338934 1307
1740776184821 0.01749008092097938 1308
1740776188044 0.010887770159170031 1309
1740776191215 0.014211472915485501 1310
1740776194335 0.008307315455749632 1311
1740776198064 0.01249421645887196 1312
1740776201276 0.01672596435062587 1313
1740776204354 0.008861142070963978 1314
1740776207581 0.011001009484753013 1315
1740776210946 0.01157422250136733 1316
1740776214442 0.010820079166442155 1317
1740776217772 0.009960209461860358 1318
1740776220856 0.01620662429369986 1319
1740776224135 0.018312544906511904 1320
1740776227861 0.012208781559020282 1321
1740776231065 0.01293099177069962 1322
1740776234436 0.016359440218657255 1323
1740776237539 0.013049318240955472 1324
1740776241254 0.017664000568911434 1325
1740776244901 0.015972863864153624 1326
1740776248396 0.016527185952290892 1327
1740776251673 0.017424548547714948 1328
1740776255115 0.01214988029561937 1329
1740776258116 0.013225625054910779 1330
1740776261355 0.008531838478520513 1331
1740776264492 0.014181133955717087 1332
1740776267548 0.020055613378062845 1333
1740776270733 0.014242388932034373 1334
1740776273751 0.013959334501996636 1335
1740776277093 0.016544952574186027 1336
1740776280218 0.012617990225553512 1337
1740776283416 0.015063747544772924 1338
1740776287186 0.008777941251173616 1339
1740776290818 0.013337197988294065 1340
1740776294243 0.013416356733068823 1341
1740776297340 0.019210712425410746 1342
1740776300670 0.017075589690357447 1343
1740776303909 0.009364956663921476 1344
1740776307434 0.009316758112981915 1345
1740776310524 0.016298127938061954 1346
1740776313682 0.009021730357781053 1347
1740776316876 0.018536424338817595 1348
1740776320500 0.01887549202889204 1349
1740776323715 0.017336759166792035 1350
1740776326978 0.01649137869477272 1351
1740776330169 0.01703673685900867 1352
1740776333331 0.013078487850725651 1353
1740776336545 0.016019500475376845 1354
1740776339734 0.015446089608594775 1355
1740776343193 0.011822794564068317 1356
1740776346664 0.01472232474014163 1357
1740776350044 0.016455657798796892 1358
1740776353315 0.014803866855800152 1359
1740776356920 0.015373759120702744 1360
1740776360644 0.01405402896925807 1361
1740776363974 0.01759806428104639 1362
1740776367244 0.01315824145451188 1363
1740776370532 0.011849954165518284 1364
1740776373937 0.015435845693573355 1365
1740776377071 0.021650491524487735 1366
1740776380099 0.014089073399081825 1367
1740776383472 0.01640748919919133 1368
1740776386585 0.013332487875595688 1369
1740776389890 0.025491757076233624 1370
1740776392864 0.02575681533664465 1371
1740776395962 0.016335775926709175 1372
1740776399219 0.014196285540238022 1373
1740776402320 0.021004005754366516 1374
1740776405582 0.01973170779645443 1375
1740776408657 0.013343837861903012 1376
1740776411763 0.014907744666561484 1377
1740776414956 0.018424305422231554 1378
1740776418015 0.017979651913046835 1379
1740776421048 0.019862158242613077 1380
1740776424366 0.014287858582101763 1381
1740776427930 0.011899222750216723 1382
1740776431594 0.019356979783624412 1383
1740776434976 0.01387887646444142 1384
1740776437937 0.013550627585500479 1385
1740776441591 0.01377063013613224 1386
1740776444786 0.0114151519164443 1387
1740776447851 0.01345924623310566 1388
1740776450871 0.012884574886411428 1389
1740776453837 0.017040071049705147 1390
1740776457055 0.009085767520591616 1391
1740776460175 0.0124007030390203 1392
1740776463353 0.010670826761052013 1393
1740776466532 0.013243510378524661 1394
1740776469485 0.006549497349187732 1395
1740776473064 0.01598001348786056 1396
1740776476132 0.011406209073029458 1397
1740776479245 0.012316066445782781 1398
1740776483037 0.015418353015556932 1399
1740776486699 0.014560527568683028 1400
1740776489770 0.017148122508078813 1401
1740776492746 0.010096756778657436 1402
1740776496289 0.011492277593351901 1403
1740776499360 0.015284063778817653 1404
1740776502657 0.014172634081915022 1405
1740776505929 0.009827520595863462 1406
1740776509156 0.012911016219295562 1407
1740776512880 0.012044348120689392 1408
1740776516019 0.014198447819799185 1409
1740776519296 0.0187280924199149 1410
1740776522622 0.015095622036606074 1411
1740776526010 0.01115771047770977 1412
1740776529266 0.012879124991595745 1413
1740776532544 0.013824434806592763 1414
1740776535744 0.01657051301561296 1415
1740776538917 0.013890838269144296 1416
1740776542491 0.010450024642050266 1417
1740776545855 0.011321779983118176 1418
1740776549082 0.014528904864564538 1419
1740776552123 0.014245950561016798 1420
1740776555733 0.009388125408440829 1421
1740776559500 0.01040615612640977 1422
1740776562764 0.01663194512948394 1423
1740776566035 0.0067505809571594 1424
1740776569462 0.010173687310889364 1425
1740776572605 0.010891843689605593 1426
1740776576022 0.012864088150672614 1427
1740776579332 0.015793308992870153 1428
1740776582348 0.014694209266453982 1429
1740776585636 0.010801886590197683 1430
1740776589213 0.012756668850779534 1431
1740776592417 0.016248518628999592 1432
1740776595628 0.010501855029724538 1433
1740776599278 0.011394616682082415 1434
1740776602811 0.014504233449697495 1435
1740776606110 0.014346773810684681 1436
1740776609536 0.011931171799078584 1437
1740776613364 0.00968898706138134 1438
1740776616627 0.01128561595454812 1439
1740776619663 0.010061717946082354 1440
1740776623231 0.009987705037929118 1441
1740776626877 0.010984102468937636 1442
1740776629919 0.013340024715289474 1443
1740776633228 0.015883343452587725 1444
1740776636311 0.014429965638555586 1445
1740776639530 0.011740149660035969 1446
1740776642762 0.013811800954863429 1447
1740776645841 0.01781616807449609 1448
1740776649204 0.015359245343133807 1449
1740776653240 0.012883661277592183 1450
1740776656330 0.01705358470790088 1451
1740776659345 0.01308364189695567 1452
1740776662786 0.013553091110661625 1453
1740776665940 0.007067922675050795 1454
1740776669239 0.013900542482733726 1455
1740776669885 0.0 1456
1740776673109 0.012367071411572396 1457
1740776676196 0.014593481319025159 1458
1740776679790 0.01952519143000245 1459
1740776683663 0.011674885088577867 1460
1740776687028 0.013577821953222156 1461
1740776690178 0.010723660725634545 1462
1740776693917 0.010918491827324033 1463
1740776697041 0.011382118230685592 1464
1740776700129 0.009819703190587462 1465
1740776703367 0.011311496226117015 1466
1740776706583 0.010241239666938781 1467
1740776709733 0.010624114158563316 1468
1740776713032 0.007848627427592873 1469
1740776716358 0.013110259140376002 1470
1740776719806 0.013626593993976713 1471
1740776723061 0.012288569901138545 1472
1740776726153 0.01391738347709179 1473
1740776729834 0.014052765080705285 1474
1740776733038 0.019105384023860097 1475
1740776736173 0.011786095998249948 1476
1740776739314 0.01427456854376942 1477
1740776742680 0.01397587327286601 1478
1740776745883 0.014028082098811866 1479
1740776749215 0.011474052462726831 1480
1740776752828 0.017635508137755097 1481
1740776756441 0.012994700912386178 1482
1740776759881 0.014307978274300694 1483
1740776763089 0.01276036286726594 1484
1740776766245 0.012066884022206069 1485
1740776769528 0.016265633087605237 1486
1740776773437 0.017551954258233308 1487
1740776776902 0.009976707454770804 1488
1740776780524 0.014420016547665 1489
1740776783719 0.010924453516490757 1490
1740776787435 0.012025666972622275 1491
1740776790755 0.00852837718091905 1492
1740776794190 0.013187573407776654 1493
1740776798077 0.019191819066181778 1494
1740776801885 0.01686610666103661 1495
1740776805054 0.016582662286236883 1496
1740776808162 0.009434159686788917 1497
1740776811654 0.01536191110033542 1498
1740776815568 0.014087319942191243 1499
1740776818964 0.015351315531879663 1500
1740776822351 0.01318666646257043 1501
1740776825499 0.0100563894957304 1502
1740776829178 0.011241979924961924 1503
1740776832418 0.014604104622267187 1504
1740776835650 0.0158814060036093 1505
1740776839045 0.012980685466900468 1506
1740776842986 0.014193378575146198 1507
1740776846114 0.01423748416826129 1508
1740776849475 0.018552570175379514 1509
1740776852680 0.014116928474977612 1510
1740776856166 0.010455321157351136 1511
1740776859657 0.018531429590657355 1512
1740776863115 0.01475464270915836 1513
1740776866725 0.0139460230153054 1514
1740776869869 0.01414296762086451 1515
1740776873085 0.01472822321113199 1516
1740776876239 0.016623266162350773 1517
1740776879575 0.018944147508591413 1518
1740776883058 0.016515227546915413 1519
1740776886283 0.017619189750403167 1520
1740776889377 0.012864899830892682 1521
1740776892510 0.01641526274383068 1522
1740776895750 0.01574907564558089 1523
1740776899078 0.013501692442223429 1524
1740776902579 0.018033701395615935 1525
1740776906199 0.015231369147077203 1526
1740776909436 0.011794043695554137 1527
1740776913053 0.014820373430848122 1528
1740776916747 0.015331487199291586 1529
1740776920295 0.015652112709358335 1530
1740776923875 0.014663190171122551 1531
1740776927346 0.014858913281932474 1532
1740776930985 0.015064639793708921 1533
1740776934379 0.014434446282684803 1534
1740776937843 0.019119002101942898 1535
1740776941084 0.013357703238725663 1536
1740776944970 0.014226500922814012 1537
1740776948675 0.015723510328680277 1538
1740776952057 0.010232337871566416 1539
1740776955281 0.01649896429851651 1540
1740776958831 0.018210782576352356 1541
1740776961918 0.011979399444535375 1542
1740776965056 0.015273636104539037 1543
1740776968595 0.015000228006392717 1544
1740776972042 0.01741787889972329 1545
1740776975228 0.010887563852593303 1546
1740776978557 0.01647685970645398 1547
1740776982173 0.016142801716923713 1548
1740776985582 0.017915123272687197 1549
1740776988933 0.012272090502083301 1550
1740776992024 0.016312177879735826 1551
1740776995110 0.014669446046464146 1552
1740776998619 0.012808982972055674 1553
1740777001915 0.01352389853913337 1554
1740777005021 0.013226280128583312 1555
1740777008547 0.013094013072550297 1556
1740777012289 0.01920681219547987 1557
1740777015511 0.014698075922206044 1558
1740777018766 0.010065508019179105 1559
1740777022078 0.015280192401260138 1560
1740777025288 0.01394810383208096 1561
1740777028792 0.009555263286456466 1562
1740777032390 0.015878123650327324 1563
1740777035715 0.012082163020968437 1564
1740777039082 0.013782203514128923 1565
1740777042381 0.01259965849108994 1566
1740777045640 0.010750849479809404 1567
1740777049007 0.015060170730575919 1568
1740777049571 0.04075024276971817 1569
1740777052815 0.021137974467128517 1570
1740777056059 0.013419837784022092 1571
1740777059300 0.017534507308155298 1572
1740777062725 0.016848904630169272 1573
1740777065848 0.014378270069137215 1574
1740777069759 0.020055139753967523 1575
1740777073361 0.014754116516560317 1576
1740777076595 0.01351880831643939 1577
1740777079770 0.016628967691212894 1578
1740777083514 0.01577558446675539 1579
1740777087429 0.01116795073263347 1580
1740777090625 0.013013152088969946 1581
1740777093956 0.011468685790896415 1582
1740777097687 0.014637155104428529 1583
1740777101051 0.015429368475452065 1584
1740777104190 0.01432844130322337 1585
1740777107521 0.011994330789893865 1586
1740777110960 0.012874017767608166 1587
1740777114346 0.020255989925935865 1588
1740777117790 0.022320959698408843 1589
1740777121221 0.016377527164295316 1590
1740777124454 0.010764536559581756 1591
1740777127912 0.008931612567976118 1592
1740777131194 0.016185063421726226 1593
1740777135011 0.019128009472042323 1594
1740777138385 0.015728298434987666 1595
1740777141800 0.016780209736898543 1596
1740777145177 0.016138223176822068 1597
1740777148492 0.013346313647925854 1598
1740777151792 0.01172116986475885 1599
1740777155400 0.015756039042025806 1600
1740777159090 0.01577251121401787 1601
1740777162737 0.011128241615369915 1602
1740777165954 0.010858333716169 1603
1740777169079 0.014219494303688407 1604
1740777172771 0.017019313499331473 1605
1740777176233 0.015018844287842512 1606
1740777179867 0.01117405500728637 1607
1740777183029 0.016862832102924587 1608
1740777186341 0.012275211745873094 1609
1740777189678 0.01309058500919491 1610
1740777193057 0.017884201761335136 1611
1740777196905 0.017076252894476056 1612
1740777200791 0.009525256981141865 1613
1740777204134 0.01738642970100045 1614
1740777207736 0.01439246118068695 1615
1740777211269 0.015787198450416328 1616
1740777214447 0.020035053323954343 1617
1740777217890 0.02169006323441863 1618
1740777221413 0.012502133939415216 1619
1740777225075 0.013801954593509436 1620
1740777228558 0.01978936931118369 1621
1740777231788 0.014919165223836899 1622
1740777235138 0.018683301554992794 1623
1740777238836 0.014511791989207268 1624
1740777242372 0.020838020914234222 1625
1740777246137 0.015164753030985594 1626
1740777249929 0.012454072833061219 1627
1740777253706 0.012140709916129708 1628
1740777257167 0.013136385949328542 1629
1740777261099 0.014890359845012427 1630
1740777264943 0.01783050456084311 1631
1740777268615 0.01763911680318415 1632
1740777272357 0.015592869371175766 1633
1740777275594 0.014418761888518929 1634
1740777279010 0.007316477485001087 1635
1740777282497 0.018386739641427993 1636
1740777286023 0.012759625567123295 1637
1740777289155 0.014375407276675104 1638
1740777292270 0.01571154204197228 1639
1740777295453 0.020583860268816354 1640
1740777298924 0.014026618814095854 1641
1740777302278 0.014261754699982703 1642
1740777305356 0.01460477575659752 1643
1740777309053 0.015514417374506593 1644
1740777312255 0.014329484906047582 1645
1740777315754 0.010632229689508676 1646
1740777318899 0.013288379963487387 1647
1740777322098 0.01056951643899083 1648
1740777325144 0.01402140183839947 1649
1740777328634 0.012496605552732944 1650
1740777332567 0.019637290192767977 1651
1740777335605 0.016270135808736087 1652
1740777338896 0.016334054013714194 1653
1740777342574 0.017650045454502106 1654
1740777345994 0.013468687795102597 1655
1740777349443 0.013370384015142917 1656
1740777353027 0.0145744426548481 1657
1740777356623 0.013118634470738471 1658
1740777359872 0.016165925227105617 1659
1740777363303 0.01899076709523797 1660
1740777366865 0.01415861858986318 1661
1740777370119 0.015613730615004897 1662
1740777373574 0.011572662200778723 1663
1740777376858 0.016880952548235656 1664
1740777380381 0.011238528750836849 1665
1740777383888 0.007053792113438249 1666
1740777387208 0.011342569664120674 1667
1740777390505 0.017690618932247163 1668
1740777394522 0.018671347382478415 1669
1740777398233 0.009807133758440613 1670
1740777401337 0.014066852983087302 1671
1740777404938 0.008178035300225019 1672
1740777408340 0.007988459095358849 1673
1740777412103 0.008938572201877833 1674
1740777415271 0.017172394352965057 1675
1740777418726 0.009814800987951457 1676
1740777421972 0.010317842266522348 1677
1740777425188 0.010730428854003549 1678
1740777428674 0.010652238726615906 1679
1740777432178 0.01138334505725652 1680
1740777436103 0.012309427000582218 1681
1740777439717 0.009389006118290126 1682
1740777443384 0.010535876555368305 1683
1740777447084 0.012763517806306482 1684
1740777450444 0.0126430778298527 1685
1740777453530 0.014268794413655996 1686
1740777457127 0.01163797668647021 1687
1740777460921 0.014961105925031006 1688
1740777464154 0.016313822092488408 1689
1740777467442 0.0062902662623673675 1690
1740777470533 0.011474872389808297 1691
1740777474184 0.01182119568809867 1692
1740777477636 0.012157814060337842 1693
1740777481310 0.008772684717550874 1694
1740777484992 0.007364540258422494 1695
1740777488327 0.0158009926835075 1696
1740777491654 0.008020135308615863 1697
1740777495398 0.014351370851509273 1698
1740777498667 0.0110390208568424 1699
1740777502465 0.00908583632670343 1700
1740777505789 0.013187621147371828 1701
1740777509428 0.011470803190022708 1702
1740777513192 0.009839040655642749 1703
1740777517053 0.011026661521755158 1704
1740777520566 0.010256033618934452 1705
1740777524529 0.010363865015096962 1706
1740777528284 0.010896729943342507 1707
1740777531435 0.011540870512835682 1708
1740777534603 0.007180255614221096 1709
1740777538205 0.015016212658956647 1710
1740777541721 0.009750802172347903 1711
1740777544903 0.012710611089132726 1712
1740777548264 0.011802002605982125 1713
1740777551736 0.011460928693413735 1714
1740777554827 0.011698162015527487 1715
1740777558069 0.01496697067283094 1716
1740777561140 0.010087938811630011 1717
1740777564333 0.014731262475252152 1718
1740777568146 0.010788475973531603 1719
1740777571793 0.018339397963136436 1720
1740777574900 0.012508793980814517 1721
1740777577996 0.01336041470989585 1722
1740777582001 0.01237823008093983 1723
1740777585530 0.013776121838018298 1724
1740777588762 0.010039894431829453 1725
1740777591792 0.0148052363935858 1726
1740777595511 0.009540011193603277 1727
1740777598701 0.009815934877842665 1728
1740777601810 0.012503770091570913 1729
1740777605092 0.013702068468555808 1730
1740777608487 0.016799458796158434 1731
1740777612192 0.014145718906074762 1732
1740777615398 0.021125025181099773 1733
1740777618521 0.01574618589133024 1734
1740777621710 0.012717742654494942 1735
1740777624865 0.01666890036314726 1736
1740777628679 0.01203770209569484 1737
1740777631985 0.011450670920312404 1738
1740777635276 0.011975478045642377 1739
1740777638761 0.011020070500671863 1740
1740777642268 0.013538817716762424 1741
1740777645415 0.014309224095195533 1742
1740777648696 0.010371437007561326 1743
1740777651859 0.010821110722608863 1744
1740777655202 0.012666186913847924 1745
1740777658352 0.018902428448200226 1746
1740777661663 0.00861642586067319 1747
1740777665046 0.009379989202134311 1748
1740777668364 0.01117933476343751 1749
1740777671726 0.010998339811339974 1750
1740777675024 0.01262136297300458 1751
1740777678225 0.016312935361638664 1752
1740777681683 0.0099244203325361 1753
1740777684760 0.011043805438093841 1754
1740777688046 0.011810508868657053 1755
1740777691335 0.015980937466956675 1756
1740777694678 0.011884473077952862 1757
1740777698059 0.01778948853723705 1758
1740777701352 0.009675466595217586 1759
1740777704762 0.00992543214932084 1760
1740777707832 0.011790689998306333 1761
1740777711629 0.007175060156732797 1762
1740777714734 0.017797004757449032 1763
1740777718304 0.013519493602216244 1764
1740777721398 0.009859200725331902 1765
1740777724749 0.009767617718316614 1766
1740777728162 0.011370294950902462 1767
1740777732053 0.014195196637883782 1768
1740777735726 0.010981105882674456 1769
1740777739642 0.016592335011810063 1770
1740777743353 0.021834585098549724 1771
1740777746504 0.01462544396519661 1772
1740777750298 0.012787876562215387 1773
1740777753742 0.01643042387906462 1774
1740777757473 0.012363661974668504 1775
1740777761249 0.014309080420061945 1776
1740777764736 0.011512381983920931 1777
1740777768085 0.011483859242871404 1778
1740777771483 0.014196527628228069 1779
1740777774953 0.012755644274875522 1780
1740777778701 0.0151169118238613 1781
1740777782111 0.013119431184604765 1782
1740777785424 0.011862601190805434 1783
1740777788760 0.013801885964348913 1784
1740777791862 0.012348203975707293 1785
1740777795209 0.013937153518199921 1786
1740777798686 0.015217915214598178 1787
1740777802070 0.014107978716492654 1788
1740777805529 0.014301666626706719 1789
1740777808867 0.009345170627348125 1790
1740777812298 0.013161914329975844 1791
1740777815727 0.01798711482435465 1792
1740777819084 0.010044253710657359 1793
1740777822578 0.014979384047910571 1794
1740777826210 0.012980495858937503 1795
1740777829632 0.017780317747965454 1796
1740777833520 0.01743511576205492 1797
1740777836790 0.01496335090138018 1798
1740777840827 0.014221023609861732 1799
1740777844428 0.01583554910495877 1800
1740777848846 0.016246530041098595 1801
1740777852669 0.01835694584995508 1802
1740777856049 0.021890889033675195 1803
1740777859193 0.01693091223016381 1804
1740777862913 0.0128460827562958 1805
1740777866370 0.014559861477464438 1806
1740777870102 0.017502954937517645 1807
1740777873732 0.010262108612805606 1808
1740777877308 0.01439981893170625 1809
1740777880374 0.015197635903023183 1810
1740777883996 0.014143026173114777 1811
1740777888050 0.01326390640810132 1812
1740777891570 0.017162770396098495 1813
1740777895229 0.01941397781483829 1814
1740777899012 0.016488670175895094 1815
1740777902798 0.011855082018300891 1816
1740777906034 0.012897603949531912 1817
1740777909354 0.012983373291790485 1818
1740777912814 0.012866893587633967 1819
1740777916726 0.014616560265421867 1820
1740777920264 0.009978597909212112 1821
1740777923587 0.01896643590182066 1822
1740777926972 0.015037018237635494 1823
1740777930824 0.014035886591300369 1824
1740777934640 0.013903137212619186 1825
1740777938440 0.022496947562322022 1826
1740777941983 0.017848390927538274 1827
1740777945806 0.01978790508583188 1828
1740777949015 0.016300941277295353 1829
1740777952738 0.01848632954992354 1830
1740777956321 0.01677846781909466 1831
1740777959890 0.015425275834277273 1832
1740777963266 0.013257284555584193 1833
1740777966697 0.014292469583451747 1834
1740777970107 0.014967246064916253 1835
1740777973482 0.014247119687497615 1836
1740777977181 0.013872473896481097 1837
1740777980899 0.011841026023030282 1838
1740777984370 0.012093052184209228 1839
1740777987627 0.013976222244091332 1840
1740777991260 0.016272790832445025 1841
1740777994601 0.01794383315369487 1842
1740777998115 0.013565671956166625 1843
1740778001536 0.015808270173147322 1844
1740778005214 0.014619952775537967 1845
1740778009131 0.01433230389840901 1846
1740778012552 0.01581298775039613 1847
1740778015822 0.01631934125907719 1848
1740778019488 0.01654818150214851 1849
1740778022870 0.009195206863805651 1850
1740778026232 0.013280546190217138 1851
1740778029503 0.017420958895236253 1852
1740778032998 0.013358264034613966 1853
1740778036201 0.014474498694762588 1854
1740778039312 0.016896439269185066 1855
1740778043124 0.01258054418489337 1856
1740778046897 0.01317386656999588 1857
1740778050509 0.015249019172042608 1858
1740778053737 0.01917101795785129 1859
1740778057274 0.013902004333212972 1860
1740778060992 0.015818392653018237 1861
1740778064843 0.015213777972385288 1862
1740778068697 0.009531459780409932 1863
1740778072613 0.01730638255365193 1864
1740778075724 0.015983063802123068 1865
1740778079388 0.013165322244167327 1866
1740778082909 0.010879610986448825 1867
1740778086755 0.013695825878530741 1868
1740778090480 0.01019035056233406 1869
1740778093913 0.015350324008613825 1870
1740778097669 0.012305404525250196 1871
1740778101358 0.013958324547857046 1872
1740778104957 0.016953162755817174 1873
1740778108678 0.015257210647687315 1874
1740778112386 0.012228572499006987 1875
1740778115580 0.017225489644333722 1876
1740778119320 0.01425047369673848 1877
1740778122550 0.013985475711524486 1878
1740778126254 0.01491124469321221 1879
1740778129668 0.014795204214751721 1880
1740778133033 0.015810721050947905 1881
1740778136310 0.010471582901664079 1882
1740778139753 0.0146532878652215 1883
1740778142861 0.011078203781507909 1884
1740778146059 0.013396292179822921 1885
1740778149203 0.01118565721437335 1886
1740778152757 0.0127633273974061 1887
1740778156389 0.011062717377208174 1888
1740778159773 0.0156592383608222 1889
1740778162989 0.010311996452510358 1890
1740778166269 0.01014571500942111 1891
1740778169935 0.022246960257180034 1892
1740778173903 0.020792942829430103 1893
1740778177188 0.013823145637288689 1894
1740778180448 0.009694945164956153 1895
1740778184067 0.019428355265408755 1896
1740778187761 0.014829823961481452 1897
1740778191202 0.010865594642236829 1898
1740778194623 0.016599580883048474 1899
1740778197771 0.013804567055776715 1900
1740778201404 0.016974799185991287 1901
1740778205226 0.011948298644274474 1902
1740778208295 0.011621844237670303 1903
1740778211609 0.01277534831315279 1904
1740778215489 0.01301156809553504 1905
1740778219464 0.012228765203617513 1906
1740778222677 0.014361035567708314 1907
1740778226096 0.010502212839201093 1908
1740778229723 0.012706568948924541 1909
1740778233507 0.006788548165932298 1910
1740778236884 0.009773371941410005 1911
1740778240476 0.00789508129004389 1912
1740778244017 0.015678793294355273 1913
1740778247562 0.014907358065247536 1914
1740778251583 0.010354291396215558 1915
1740778254694 0.01527278820052743 1916
1740778257986 0.00911579655483365 1917
1740778261753 0.009843831909820437 1918
1740778264886 0.009396531493403018 1919
1740778267933 0.017252561300992966 1920
1740778271209 0.008661274067126214 1921
1740778274590 0.015940650450065732 1922
1740778277856 0.008560771602205933 1923
1740778281332 0.01023680180311203 1924
1740778284391 0.010666512660682201 1925
1740778287626 0.008795818956568837 1926
1740778291405 0.005335012674331665 1927
1740778294479 0.013920856723561883 1928
1740778297806 0.008260187688283622 1929
1740778301276 0.013844197033904493 1930
1740778305243 0.01077851142268628 1931
1740778308998 0.007478055194951594 1932
1740778312229 0.012350073563866318 1933
1740778315463 0.01806720953900367 1934
1740778318929 0.011007495583035052 1935
1740778322297 0.01272256369702518 1936
1740778325529 0.013289077426306903 1937
1740778328555 0.020561472875997425 1938
1740778331615 0.02015991202555597 1939
1740778334885 0.02142727257683873 1940
1740778338069 0.010753908520564437 1941
1740778341373 0.016387549228966236 1942
1740778344704 0.020932273538783193 1943
1740778348129 0.02327908493578434 1944
1740778351426 0.01733832195401192 1945
1740778354894 0.017712165601551533 1946
1740778358119 0.015483894292265177 1947
1740778361332 0.020824416354298592 1948
1740778364964 0.023252688460052014 1949
1740778368230 0.01841429799795151 1950
1740778371350 0.016582803204655647 1951
1740778374557 0.015673717251047492 1952
1740778377778 0.02358490933664143 1953
1740778381549 0.018769398257136347 1954
1740778385028 0.019896872956305742 1955
1740778388394 0.018813945287838578 1956
1740778391647 0.01575944506563246 1957
1740778395285 0.018258700110018254 1958
1740778398556 0.011966283163055778 1959
1740778401635 0.016235508630052208 1960
1740778404886 0.014194985935464501 1961
1740778408276 0.012389599494636059 1962
1740778412125 0.018570673549547792 1963
1740778415652 0.028358851224184037 1964
1740778418778 0.019330247351899744 1965
1740778421951 0.021047602314502 1966
1740778425684 0.017787600522860884 1967
1740778428981 0.017747998535633087 1968
1740778432133 0.02474047491326928 1969
1740778435346 0.02163525512441993 1970
1740778438663 0.015815430120564997 1971
1740778442075 0.017118268562480807 1972
1740778445323 0.01887208624742925 1973
1740778448810 0.020654478529468178 1974
1740778452305 0.022576007628813385 1975
1740778455553 0.01350171234458685 1976
1740778458769 0.020134424176067114 1977
1740778462207 0.016168035259470345 1978
1740778465403 0.018041166169568898 1979
1740778468866 0.014509506500326097 1980
1740778472023 0.017438442213460803 1981
1740778475330 0.016196655537933112 1982
1740778478778 0.016976582799106837 1983
1740778482096 0.016337402602657675 1984
1740778485399 0.020659604594111442 1985
1740778488555 0.017377641210332515 1986
1740778491966 0.019577034786343574 1987
1740778495538 0.016646674070507288 1988
1740778498017 0.02116505036246963 1989
1740778501770 0.023517580218613148 1990
1740778505023 0.01771982729434967 1991
1740778508154 0.02657621989957988 1992
1740778511193 0.022908836632268503 1993
1740778514461 0.019571957690641285 1994
1740778517722 0.015835940660908817 1995
1740778521115 0.022261339630931617 1996
1740778524227 0.013178996220231056 1997
1740778527530 0.014779459415003658 1998
1740778530896 0.020589381232857706 1999
1740778534278 0.015588315632194281 2000
1740778537718 0.01775652276352048 2001
1740778541081 0.015511275241151453 2002
1740778544421 0.022027883362025023 2003
1740778547646 0.020749141490086914 2004
1740778550853 0.01981938282959163 2005
1740778554744 0.02491408825851977 2006
1740778558663 0.01623826576396823 2007
1740778562044 0.013174310801550746 2008
1740778565314 0.02507621983066201 2009
1740778569068 0.014129098262637854 2010
1740778572858 0.019277744013816118 2011
1740778576172 0.01893252066336572 2012
1740778579261 0.016494026351720096 2013
1740778582810 0.01960807280614972 2014
1740778586268 0.014422806417569519 2015
1740778589668 0.017987474016845226 2016
1740778593027 0.01818750103469938 2017
1740778596411 0.01618733857758343 2018
1740778599739 0.019594932957552373 2019
1740778603114 0.021361766140908 2020
1740778606305 0.014093605065718294 2021
1740778609543 0.0184648690931499 2022
1740778612904 0.020633414098992945 2023
1740778616485 0.013680267203599215 2024
1740778619785 0.018307314589619636 2025
1740778622953 0.014871100392192603 2026
1740778626179 0.015582988606765866 2027
1740778629469 0.0188509416859597 2028
1740778632905 0.015676339138299227 2029
1740778636155 0.015895749107003213 2030
1740778639857 0.0198479428794235 2031
1740778643520 0.009674207028001546 2032
1740778647012 0.012856460507027805 2033
1740778650489 0.022516774320974944 2034
1740778653820 0.019351181853562594 2035
1740778657481 0.022516506249085067 2036
1740778660786 0.012295682094991206 2037
1740778664252 0.013313175858929754 2038
1740778667716 0.011825209371745587 2039
1740778671092 0.011020960621535777 2040
1740778674324 0.014160857871174812 2041
1740778677979 0.015577901853248477 2042
1740778681509 0.012989092199131847 2043
1740778684765 0.00905495804734528 2044
1740778688257 0.009013636186718941 2045
1740778691731 0.013460524594411254 2046
1740778695002 0.01048342595808208 2047
1740778698336 0.01739166609942913 2048
1740778701902 0.020824752682819962 2049
1740778705583 0.011590450461953878 2050
1740778709116 0.014758389545604586 2051
1740778712449 0.012474086247384547 2052
1740778715687 0.012742307800799609 2053
1740778719182 0.00867621303535998 2054
1740778722606 0.00769909062422812 2055
1740778726146 0.00935085555538535 2056
1740778729322 0.010064727165736259 2057
1740778732954 0.012122677639126778 2058
1740778736651 0.014493045397102833 2059
1740778739923 0.014302734592929483 2060
1740778743278 0.015467758164741099 2061
1740778746834 0.011987767815589905 2062
1740778749953 0.01541469725780189 2063
1740778753584 0.014510730318725108 2064
1740778756705 0.011035986328497529 2065
1740778759998 0.014522937927395105 2066
1740778763225 0.010334891621023417 2067
1740778767128 0.010453776326030492 2068
1740778770484 0.01164066449739039 2069
1740778774461 0.012847992405295373 2070
1740778777935 0.013516056244261563 2071
1740778781246 0.014240081775933505 2072
1740778784507 0.017071383437141777 2073
1740778787850 0.012274442072957754 2074
1740778791103 0.016234088796190916 2075
1740778794808 0.017991352062672376 2076
1740778798480 0.013426723736338318 2077
1740778801608 0.0130337148392573 2078
1740778804758 0.011205540476366878 2079
1740778808437 0.012750283675268292 2080
1740778812498 0.01385326573625207 2081
1740778815795 0.015541952345520258 2082
1740778818936 0.014101611915975809 2083
1740778822474 0.010255471728742123 2084
1740778826117 0.016978570707142353 2085
1740778829845 0.013103041024878621 2086
1740778833092 0.006947517120279372 2087
1740778836250 0.018711862554773688 2088
1740778839983 0.013639670414850116 2089
1740778846970 0.0163533001486212 2090
1740778850397 0.015662813512608408 2091
1740778853844 0.013639874756336212 2092
1740778857946 0.008988239783793688 2093
1740778861045 0.017335657589137556 2094
1740778864345 0.010403899867087603 2095
1740778867738 0.015048339050263166 2096
1740778871349 0.019410426989197732 2097
1740778874718 0.01618097015656531 2098
1740778878098 0.01377520443405956 2099
1740778881437 0.009748271903954447 2100
1740778884581 0.015905158203095196 2101
1740778887973 0.006635666145011782 2102
1740778891232 0.017221975428983568 2103
1740778894339 0.013929406413808465 2104
1740778897881 0.014093870539218187 2105
1740778901611 0.01523646061308682 2106
1740778905102 0.0135106485709548 2107
1740778908296 0.01555951555725187 2108
1740778911455 0.015389508437365293 2109
1740778915216 0.014878592928871512 2110
1740778918789 0.012489460217766464 2111
1740778922127 0.009374789781868459 2112
1740778925366 0.01619241219945252 2113
1740778929050 0.013555137859657406 2114
1740778932802 0.018296000333502888 2115
1740778936038 0.014328082809224724 2116
1740778939334 0.013761843042448162 2117
1740778943090 0.013040140755474567 2118
1740778947015 0.014298515254631638 2119
1740778950349 0.013475497723557056 2120
1740778953587 0.011340886414982378 2121
1740778956907 0.010427330913953483 2122
1740778960183 0.012832751017995178 2123
1740778963617 0.013592177466489375 2124
1740778966832 0.016770700616762044 2125
1740778970053 0.015123150674626232 2126
1740778973363 0.01423661389388144 2127
1740778976607 0.012633393066935242 2128
1740778979883 0.013518093931488694 2129
1740778983207 0.015990458466112613 2130
1740778986386 0.013135107303969561 2131
1740778989791 0.014092317372560502 2132
1740778993052 0.00905358586460352 2133
1740778996215 0.012391232186928391 2134
1740778999678 0.013264952716417611 2135
1740779003215 0.01658883650554344 2136
1740779006427 0.010733794621191919 2137
1740779009690 0.014143789894878864 2138
1740779012905 0.014765620524995028 2139
1740779016388 0.012119468245655298 2140
1740779019873 0.014228000021539629 2141
1740779023807 0.01070933380164206 2142
1740779027020 0.016695344196632503 2143
1740779030329 0.008403663150966167 2144
1740779034016 0.011191760366782546 2145
1740779037816 0.017099256701767443 2146
1740779040908 0.008215748663060367 2147
1740779044170 0.009668011479079723 2148
1740779047774 0.01673086069524288 2149
1740779051679 0.015639106938615442 2150
1740779055034 0.007291181036271155 2151
1740779058396 0.014783135154284538 2152
1740779061605 0.01240241962019354 2153
1740779065488 0.016296757878735663 2154
1740779069075 0.016708491425961255 2155
1740779072522 0.011747460467740894 2156
1740779075746 0.013204672401770949 2157
1740779079647 0.01330072497483343 2158
1740779083403 0.010855399090796709 2159
1740779086517 0.013699694676324725 2160
1740779090111 0.022058453606441618 2161
1740779093924 0.01849670029245317 2162
1740779097851 0.012014710698276759 2163
1740779101082 0.01665794972330332 2164
1740779104885 0.010750380987301468 2165
1740779108492 0.018704454991966487 2166
1740779112278 0.014317515171132982 2167
1740779112922 0.0 2168
1740779116155 0.011817757189273834 2169
1740779119632 0.01169413585215807 2170
1740779123085 0.017279916130937635 2171
1740779126571 0.01446151714771986 2172
1740779129842 0.013287714337930084 2173
1740779135374 0.010754019259475172 2174
1740779138956 0.012902151518501341 2175
1740779142036 0.009773064912296832 2176
1740779145268 0.014957287255674601 2177
1740779148510 0.0223201316781342 2178
1740779151888 0.01400014598853886 2179
1740779155282 0.018062542490661145 2180
1740779158685 0.014514156971126796 2181
1740779162018 0.017856026627123357 2182
1740779165378 0.02148448921274394 2183
1740779168583 0.009765081070363522 2184
1740779173778 0.010818807687610388 2185
1740779177008 0.009389490983448923 2186
1740779180222 0.00971762089524418 2187
1740779183772 0.014536658870056271 2188
1740779187014 0.01801031459122896 2189
1740779190225 0.0177704681456089 2190
1740779193516 0.018250369084998965 2191
1740779196959 0.01239441569428891 2192
1740779200943 0.016273056198842825 2193
1740779204237 0.01356486559845507 2194
1740779207442 0.0126475946046412 2195
1740779210687 0.013988253436982631 2196
1740779214019 0.019928216398693622 2197
1740779217200 0.012712658019736409 2198
1740779220430 0.014424255564808846 2199
1740779223589 0.012028116807341576 2200
1740779226749 0.018103581182658673 2201
1740779230171 0.011812433102168143 2202
1740779233390 0.015922459382563828 2203
1740779236853 0.019515357250347733 2204
1740779240191 0.011479154070839286 2205
1740779243777 0.019744360097683968 2206
1740779246900 0.0105509240552783 2207
1740779250233 0.01988704119808972 2208
1740779253560 0.013489192514680327 2209
1740779256640 0.014571650885045528 2210
1740779260399 0.011671592853963375 2211
1740779264002 0.018452104413881898 2212
1740779267066 0.012642268049530685 2213
1740779270531 0.011977966083213687 2214
1740779274296 0.021130739627406 2215
1740779277760 0.01681563215330243 2216
1740779281024 0.015610644677653909 2217
1740779284494 0.02122937669046223 2218
1740779288055 0.018076184540987014 2219
1740779291675 0.015403450690209866 2220
1740779295019 0.014829417383298278 2221
1740779298372 0.018667286625131965 2222
1740779301792 0.02101791120134294 2223
1740779305151 0.02199231612496078 2224
1740779308437 0.017678414387628436 2225
1740779311648 0.017675049751996994 2226
1740779314806 0.012810834683477879 2227
1740779318191 0.02283467322587967 2228
1740779321348 0.017018199255689977 2229
1740779325013 0.015115670580416917 2230
1740779328130 0.01755838288925588 2231
1740779331986 0.017218476058915258 2232
1740779335703 0.016203518332913516 2233
1740779339390 0.014363022409379483 2234
1740779342604 0.0177483260538429 2235
1740779346156 0.015395742212422191 2236
1740779349343 0.018465458592399956 2237
1740779352654 0.017529679639264942 2238
1740779355944 0.01922318189404905 2239
1740779359196 0.01576147980056703 2240
1740779362594 0.015814976496621967 2241
1740779365775 0.01693442350253463 2242
1740779369354 0.021025979071855546 2243
1740779372495 0.015675897388719023 2244
1740779375714 0.02204656843096018 2245
1740779379385 0.01942363296635449 2246
1740779382649 0.01585708155296743 2247
1740779385901 0.017809820594266057 2248
1740779389149 0.02025242256000638 2249
1740779392442 0.01733699972741306 2250
1740779395943 0.017167652491480112 2251
1740779399532 0.013672896372154355 2252
1740779403113 0.01591794449836016 2253
1740779406548 0.011646754294633865 2254
1740779410112 0.02010722853243351 2255
1740779413565 0.015533792832866312 2256
1740779416971 0.021271654600277544 2257
1740779420223 0.023391384072601794 2258
1740779423655 0.014461193005554379 2259
1740779426761 0.019292274937033654 2260
1740779430028 0.013634251123294234 2261
1740779433506 0.019579795366153122 2262
1740779436875 0.018774997172877193 2263
1740779440170 0.016125733759254218 2264
1740779443580 0.01781030067242682 2265
1740779446859 0.021100202398374675 2266
1740779450008 0.013168806917965412 2267
1740779453610 0.01491740219295025 2268
1740779457133 0.01862462162040174 2269
1740779460399 0.017952520763501525 2270
1740779463714 0.019322182266041637 2271
1740779466945 0.017856780290603638 2272
1740779470640 0.01435870947316289 2273
1740779473883 0.019656375367194414 2274
1740779477228 0.019201108645647766 2275
1740779480322 0.02473300208337605 2276
1740779483923 0.019012922924011945 2277
1740779487427 0.016980215478688478 2278
1740779490611 0.023523564282804728 2279
1740779494112 0.019106892095878722 2280
1740779497555 0.02070097374729812 2281
1740779501356 0.018793364185839892 2282
1740779504791 0.01816929611377418 2283
1740779507896 0.020477664098143576 2284
1740779510933 0.021735789878293874 2285
1740779514390 0.017088302243500948 2286
1740779518163 0.022669596252962946 2287
1740779521441 0.02052746756002307 2288
1740779524699 0.020224235663190485 2289
1740779528161 0.0219837443344295 2290
1740779531710 0.018384639881551267 2291
1740779535134 0.01984883083961904 2292
1740779538253 0.014574413467198611 2293
1740779541543 0.01337724870070815 2294
1740779544835 0.023629558254033328 2295
1740779548762 0.017694796714931727 2296
1740779552049 0.018607341656461357 2297
1740779555286 0.01755381954833865 2298
1740779559077 0.025989880580455066 2299
1740779562899 0.020848497422412036 2300
1740779566262 0.01818309602327645 2301
1740779569420 0.015482712853699922 2302
1740779572669 0.01737990059889853 2303
1740779576264 0.019479476455599068 2304
1740779579760 0.020984131004661323 2305
1740779582925 0.02485987958498299 2306
1740779586172 0.01486810103058815 2307
1740779589745 0.015853485073894263 2308
1740779592944 0.014489856185391545 2309
1740779596201 0.0191548478230834 2310
1740779599425 0.01765144052915275 2311
1740779602492 0.02329734849743545 2312
1740779605757 0.020447384333238006 2313
1740779609339 0.019580768411979078 2314
1740779613054 0.01724606964737177 2315
1740779616256 0.0159620320238173 2316
1740779619625 0.023222678396850823 2317
1740779622974 0.019153647795319556 2318
1740779626261 0.01706301860511303 2319
1740779629586 0.018254564702510835 2320
1740779632832 0.021223820000886916 2321
1740779636109 0.016007851995527744 2322
1740779639332 0.014229671629145742 2323
1740779642910 0.017006960120052098 2324
1740779646213 0.013646770445629954 2325
1740779649530 0.01360135618597269 2326
1740779653027 0.018506218641996384 2327
1740779656298 0.01269760019145906 2328
1740779659488 0.018483581161126493 2329
1740779662732 0.030174564365297557 2330
1740779665892 0.017615302512422205 2331
1740779669303 0.01691720386967063 2332
1740779672662 0.020315246218815447 2333
1740779675877 0.021790875419974327 2334
1740779679116 0.019626468308269977 2335
1740779682344 0.024108695145696402 2336
1740779685774 0.016723033040761948 2337
1740779689170 0.020372869689017536 2338
1740779692369 0.018429618887603284 2339
1740779695778 0.02248580638319254 2340
1740779699035 0.024560432694852353 2341
1740779702198 0.014322081981226802 2342
1740779705619 0.020185416955500843 2343
1740779709354 0.014643236370757222 2344
1740779712960 0.016417612340301275 2345
1740779716233 0.02335076754912734 2346
1740779719522 0.021883636778220535 2347
1740779722931 0.014290629178285599 2348
1740779726722 0.015668282322585582 2349
1740779730257 0.019067061450332403 2350
1740779733392 0.02142073877155781 2351
1740779736636 0.02239036038517952 2352
1740779739882 0.02306407698430121 2353
1740779743081 0.024589502681046725 2354
1740779746630 0.01949487391859293 2355
1740779749762 0.020557805122807624 2356
1740779753197 0.02353351581841707 2357
1740779756406 0.015326287634670734 2358
1740779759923 0.021653396943584084 2359
1740779763408 0.015115068163722753 2360
1740779766719 0.02031475869938731 2361
1740779770545 0.018477627886459232 2362
1740779773953 0.02239798373542726 2363
1740779777102 0.024001307487487793 2364
1740779780232 0.021241985503584148 2365
1740779783806 0.017851602230221034 2366
1740779787482 0.01731079092249274 2367
1740779790922 0.021880181143060326 2368
1740779794287 0.021611465755850077 2369
1740779797765 0.022926120292395352 2370
1740779800992 0.02160390278324485 2371
1740779804460 0.0188953741081059 2372
1740779807605 0.025780543945729734 2373
1740779810797 0.02356095112860203 2374
1740779814712 0.019944445211440325 2375
1740779818389 0.01712386941537261 2376
1740779821649 0.022578462483361362 2377
1740779824840 0.017654176549986005 2378
1740779828447 0.017191349864006042 2379
1740779832245 0.02340724566951394 2380
1740779835483 0.011643372094258666 2381
1740779838713 0.021086723040789367 2382
1740779842122 0.025106898033991455 2383
1740779846090 0.02002311684191227 2384
1740779849393 0.02070600237697363 2385
1740779852645 0.021121448539197445 2386
1740779855903 0.017357592452317477 2387
1740779859388 0.026037105917930604 2388
1740779862717 0.015483397021889687 2389
1740779865869 0.02085665728896856 2390
1740779868925 0.023275520717725158 2391
1740779872226 0.021820491850376128 2392
1740779875401 0.0202821908518672 2393
1740779878953 0.022911330871284007 2394
1740779882131 0.015981980096548797 2395
1740779885314 0.025875817919149995 2396
1740779888870 0.027735085487365724 2397
1740779892637 0.01943848382681608 2398
1740779896143 0.024796763751655817 2399
1740779899608 0.020652149934321642 2400
1740779903245 0.02355867367237806 2401
1740779906550 0.027009670846164225 2402
1740779909866 0.02387886643409729 2403
1740779913516 0.025208708383142948 2404
1740779917093 0.019079508632421492 2405
1740779920804 0.022979767741635442 2406
1740779924024 0.02335535015910864 2407
1740779927281 0.01739351320080459 2408
1740779930466 0.020044568264856934 2409
1740779933963 0.02655929546803236 2410
1740779937166 0.023389440234750508 2411
1740779940313 0.020362741760909558 2412
1740779943643 0.022412544880062342 2413
1740779947009 0.023068846706300973 2414
1740779950176 0.018353157369419934 2415
1740779953383 0.0207743264362216 2416
1740779957132 0.02733156045898795 2417
1740779960854 0.021837395057082175 2418
1740779964096 0.02694152619689703 2419
1740779967290 0.019700152836740016 2420
1740779970991 0.026509855799376966 2421
1740779971552 0.0 2422
1740779975450 0.023373857140541077 2423
1740779978724 0.022769999392330646 2424
1740779981958 0.019917843332514167 2425
1740779985629 0.023024186249822377 2426
1740779988858 0.013197840834036469 2427
1740779992231 0.02477288189344108 2428
1740779995681 0.01710502151399851 2429
1740779999147 0.023150816410779953 2430
1740780002275 0.02478849211707711 2431
1740780005529 0.021802347237244248 2432
1740780008579 0.02220910422503948 2433
1740780011822 0.026252978052943944 2434
1740780014868 0.02801616307348013 2435
1740780018032 0.027112290216609835 2436
1740780021594 0.024087797533720732 2437
1740780024603 0.026254374645650388 2438
1740780027900 0.022443657368421556 2439
1740780031112 0.022551419055089353 2440
1740780034666 0.016716944854706525 2441
1740780038008 0.02053564114496112 2442
1740780041229 0.02392054572701454 2443
1740780044367 0.02023737199604511 2444
1740780047689 0.02512886181473732 2445
1740780050857 0.028116550957784057 2446
1740780054472 0.027448788359761236 2447
1740780057965 0.019321014061570167 2448
1740780061291 0.018887069020420314 2449
1740780064651 0.016597526799887418 2450
1740780065475 0.009908826711277166 2451
1740780069025 0.015610405281186103 2452
1740780072157 0.01992813801392913 2453
1740780075517 0.019917023982852698 2454
1740780079505 0.019996518762782217 2455
1740780082698 0.02427122078835964 2456
1740780085805 0.02230963306501508 2457
1740780089213 0.017511581340804695 2458
1740780092727 0.016937713427469133 2459
1740780095869 0.014508729595690965 2460
1740780099045 0.024336023330688475 2461
1740780102110 0.020399859324097634 2462
1740780105221 0.02531981119886041 2463
1740780108442 0.014154381421394645 2464
1740780111725 0.018974896362051366 2465
1740780114899 0.019839759338647126 2466
1740780118022 0.016988400965929032 2467
1740780121269 0.02076720672659576 2468
1740780124659 0.01749234115704894 2469
1740780128212 0.022044412773102522 2470
1740780131449 0.01823719672858715 2471
1740780134678 0.025769405234605074 2472
1740780138064 0.019741422748193144 2473
1740780141969 0.02910523911938071 2474
1740780145331 0.02267993364483118 2475
1740780148783 0.019127689357846974 2476
1740780152269 0.020391419772058727 2477
1740780155825 0.016785794403403997 2478
1740780159137 0.020900650490075348 2479
1740780159772 0.0 2480
1740780162906 0.01821306424215436 2481
1740780166562 0.024510495737195014 2482
1740780170199 0.016652594562619926 2483
1740780173288 0.021096150279045104 2484
1740780176330 0.02112985597923398 2485
1740780179637 0.03666001757606864 2486
1740780182877 0.01500640381127596 2487
1740780186084 0.020259229484945535 2488
1740780189182 0.021012401888146997 2489
1740780192388 0.01675727730616927 2490
1740780195495 0.015467238072305918 2491
1740780198707 0.01587191772647202 2492
1740780201977 0.019138550981879235 2493
1740780205166 0.017880942719057203 2494
1740780208436 0.027722646286711096 2495
1740780211585 0.016649130498990417 2496
1740780214862 0.022647050200030206 2497
1740780218494 0.022086323387920857 2498
1740780221601 0.016142995869740842 2499
1740780224855 0.018301653158850968 2500
1740780228185 0.014368231780827046 2501
1740780231297 0.024542707242071627 2502
1740780234553 0.026164037771523 2503
1740780237761 0.015908328453078865 2504
1740780241090 0.017738072462379934 2505
1740780244338 0.019702506000176073 2506
1740780247618 0.018497994542121886 2507
1740780250905 0.015832958184182643 2508
