1740771952973 0.07381062959256117 0
1740771955912 0.04949261648156334 1
1740771959056 0.04146242664027778 2
1740771962273 0.05951172279164241 3
1740771965417 0.06479645461204538 4
1740771968590 0.08884063714225197 5
1740771971625 0.0516584225955219 6
1740771974746 0.09576557372834385 7
1740771977711 0.3318282264882453 8
1740771980806 0.09114680580793987 9
1740771983904 0.13053670622056524 10
1740771986998 0.05286677688149732 11
1740771989985 0.10301375675869526 12
1740771993084 0.09104211638681478 13
1740771996181 0.2678718048543382 14
1740771999295 0.05960991176480257 15
1740772002285 0.180489670504054 16
1740772005301 0.05334954977816108 17
1740772008312 0.049981608526667914 18
1740772011414 0.1282860774263227 19
1740772014662 0.039438366740503716 20
1740772017843 0.06709761887363026 21
1740772021072 0.058909545556668476 22
1740772024374 0.07966883312338112 23
1740772027658 0.04158187396010819 24
1740772030849 0.05423472027662832 25
1740772034132 0.07903615338746142 26
1740772037458 0.1599731076345934 27
1740772040765 0.07516835253725378 28
1740772044019 0.0873792838216624 29
1740772047143 0.07877786416967571 30
1740772050171 0.04845702453019655 31
1740772053261 0.047716454267429216 32
1740772056615 0.07136778900351609 33
1740772059790 0.09526019984528793 34
1740772062912 0.06452832070214426 35
1740772066087 0.04807329882490925 36
1740772069166 0.07020621346337161 37
1740772072295 0.06492624982619405 38
1740772075437 0.08929899827003647 39
1740772078667 0.09076817955261367 40
1740772081998 0.06863033007258408 41
1740772085100 0.10005005621661187 42
1740772088304 0.058761485864907904 43
1740772091546 0.07130326474867314 44
1740772094654 0.041262588382210745 45
1740772097897 0.14801861396581717 46
1740772100954 0.11698718978241202 47
1740772104037 0.07558144044342463 48
1740772107179 0.08852382085351525 49
1740772110324 0.07127902656328353 50
1740772113644 0.050810522920304815 51
1740772116754 0.09157341999925171 52
1740772119876 0.09527039483813309 53
1740772122820 0.06400450238147325 54
1740772126006 0.10550826003668211 55
1740772129117 0.09582743055163206 56
1740772132261 0.09791658437022856 57
1740772135481 0.12952148804811892 58
1740772138502 0.10769306926682316 59
1740772141834 0.10237110972034098 60
1740772145082 0.15281285535325217 61
1740772148448 0.07912945349534968 62
1740772151565 0.08241991783597497 63
1740772154634 0.09420881117965588 64
1740772157800 0.04898753907783033 65
1740772160893 0.05621351260762962 66
1740772164013 0.057178951551397274 67
1740772167009 0.08294639229393304 68
1740772170437 0.0480342952401748 69
1740772173644 0.10821722287077024 70
1740772176773 0.056369858996078326 71
1740772179907 0.1392171084621947 72
1740772182969 0.0975348675475819 73
1740772186073 0.07832953675719538 74
1740772189138 0.09036709435931034 75
1740772192280 0.06515911887796316 76
1740772195351 0.08846639257053227 77
1740772198323 0.07067963181330614 78
1740772201457 0.294311009379147 79
1740772204578 0.09235367892144782 80
1740772207694 0.03526789356293486 81
1740772210844 0.13062580334849827 82
1740772213829 0.06169580373180199 83
1740772216991 0.058806671590377356 84
1740772220086 0.051435699385429946 85
1740772223179 0.06884877630671461 86
1740772226081 0.09543134038178178 87
1740772229115 0.05650996501635626 88
1740772232458 0.04256707952377815 89
1740772235509 0.07456423055539901 90
1740772238705 0.07019185662904329 91
1740772241975 0.11091152338429254 92
1740772245322 0.07972060167767511 93
1740772248333 0.10972266762222091 94
1740772251502 0.10975779345142217 95
1740772254661 0.05841840607488192 96
1740772257606 0.0998234234788696 97
1740772260696 0.05451059827845053 98
1740772263819 0.10224698119582255 99
1740772266857 0.14656770845467354 100
1740772269982 0.12100285897193983 101
1740772273051 0.045095847517602976 102
1740772276243 0.07775270164311103 103
1740772279295 0.06902499415400302 104
1740772282643 0.04555664352322141 105
1740772285668 0.12415669396646406 106
1740772288867 0.08268723355762311 107
1740772291896 0.06401449424404916 108
1740772294842 0.09956607858133251 109
1740772297845 0.07475797236663079 110
1740772301133 0.11859741480607486 111
1740772304233 0.05885020733454296 112
1740772307405 0.06880411146283177 113
1740772310424 0.067418133399291 114
1740772313486 0.07798432808566513 115
1740772316542 0.07633759042076853 116
1740772319681 0.09161826438214339 117
1740772322874 0.17223557196677622 118
1740772326014 0.04153803676992273 119
1740772329188 0.05654837216050639 120
1740772332292 0.05677931851377756 121
1740772335388 0.06364466650674486 122
1740772338325 0.08145681646899065 123
1740772341384 0.07343145628795067 124
1740772344485 0.05156061657122596 125
1740772345093 1.0346353947260436 126
1740772348174 0.11088997567747186 127
1740772351313 0.053801629546016756 128
1740772354420 0.04038180058363532 129
1740772357561 0.09382151957225236 130
1740772360652 0.07400802747385118 131
1740772363875 0.06873159020418633 132
1740772367039 0.09617824627748074 133
1740772370178 0.08022541151992278 134
1740772373079 0.06422669902428743 135
1740772376174 0.11085133888822397 136
1740772379263 0.10662357614813271 137
1740772382414 0.04798594232362385 138
1740772385524 0.05403456191630975 139
1740772388589 0.10296601984923064 140
1740772391650 0.08064729445080941 141
1740772394700 0.05657119608016873 142
1740772397899 0.08324429268765365 143
1740772401051 0.06760227928008126 144
1740772404261 0.09348494863881586 145
1740772407351 0.06789726456668696 146
1740772410475 0.05024662241877283 147
1740772413570 0.06380266271548622 148
1740772417201 0.06077049642147878 149
1740772420230 0.08946238713998493 150
1740772423473 0.0891617528116703 151
1740772426631 0.10455669396654338 152
1740772429627 0.09084394246034169 153
1740772432862 0.08267345137678345 154
1740772436104 0.10421073220097708 155
1740772439310 0.036299552387729174 156
1740772442462 0.1939982453453738 157
1740772445684 0.12199024582867983 158
1740772448895 0.07098308043575291 159
1740772452074 0.08574197450339166 160
1740772455167 0.1666120953703922 161
1740772458348 0.09698493345475129 162
1740772461442 0.12792305373163793 163
1740772464582 0.07743233013498797 164
1740772467682 0.03675354867902258 165
1740772470686 0.09315069919862212 166
1740772473665 0.0663209652532316 167
1740772476788 0.15865323488244032 168
1740772479849 0.08760340395729034 169
1740772483485 0.07731124476076984 170
1740772486931 0.15338699462886582 171
1740772489956 0.08677396659818565 172
1740772492914 0.06703873145938424 173
1740772496103 0.0453198608724413 174
1740772499080 0.04785105760874311 175
1740772502221 0.06787738778849706 176
1740772505298 0.1693797776820897 177
1740772508366 0.1086989716837103 178
1740772511320 0.10123578764577339 179
1740772514409 0.1160053327583232 180
1740772517433 0.07548808706717423 181
1740772520425 0.07967995203505351 182
1740772523630 0.0895009106744501 183
1740772526647 0.10541468795670314 184
1740772529641 0.10460591830450944 185
1740772532931 0.13445576215347002 186
1740772535929 0.10315034554572607 187
1740772539114 0.09357826223648763 188
1740772542696 0.08938702406026267 189
1740772545894 0.04119552287758564 190
1740772549013 0.04398041719976518 191
1740772552294 0.15111609462877718 192
1740772555446 0.07100781885893316 193
1740772558431 0.11898178185063309 194
1740772561544 0.06651187961477795 195
1740772564670 0.0634843960254409 196
1740772567922 0.13019004119089186 197
1740772571016 0.13385085492948548 198
1740772574262 0.3181714300312575 199
1740772577437 0.12574326787679493 200
1740772580542 0.12861368983319674 201
1740772583630 0.08591892288921053 202
1740772586995 0.06304493140256233 203
1740772590086 0.11210840639723933 204
1740772593541 0.09840425891541908 205
1740772596953 0.0929531057650295 206
1740772600472 0.0754436207510775 207
1740772603472 0.059257305855321546 208
1740772606644 0.16010882891558267 209
1740772610167 0.04174359175712949 210
1740772613610 0.15219423255283807 211
1740772616703 0.07902650410432882 212
1740772619652 0.08594156421832311 213
1740772622893 0.10733291154646238 214
1740772626044 0.1662564460375426 215
1740772629026 0.08561832812983891 216
1740772632000 0.08088997268475948 217
1740772635067 0.11302751964814094 218
1740772638550 0.07688602522744972 219
1740772642160 0.09467305277897285 220
1740772645245 0.05824874762718158 221
1740772648466 0.12174927967281304 222
1740772651644 0.16691557419801675 223
1740772654716 0.10825425035121083 224
1740772657904 0.05042151650064874 225
1740772661246 0.06186509223659369 226
1740772664396 0.0824869108347446 227
1740772667926 0.04844543007700742 228
1740772670985 0.29055244064435226 229
1740772674005 0.06394784198229063 230
1740772677315 0.07726534319551202 231
1740772680441 0.07701493063009356 232
1740772683486 0.07253771899345816 233
1740772686611 0.09759149331856429 234
1740772689760 0.11372940083843643 235
1740772693163 0.09538254609945897 236
1740772696396 0.11944136219685823 237
1740772699497 0.05253577786295736 238
1740772702699 0.0851997192210549 239
1740772705847 0.14530812162710824 240
1740772709003 0.10646169402527794 241
1740772712287 0.12456911082323577 242
1740772715515 0.09035527707500435 243
1740772718523 0.06589455848325247 244
1740772721812 0.20468893265381266 245
1740772724834 0.14859343302070324 246
1740772727935 0.08594538682659947 247
1740772731092 0.1325606170785253 248
1740772734656 0.10476738644605263 249
1740772737998 0.2609630134115221 250
1740772741123 0.08965470500387214 251
1740772744265 0.06717103262718642 252
1740772747254 0.09364588074354252 253
1740772750406 0.0698771107726403 254
1740772753551 0.25391442153343596 255
1740772756812 0.05186774188711587 256
1740772759800 0.18289758163385042 257
1740772762890 0.11448927027694293 258
1740772766150 0.10593494070796998 259
1740772769175 0.0856225840929825 260
1740772772404 0.11018686993389917 261
1740772775579 0.059624392906536434 262
1740772778652 0.1636022494541227 263
1740772781822 0.0865299674162593 264
1740772784983 0.1539237907783877 265
1740772788140 0.0820552201716147 266
1740772791343 0.05494777256150468 267
1740772794508 0.05747314307043849 268
1740772797762 0.14290677599505613 269
1740772801072 0.07187898140180991 270
1740772804134 0.11977631213809631 271
1740772807308 0.07051741299929329 272
1740772810378 0.08886978586355726 273
1740772813350 0.08089948082641324 274
1740772816480 0.11433379929012384 275
1740772819694 0.10313441357866551 276
1740772822749 0.045254974801168996 277
1740772825719 0.11627624525989592 278
1740772828914 0.1347646429226164 279
1740772832025 0.07184405521877597 280
1740772835046 0.07946085391909265 281
1740772838179 0.11734355732856601 282
1740772841393 0.08444688389047939 283
1740772844372 0.04444572857337672 284
1740772847544 0.05375178502900247 285
1740772850598 0.05900438403835994 286
1740772853697 0.2352454424373895 287
1740772856751 0.07619703661016475 288
1740772860456 0.04563793009364307 289
1740772863658 0.11821501354952661 290
1740772866762 0.12473870709186376 291
1740772869770 0.09295054588791786 292
1740772872893 0.03899023652314348 293
1740772875933 0.25650799339350916 294
1740772879014 0.07349681668841969 295
1740772881958 0.05895405119402883 296
1740772885386 0.10768687185611718 297
1740772888553 0.20062912607358555 298
1740772891525 0.08267500497635971 299
1740772894601 0.29378590876176885 300
1740772897932 0.06009807567756027 301
1740772901102 0.04943903291288662 302
1740772904222 0.06400548615833136 303
1740772907276 0.07394407441518563 304
1740772910397 0.06847394778933462 305
1740772913457 0.06836632292748629 306
1740772916482 0.06922845057602607 307
1740772919602 0.06231587831763651 308
1740772922728 0.10448413916091848 309
1740772925853 0.04834395820018367 310
1740772928977 0.05292445023639386 311
1740772931941 0.05387721053374415 312
1740772935091 0.059635935741148186 313
1740772938143 0.07329577444988308 314
1740772941167 0.36360838862983724 315
1740772944252 0.0956372853768152 316
1740772947234 0.04611772105899854 317
1740772950338 0.07172595511359098 318
1740772953505 0.09822253514501578 319
1740772956652 0.11742173302066382 320
1740772959650 0.0548974363688911 321
1740772962668 0.05997687222494686 322
1740772965719 0.12266906191001717 323
1740772968878 0.1913873923197479 324
1740772971969 0.06941270216555312 325
1740772975216 0.0806655791383517 326
1740772978197 0.051847266128483734 327
1740772981265 0.07787605056465235 328
1740772984368 0.10848887417436372 329
1740772987541 0.14088585502948733 330
1740772990645 0.10419626859638219 331
1740772993820 0.12810899390467642 332
1740772996933 0.12669291748352884 333
1740772999912 0.18580879352550606 334
1740773002964 0.20728473370862108 335
1740773006020 0.09355688919976474 336
1740773009557 0.11503014617257834 337
1740773012818 0.07567309943775076 338
1740773016323 0.08791742096393422 339
1740773019643 0.10620683957624827 340
1740773023181 0.10008580935635104 341
1740773026431 0.07744674361225681 342
1740773029515 0.109267632564743 343
1740773032717 0.13094194705937834 344
1740773036519 0.11824146167743098 345
1740773039522 0.1931341903999615 346
1740773042589 0.13656746047441604 347
1740773045580 0.15376780707290627 348
1740773049116 0.06779756866239703 349
1740773052548 0.04072735759319692 350
1740773056061 0.07070027975155366 351
1740773059251 0.3163408038298363 352
1740773062288 0.28298493295737165 353
1740773065322 0.0985684249216921 354
1740773068477 0.07182347128928793 355
1740773071761 0.1304870681847053 356
1740773074977 0.10774002763340121 357
1740773078125 0.10929594034878087 358
1740773081242 0.06729447783595488 359
1740773084217 0.12249055495022816 360
1740773087405 0.12414622786600199 361
1740773090823 0.08461597403348646 362
1740773093972 0.09452746986040667 363
1740773097135 0.10231470164437569 364
1740773100234 0.14803010810060407 365
1740773103488 0.12120938707374267 366
1740773106913 0.11421559051573203 367
1740773110071 0.1254677603123254 368
1740773113184 0.07286088631466207 369
1740773116336 0.06044227320271101 370
1740773119524 0.0925475152713378 371
1740773122590 0.10902260593043846 372
1740773125726 0.1029181252007097 373
1740773129129 0.07063963480340794 374
1740773132484 0.04662384722080168 375
1740773135788 0.09150867089227809 376
1740773138814 0.07595827774357612 377
1740773141812 0.09051432724851048 378
1740773145179 0.05910075807183812 379
1740773148422 0.057303214111765755 380
1740773151728 0.06971454337037306 381
1740773154893 0.03211538259250252 382
1740773158339 0.11516124902363434 383
1740773161562 0.07623437056879986 384
1740773164574 0.07538611542626719 385
1740773167726 0.04470263543247652 386
1740773170905 0.2846881108658525 387
1740773174055 0.10465776182964057 388
1740773177395 0.043628735632634336 389
1740773180407 0.13096929249136724 390
1740773183417 0.05857764365457958 391
1740773186916 0.13248909813045173 392
1740773190351 0.2437277239576772 393
1740773193651 0.1146646175346195 394
1740773196741 0.24247442899893723 395
1740773199896 0.34828267752507996 396
1740773202966 0.07982199475210731 397
1740773206423 0.24944909045644895 398
1740773209912 0.06855788625043735 399
1740773212905 0.03409267255685245 400
1740773216106 0.12466407211328191 401
1740773219550 0.24196273877701768 402
1740773222932 0.2681489292809331 403
1740773226077 0.08099448240806774 404
1740773229126 0.07551326944976715 405
1740773232244 0.14676287308251554 406
1740773235476 0.250629631248781 407
1740773238739 0.15198536410504399 408
1740773241727 0.08069083466400308 409
1740773244789 0.09999897869209833 410
1740773248026 0.13938146283488448 411
1740773251095 0.11524431044625862 412
1740773254401 0.10576583612947063 413
1740773257613 0.04412237127781382 414
1740773260687 0.05801934319099886 415
1740773263811 0.0834679484085537 416
1740773267067 0.10877890595003661 417
1740773270241 0.06267642752616127 418
1740773273287 0.20385290927701782 419
1740773276903 0.09691780134147619 420
1740773280066 0.07153357892961598 421
1740773283348 0.07606659258400823 422
1740773286334 0.06443560591622395 423
1740773289497 0.04588175303120773 424
1740773292985 0.06280787441540711 425
1740773296291 0.158391357548801 426
1740773299385 0.05706607532943352 427
1740773302613 0.21510153174632854 428
1740773305921 0.049805221613573064 429
1740773308984 0.04873650029272956 430
1740773312406 0.0899125647977356 431
1740773315700 0.17031815682947576 432
1740773318994 0.11060418592333969 433
1740773322145 0.10860948610700367 434
1740773325153 0.13443895474325562 435
1740773328377 0.3164678494545021 436
1740773331443 0.1682382735968745 437
1740773334588 0.05016275678278809 438
1740773337750 0.05505054877820763 439
1740773340835 0.10226784486155083 440
1740773343955 0.07002256689145928 441
1740773347099 0.09852273016843392 442
1740773350210 0.09335174092255766 443
1740773353428 0.11680847913195676 444
1740773356687 0.13271410515543883 445
1740773359914 0.11508868863567483 446
1740773363116 0.0718802325373259 447
1740773366175 0.1744932993835284 448
1740773369674 0.10916607978441874 449
1740773373286 0.06748486728559101 450
1740773376587 0.13168783045552057 451
1740773379715 0.0839477046299848 452
1740773382943 0.07313215143427429 453
1740773385953 0.040869516693853886 454
1740773388969 0.04325377396113064 455
1740773392025 0.09729771062956827 456
1740773395395 0.04128208024803557 457
1740773398478 0.05575784773825274 458
1740773402027 0.4074063005031315 459
1740773405180 0.1349637962753206 460
1740773408187 0.09668564762675504 461
1740773411478 0.2309905984386435 462
1740773415041 0.1433963813794417 463
1740773418256 0.09977339576800079 464
1740773421409 0.10195354204996904 465
1740773424413 0.04478522880461969 466
1740773427597 0.0945194100909584 467
1740773430772 0.07234655963702705 468
1740773434156 0.07934791489661394 469
1740773437411 0.240444601340731 470
1740773440433 0.09321469725495847 471
1740773443584 0.09186107836938176 472
1740773446738 0.05477085163894079 473
1740773449914 0.15664716724568242 474
1740773453224 0.06428256186018923 475
1740773456537 0.058333576917589634 476
1740773459638 0.09944719916063387 477
1740773462848 0.1294983495692831 478
1740773465805 0.06807341001937545 479
1740773469314 0.07837807355417896 480
1740773472462 0.11851406605477377 481
1740773475681 0.05291463715066918 482
1740773478758 0.10829619194441092 483
1740773481871 0.13738414991954373 484
1740773484838 0.09524345590282858 485
1740773488036 0.14923904711590658 486
1740773491087 0.05654313645497255 487
1740773494090 0.08134847130732373 488
1740773497785 0.04506546262283408 489
1740773501042 0.3125773871357291 490
1740773504165 0.13100253638441137 491
1740773507210 0.09798422354425469 492
1740773510332 0.08317238360812829 493
1740773513490 0.05821487015663405 494
1740773516506 0.03538852701781259 495
1740773519588 0.08165310437307297 496
1740773522699 0.15563258198083418 497
1740773525940 0.17919175058310863 498
1740773528956 0.04736283248690905 499
1740773532118 0.1326867623933872 500
1740773535245 0.07345376187305847 501
1740773538536 0.09843137680838898 502
1740773541679 0.05061572913010286 503
1740773544669 0.11086327583973273 504
1740773547897 0.33512088284259045 505
1740773551078 0.15038127897328146 506
1740773554314 0.10692676296359173 507
1740773557523 0.09349335811721497 508
1740773560682 0.052892270733318675 509
1740773563904 0.1308165986343908 510
1740773567143 0.05075327091821287 511
1740773570288 0.044202264025444006 512
1740773573811 0.1195362932937828 513
1740773577104 0.09207597447489854 514
1740773580185 0.10467128502204699 515
1740773583224 0.09919567301294187 516
1740773586288 0.06272956588610411 517
1740773589451 0.21785147739766506 518
1740773592618 0.17282352408038443 519
1740773595616 0.10461912878774143 520
1740773598698 0.06023440943008717 521
1740773601816 0.08000208459672026 522
1740773604837 0.10518601514946196 523
1740773607967 0.03913574072871234 524
1740773611470 0.20316118053315996 525
1740773614824 0.0777402816122741 526
1740773618015 0.053947151588484295 527
1740773621241 0.12174434676400353 528
1740773624525 0.05913928272240752 529
1740773627869 0.03500393690987101 530
1740773630870 0.06590832065097249 531
1740773634120 0.2073947651874285 532
1740773637095 0.08734968392559875 533
1740773640302 0.10509287642238258 534
1740773643693 0.06432658960795455 535
1740773646709 0.05180861434392907 536
1740773650047 0.21460888292847108 537
1740773653511 0.0730332873610104 538
1740773657079 0.04746232734036414 539
1740773660228 0.07322493264268443 540
1740773663228 0.04443579653771213 541
1740773666735 0.09750610630421708 542
1740773670109 0.057196771377764924 543
1740773673337 0.13536732995678158 544
1740773676688 0.08857707840222644 545
1740773679759 0.06453745005490831 546
1740773682980 0.044244555832302745 547
1740773686019 0.04697060097716102 548
1740773689253 0.09748813224198079 549
1740773692348 0.05986783800993106 550
1740773695511 0.08850968277061652 551
1740773698709 0.08513414101363134 552
1740773701785 0.05056856564406871 553
1740773704755 0.06935012821772227 554
1740773707867 0.06761872808860166 555
1740773710999 0.07387783746919742 556
1740773714295 0.35814945190457137 557
1740773717449 0.09075913610075731 558
1740773720704 0.049626612868320624 559
1740773724003 0.07453940726025216 560
1740773727175 0.05127419376994226 561
1740773730354 0.06081741827528278 562
1740773733436 0.06350964189687124 563
1740773736498 0.11850520432784073 564
1740773739805 0.07703178718766987 565
1740773742887 0.09629149014302817 566
1740773745954 0.1607788969748643 567
1740773749165 0.09934546956184759 568
1740773752301 0.06606753453386124 569
1740773755718 0.06246138443582741 570
1740773759043 0.14309457536752512 571
1740773762088 0.0966378707226997 572
1740773765284 0.05246094078538622 573
1740773768440 0.050698170736206805 574
1740773771654 0.1732763055159165 575
1740773775392 0.04281666902750816 576
1740773778583 0.23254779334201023 577
1740773781646 0.06289789537506048 578
1740773784895 0.06980709682161881 579
1740773788468 0.09206487878433252 580
1740773791900 0.07729969686039556 581
1740773795158 0.06846801654407854 582
1740773798363 0.12953349879785747 583
1740773801785 0.09686822633446722 584
1740773805382 0.23959163947963283 585
1740773808560 0.43934005979894514 586
1740773811568 0.07616418401508636 587
1740773814974 0.06489734872072403 588
1740773818494 0.042745739967390485 589
1740773822062 0.0679468280148525 590
1740773825347 0.20071350303134794 591
1740773828608 0.08477949780990464 592
1740773832190 0.03237801285518875 593
1740773835756 0.05194669191466434 594
1740773839062 0.10206413977815591 595
1740773842339 0.19413322384391285 596
1740773845891 0.1622006093193817 597
1740773849368 0.1727277734276865 598
1740773852739 0.04398107303453946 599
1740773855802 0.05491061315721514 600
1740773858922 0.11640455923137193 601
1740773862378 0.08010323794627644 602
1740773865819 0.11264209507885681 603
1740773868906 0.0409221735883936 604
1740773872160 0.0770496799231241 605
1740773875423 0.12597726468604323 606
1740773878534 0.15516971450442835 607
1740773881825 0.09329544369983175 608
1740773884902 0.058853892690192956 609
1740773887904 0.10624641655982468 610
1740773890983 0.10145411559892425 611
1740773894245 0.1310733539822288 612
1740773897836 0.06618872667480613 613
1740773901064 0.0919561704436553 614
1740773904740 0.10562604098300095 615
1740773908251 0.09973829063533708 616
1740773911276 0.08829714949240135 617
1740773914646 0.040216905945459305 618
1740773918542 0.06298497217905917 619
1740773921827 0.09867352059179335 620
1740773924893 0.03764028630150885 621
1740773928261 0.10247742204810317 622
1740773931495 0.14328762365896497 623
1740773934502 0.1598995619087063 624
1740773937634 0.13839578560354215 625
1740773940836 0.10148512477817731 626
1740773944277 0.0899277507553834 627
1740773947926 0.06942671725741432 628
1740773951155 0.051760431329308354 629
1740773954335 0.05210324181572713 630
1740773955003 0.9532178423354605 631
1740773958621 0.09242742331628252 632
1740773962156 0.13920078962549917 633
1740773965444 0.036089280929193744 634
1740773968616 0.07817463816113199 635
1740773971817 0.07962639073191297 636
1740773975571 0.27095528030245314 637
1740773979386 0.14156268449152887 638
1740773982417 0.04131683222733933 639
1740773985621 0.06617542951786275 640
1740773989099 0.07698337949752546 641
1740773992747 0.7484369472634007 642
1740773995989 0.17032169318730048 643
1740773999069 0.07615248054181033 644
1740774002421 0.07628175259744503 645
1740774006155 0.10327010888787486 646
1740774009597 0.06240160471881242 647
1740774012693 0.19583980416936278 648
1740774015746 0.10818231433163474 649
1740774019246 0.0649462533262697 650
1740774022397 0.19701732193790594 651
1740774025422 0.07349134396226124 652
1740774028532 0.05621956558014153 653
1740774031692 0.08056556617842137 654
1740774034662 0.06232632934973775 655
1740774037929 0.23750512160273116 656
1740774041201 0.06936058033937065 657
1740774044191 0.23609638582541076 658
1740774047270 0.10040022927458699 659
1740774050444 0.047432000279650006 660
1740774053470 0.08803812958912141 661
1740774056716 0.12861019566284435 662
1740774059877 0.05963804912300984 663
1740774063087 0.05588099749039435 664
1740774066268 0.06263128603809427 665
1740774069553 0.0699740190753787 666
1740774072720 0.05150242653155166 667
1740774076324 0.06468572808322749 668
1740774079647 0.05149560235869588 669
1740774082871 0.18167724671579152 670
1740774085955 0.11345542589328973 671
1740774089780 0.23603140287263508 672
1740774093122 0.060406328909804435 673
1740774096207 0.04913741053851485 674
1740774099368 0.04540785920191593 675
1740774102405 0.08603368167954434 676
1740774105512 0.055129990460770335 677
1740774108722 0.06037203213714835 678
1740774111913 0.058545790986414846 679
1740774115032 0.2059040044425291 680
1740774118223 0.037070892073409294 681
1740774121548 0.15339881833483482 682
1740774124795 0.04921344516655148 683
1740774128058 0.08607130229904307 684
1740774131252 0.07754168087568629 685
1740774134466 0.07419192860884274 686
1740774137652 0.1532464068963721 687
1740774141100 0.05096389515448916 688
1740774144888 0.0360074109807777 689
1740774148367 0.0801736904551849 690
1740774151475 0.07347988207682285 691
1740774154550 0.08451599506511709 692
1740774158145 0.11928170376573831 693
1740774161799 0.0647811481411003 694
1740774165019 0.06814326230617451 695
1740774168210 0.14795610884661411 696
1740774171908 0.3075762713700165 697
1740774175040 0.1286368947124972 698
1740774178176 0.1960501294301943 699
1740774181335 0.05408403257108417 700
1740774184966 0.052340029467340045 701
1740774188088 0.06057280740146182 702
1740774191359 0.10313827713498094 703
1740774194396 0.26099839860758217 704
1740774197737 0.0870465311088204 705
1740774201321 0.04187994853217222 706
1740774204766 0.06203893940903718 707
1740774207774 0.13305773210073218 708
1740774210942 0.1288629767669377 709
1740774214273 0.13657609890338493 710
1740774217640 0.10221733204794434 711
1740774220752 0.1302684430222315 712
1740774224236 0.06671936431363568 713
1740774227667 0.05253129632491429 714
1740774230988 0.0669133411183604 715
1740774234192 0.06432583570978621 716
1740774237441 0.09373527698618284 717
1740774240894 0.12052803523137248 718
1740774244160 0.11830000386040225 719
1740774247271 0.050041082374141725 720
1740774250308 0.19437924278322735 721
1740774253755 0.06525893915675623 722
1740774257249 0.31682994375328055 723
1740774260590 0.15181834049767956 724
1740774263566 0.03475574871073654 725
1740774267248 0.11453715362051786 726
1740774270907 0.15563740370370316 727
1740774273949 0.04738356095801888 728
1740774277192 0.16349685637741693 729
1740774280718 0.14581151883556395 730
1740774284221 0.20673972930551368 731
1740774287620 0.05722551242040013 732
1740774290828 0.06959002808684228 733
1740774294172 0.08007153822921062 734
1740774297666 0.03205361749585105 735
1740774300689 0.04995185872445934 736
1740774303762 0.059390138005883414 737
1740774307577 0.07740253155875414 738
1740774311203 0.11954339750470398 739
1740774314457 0.05797427684163212 740
1740774317593 0.19625554895110564 741
1740774321045 0.14575931405091647 742
1740774324599 0.08125904386324968 743
1740774327721 0.18522614779523694 744
1740774330986 0.03506487615894397 745
1740774334737 0.09473202851354934 746
1740774337762 0.05206982865851702 747
1740774340778 0.1102695956449024 748
1740774343860 0.08086614312706869 749
1740774347474 0.061458046942636894 750
1740774350799 0.05069568119684318 751
1740774353826 0.06910198295932664 752
1740774356943 0.0705951712244105 753
1740774360038 0.12925370632112426 754
1740774363560 0.07515981240955182 755
1740774366833 0.07691914672131658 756
1740774369995 0.08012531568435576 757
1740774373101 0.09724712223838336 758
1740774376406 0.06129649725881975 759
1740774379763 0.075803885766706 760
1740774382771 0.16094073974837772 761
1740774385789 0.08329391679600347 762
1740774389159 0.20728234875760557 763
1740774392718 0.08626443293760958 764
1740774395835 0.07070851293381156 765
1740774398839 0.04909904014335667 766
1740774402128 0.2084020432825632 767
1740774405671 0.049967121739344006 768
1740774408983 0.08601926976544272 769
1740774412196 0.11502428320540148 770
1740774415469 0.14246685415280025 771
1740774418650 0.11432369544582587 772
1740774421897 0.10523662439872955 773
1740774424960 0.14424428995364913 774
1740774427999 0.07127987909768375 775
1740774431449 0.03496442319970326 776
1740774435056 0.14985639457433048 777
1740774438620 0.08759394822483105 778
1740774441795 0.10362018874530171 779
1740774444853 0.1350490809355855 780
1740774448596 0.09060971318324228 781
1740774451733 0.07229935444123436 782
1740774455009 0.06070089757401334 783
1740774458122 0.04866546780402085 784
1740774461262 0.08843713492082697 785
1740774464482 0.504314370528403 786
1740774467769 0.13800019731916127 787
1740774471098 0.07955821134752379 788
1740774474127 0.0746669117923512 789
1740774477197 0.07791506488154712 790
1740774480809 0.1385054908947549 791
1740774484058 0.09023531635509956 792
1740774487423 0.059843538677629836 793
1740774490565 0.05398334069570642 794
1740774493828 0.07992726152931519 795
1740774497012 0.05155206171039334 796
1740774500303 0.043837004695362586 797
1740774503530 0.141422636883508 798
1740774506788 0.09893086505919817 799
1740774510028 0.233675986819182 800
1740774513469 0.05178805884752619 801
1740774516770 0.07178346528415024 802
1740774520044 0.04297542731959916 803
1740774523305 0.07916281853954586 804
1740774526686 0.07419917609249392 805
1740774529775 0.12398330743079815 806
1740774533153 0.04593953063906169 807
1740774536140 0.04480074142203119 808
1740774539208 0.2580945425379657 809
1740774542557 0.0647286884649776 810
1740774545833 0.05698284222802413 811
1740774549398 0.0496588899430366 812
1740774553063 0.26130044071513236 813
1740774556091 0.08033902982474181 814
1740774559249 0.09762515176912476 815
1740774562776 0.04145678102079038 816
1740774566203 0.0367181373121869 817
1740774569341 0.046476498896199106 818
1740774572440 0.1659738699899649 819
1740774576111 0.04328838199942801 820
1740774579184 0.25855016829578437 821
1740774582431 0.09278998848800772 822
1740774585508 0.13037418312037183 823
1740774588895 0.11816318801966595 824
1740774592416 0.06817288265875274 825
1740774595953 0.046605441515271184 826
1740774599053 0.06766456397235084 827
1740774602377 0.06700997800501864 828
1740774606057 0.0771337744368474 829
1740774609811 0.03828295905692913 830
1740774612971 0.04552062085997899 831
1740774616088 0.047971818090652846 832
1740774619761 0.09624415285728824 833
1740774622790 0.0530148503324551 834
1740774626071 0.05193340044039693 835
1740774629079 0.10015379390220909 836
1740774632283 0.07888637360689196 837
1740774635629 0.2307205623553371 838
1740774638848 0.08658777798879712 839
1740774642181 0.1181604331461883 840
1740774645644 0.11516360488080737 841
1740774648884 0.1089799057557531 842
1740774652353 0.08278455446947383 843
1740774655624 0.06456169768724561 844
1740774658807 0.12216404971626728 845
1740774662195 0.09351153344955275 846
1740774665516 0.06927497756291337 847
1740774668594 0.05086178766712214 848
1740774671669 0.08927651203380377 849
1740774675010 0.18188891866475135 850
1740774678239 0.07544994565817822 851
1740774681617 0.12893533089356202 852
1740774684722 0.07785395438752453 853
1740774688209 0.050820508481914876 854
1740774691330 0.20235220108937163 855
1740774694728 0.11384920796188737 856
1740774697911 0.1432065694284996 857
1740774701293 0.11434956422989616 858
1740774704562 0.03599080797053416 859
1740774707880 0.058941905308735755 860
1740774710953 0.042668870077152435 861
1740774714245 0.20018631780325752 862
1740774718044 0.09838036098231219 863
1740774721898 0.1678149776432271 864
1740774725142 0.19195185670758336 865
1740774728342 0.19856115333378374 866
1740774731910 0.056863157220199696 867
1740774735748 0.09092918783107619 868
1740774739043 0.045373375345090027 869
1740774742272 0.1084913340648594 870
1740774745666 0.09313742661506674 871
1740774749413 0.10499165163812439 872
1740774752955 0.0655630826287532 873
1740774756064 0.06779683337644177 874
1740774759396 0.04243702809706461 875
1740774763448 0.10457931483294218 876
1740774766600 0.2623712524039207 877
1740774769968 0.10446484258277194 878
1740774773167 0.07561156701421723 879
1740774776495 0.11705603385986169 880
1740774779706 0.09515491932273572 881
1740774782916 0.0701864083468151 882
1740774786043 0.14405024130738947 883
1740774789135 0.0679880244679763 884
1740774792490 0.08521892620788935 885
1740774795758 0.037307335510925924 886
1740774799176 0.17103751371536144 887
1740774802407 0.06971009964514188 888
1740774805876 0.07032664266206598 889
1740774809462 0.06621643285195068 890
1740774813019 0.12068548421480839 891
1740774816486 0.4336272669197341 892
1740774819669 0.3993099328750176 893
1740774823390 0.10633914199991952 894
1740774826456 0.03632549631934247 895
1740774829658 0.07368757981921716 896
1740774833022 0.11790580425228672 897
1740774836600 0.0513428091112846 898
1740774840316 0.10440743045018169 899
1740774843649 0.0434147486834753 900
1740774847181 0.05904368329275815 901
1740774850390 0.19299380635239888 902
1740774853993 0.07978467679704425 903
1740774857210 0.11036084760141739 904
1740774860513 0.06120225565291773 905
1740774864229 0.13048456875736586 906
1740774867643 0.08520417957446431 907
1740774870796 0.1394711200684711 908
1740774874035 0.06456269997476498 909
1740774877365 0.14262977562036538 910
1740774880877 0.035856940776518124 911
1740774884309 0.12111433659818005 912
1740774887538 0.06100947386198638 913
1740774891267 0.14392977626207712 914
1740774894922 0.07185585323789408 915
1740774898192 0.03841086062344127 916
1740774901319 0.169157733759856 917
1740774904690 0.07214414714673985 918
1740774908086 0.1561473338192041 919
1740774911417 0.07350962831939642 920
1740774914558 0.05760374458907556 921
1740774917828 0.07124940296026111 922
1740774921020 0.06501831059020603 923
1740774924330 0.06204711207515548 924
1740774927653 0.062214378775941465 925
1740774930921 0.6830144707646325 926
1740774934474 0.07688147390266298 927
1740774937649 0.1685823603708569 928
1740774940755 0.055387015400117055 929
1740774944019 0.11934566675210118 930
1740774947337 0.0657383787048681 931
1740774951256 0.08780819991778692 932
1740774954876 0.08814064974775436 933
1740774957989 0.07158331597525049 934
1740774961286 0.059827464662663005 935
1740774965122 0.14287316641697495 936
1740774968473 0.059363511933349475 937
1740774972043 0.0792637070649847 938
1740774975212 0.22437763316105547 939
1740774978713 0.10126475420220805 940
1740774982614 0.21846993928919667 941
1740774986247 0.28027957931177405 942
1740774989719 0.11263305896222907 943
1740774993154 0.08517071410192155 944
1740774996272 0.09215502089637485 945
1740774999709 0.06711029574858929 946
1740775002880 0.07258623970975762 947
1740775005977 0.1205473674073464 948
1740775009834 0.17181529590414577 949
1740775013458 0.12824555555381661 950
1740775016593 0.08435453120220356 951
1740775019830 0.1307327486716678 952
1740775023142 0.14625937282258 953
1740775026479 0.05254067240788869 954
1740775029749 0.10486782590733214 955
1740775032986 0.12049938145564112 956
1740775036377 0.15788569676013675 957
1740775039613 0.28900476852907814 958
1740775043134 0.0824515463543915 959
1740775046532 0.05943947801121364 960
1740775049742 0.13925883413271278 961
1740775053167 0.12895592787096682 962
1740775056557 0.17602231638230936 963
1740775059697 0.21851369168411616 964
1740775062796 0.04085162789432999 965
1740775066078 0.15476844101402767 966
1740775069499 0.06803536953074865 967
1740775072881 0.23265830318215502 968
1740775076107 0.18527931364086744 969
1740775079409 0.07184423779750028 970
1740775082766 0.060918222303373015 971
1740775085868 0.0750409854980504 972
1740775088975 0.19137062392820828 973
1740775092275 0.062477210272660455 974
1740775095703 0.22328044428502847 975
1740775099227 0.5153397067322865 976
1740775102555 0.1466821485282928 977
1740775105696 0.08277501092743787 978
1740775109027 0.07895764353104044 979
1740775112499 0.18907365736477813 980
1740775116576 0.4962725462773014 981
1740775119921 0.1689618533097011 982
1740775123112 0.08879894779692467 983
1740775126341 0.08854517004848508 984
1740775129806 0.07569882502525452 985
1740775133130 0.058249659537940666 986
1740775136290 0.05867775523071538 987
1740775139494 0.14808087034145356 988
1740775142688 0.0768028389372947 989
1740775146359 0.043330452521932426 990
1740775149612 0.0884840994122228 991
1740775152915 0.06093364579144726 992
1740775156415 0.13539811433766538 993
1740775159708 0.14698431690956473 994
1740775163186 0.03853509148148607 995
1740775166443 0.2601756410672962 996
1740775169567 0.05911597804979276 997
1740775172863 0.06343818374688244 998
1740775176280 0.08404647625163912 999
1740775179488 0.18501208446099945 1000
1740775182769 0.05702244218256805 1001
1740775186160 0.03334619801236 1002
1740775189493 0.05667882322272722 1003
1740775192573 0.038440508264614405 1004
1740775195667 0.063237432288146 1005
1740775198963 0.08226962173352323 1006
1740775202623 0.11282076862443974 1007
1740775205793 0.10029974393503754 1008
1740775209162 0.17100156370916855 1009
1740775212342 0.14914175287298023 1010
1740775215680 0.09737237682095866 1011
1740775218991 0.07480116091335977 1012
1740775222264 0.04233414969268627 1013
1740775225336 0.10239718943057621 1014
1740775228676 0.08638269377496886 1015
1740775231915 0.10810052187687924 1016
1740775235057 0.10936675694853835 1017
1740775238251 0.1394073896329716 1018
1740775241767 0.12019349601057686 1019
1740775245019 0.05682357092684368 1020
1740775248306 0.07305868004132936 1021
1740775251438 0.07366308433325795 1022
1740775254805 0.06136857426164639 1023
1740775257937 0.04285647476003726 1024
1740775261310 0.15109382864102808 1025
1740775264613 0.06385009053716281 1026
1740775267765 0.09227879824952576 1027
1740775270926 0.19904380612030725 1028
1740775274114 0.052568222816446866 1029
1740775277514 0.22373216902287457 1030
1740775280716 0.05692548510287576 1031
1740775283873 0.09154997241759613 1032
1740775287426 0.05473385893182068 1033
1740775290570 0.0933118722855176 1034
1740775293888 0.17860980558138187 1035
1740775297088 0.05374452738616314 1036
1740775300202 0.0733699815675056 1037
1740775303360 0.2914268337044668 1038
1740775306646 0.1201224555849244 1039
1740775309828 0.0599811491447922 1040
1740775312956 0.09498659462114578 1041
1740775316086 0.04333024949875391 1042
1740775319361 0.12114821649120017 1043
1740775322728 0.04882636183362237 1044
1740775325941 0.05021518855568896 1045
1740775329011 0.06752768019294035 1046
1740775332190 0.05639887586245794 1047
1740775335310 0.17462558647968066 1048
1740775338812 0.09033584787768581 1049
1740775342057 0.05383021851695959 1050
1740775345525 0.09273058243602122 1051
1740775348880 0.1663295215219603 1052
1740775352219 0.11833011749507724 1053
1740775355484 0.12755059858098453 1054
1740775358608 0.12472065572341885 1055
1740775361965 0.12435726348513905 1056
1740775365169 0.10952099662671883 1057
1740775368436 0.05727212393208023 1058
1740775371637 0.09321896263927427 1059
1740775374979 0.13222036001707654 1060
1740775378204 0.10620478439851597 1061
1740775381356 0.07733865262104138 1062
1740775384716 0.03494701610512456 1063
1740775387869 0.04546930636623283 1064
1740775391052 0.05949388592617634 1065
1740775394319 0.9179132573108046 1066
1740775397642 0.12264872556773085 1067
1740775400911 0.07946610379252164 1068
1740775404137 0.053998028311755215 1069
1740775407347 0.05932027612749624 1070
1740775410469 0.034002813303419185 1071
1740775413781 0.1070773886606143 1072
1740775417199 0.10243321991635514 1073
1740775420481 0.10785025568376147 1074
1740775423832 0.09363841032350718 1075
1740775427228 0.10823494309156181 1076
1740775430482 0.1014364532349737 1077
1740775433781 0.11031509697560882 1078
1740775437047 0.04118986014165503 1079
1740775440374 0.07951992840694082 1080
1740775443720 0.057434743607973564 1081
1740775446925 0.06143455321820271 1082
1740775450209 0.20742236010759313 1083
1740775453500 0.06347684276082773 1084
1740775456698 0.05057630125925221 1085
1740775460013 0.047044093307887655 1086
1740775463164 0.12387902186947619 1087
1740775466629 0.1439165032769224 1088
1740775470306 0.33557639606448314 1089
1740775473537 0.09444479209807319 1090
1740775476572 0.1311359605811454 1091
1740775479785 0.1259531735167087 1092
1740775483159 0.1075763885571537 1093
1740775486834 0.08712979417034132 1094
1740775490165 0.06483824820553757 1095
1740775493318 0.05148407932047867 1096
1740775496755 0.13834779409885126 1097
1740775499882 0.09176555341851614 1098
1740775502973 0.06416543955825132 1099
1740775506096 0.047663371082824736 1100
1740775509349 0.04793818133801799 1101
1740775512804 0.06656473678370699 1102
1740775516175 0.1388288782354044 1103
1740775519481 0.09117744253591205 1104
1740775522845 0.17283099544370326 1105
1740775525968 0.05181237017765034 1106
1740775529551 0.1446457154496163 1107
1740775532596 0.10534017717518203 1108
1740775535903 0.0530131959250311 1109
1740775539130 0.0846634407996283 1110
1740775542372 0.09686146617359387 1111
1740775545522 0.22187858253483397 1112
1740775548716 0.155169451926581 1113
1740775551773 0.05927115375546827 1114
1740775554802 0.186572598287356 1115
1740775557965 0.07822069058724584 1116
1740775561115 0.07096714709829938 1117
1740775564543 0.08191334264289156 1118
1740775567764 0.06844590195475245 1119
1740775570938 0.0446669682653464 1120
1740775574086 0.0998743078643346 1121
1740775577303 0.14095953317113963 1122
1740775580418 0.11211890671295428 1123
1740775583448 0.11216674118290808 1124
1740775586742 0.1457672676126743 1125
1740775589823 0.10200108701972578 1126
1740775593167 0.06546934731104063 1127
1740775596353 0.05845447401464874 1128
1740775599622 0.05771497744552114 1129
1740775602754 0.06186878919155291 1130
1740775605922 0.07439967946420956 1131
1740775609136 0.048935993666247485 1132
1740775612216 0.34171775894460205 1133
1740775615498 0.11137915604408337 1134
1740775619162 0.2056108441970757 1135
1740775622987 0.21991252152412818 1136
1740775626124 0.20835177579452058 1137
1740775629337 0.09406520638965424 1138
1740775632627 0.1358255981947989 1139
1740775635761 0.06988393520736193 1140
1740775639090 0.045501191526451254 1141
1740775642055 0.2595252449959451 1142
1740775645367 0.1082523734109046 1143
1740775649360 0.06806600166294531 1144
1740775652515 0.11478130360493452 1145
1740775655570 0.06189816491960255 1146
1740775658975 0.10834439783626819 1147
1740775662410 0.10057114198436876 1148
1740775665806 0.1054283776949624 1149
1740775669041 0.15660803379057944 1150
1740775672025 0.0674736777411972 1151
1740775675307 0.07889453010676478 1152
1740775678617 0.1459470980775317 1153
1740775681992 0.9157905625772337 1154
1740775685454 0.5011397859407398 1155
1740775688800 0.040624402835219314 1156
1740775692310 0.1608424576459908 1157
1740775696046 0.07505216855601572 1158
1740775699281 0.1427445934678167 1159
1740775702395 0.0669364294037484 1160
1740775705767 0.05839275866989788 1161
1740775709216 0.14370324762722592 1162
1740775712711 0.07019192542684516 1163
1740775715875 0.09991085719238085 1164
1740775719074 0.052613708909094094 1165
1740775722692 0.10766865269350344 1166
1740775725906 0.17639293344024573 1167
1740775729001 0.171768578948178 1168
1740775732594 0.2272167252811611 1169
1740775736168 0.0680271389996308 1170
1740775739519 0.10138959332730543 1171
1740775742667 0.1388655329614779 1172
1740775746438 0.06939300763389335 1173
1740775749964 0.1046828363756679 1174
1740775753557 0.11178897850374674 1175
1740775756662 0.1762715166898065 1176
1740775760132 0.0670460546460202 1177
1740775763300 0.0403235600196053 1178
1740775766577 0.10680464955305818 1179
1740775769645 0.08900215385819049 1180
1740775772866 0.16830417868768832 1181
1740775775943 0.1121419518052382 1182
1740775779086 0.07094532792733232 1183
1740775782213 0.23882959885228072 1184
1740775785423 0.08637150191895702 1185
1740775788849 0.10396055181142289 1186
1740775791942 0.04910972035853598 1187
1740775795199 0.18515693206045622 1188
1740775798797 0.15284758921784888 1189
1740775801817 0.03935641898902883 1190
1740775805010 0.048919171584320326 1191
1740775808098 0.04479881701706282 1192
1740775811547 0.26042730039092293 1193
1740775815347 0.05030209596291084 1194
1740775818750 0.03873688227219541 1195
1740775821985 0.20188454319789187 1196
1740775825267 0.08353643524043962 1197
1740775828801 0.08443132685580501 1198
1740775831873 0.08501560909084058 1199
1740775835167 0.09287364633386741 1200
1740775838253 0.14126025165168818 1201
1740775841481 0.05334733457386396 1202
1740775844753 0.08514344678171995 1203
1740775847757 0.09405060898858794 1204
1740775850843 0.14000279867497317 1205
1740775854061 0.07727769779555783 1206
1740775857478 0.22617067994251555 1207
1740775860701 0.07860737550556862 1208
1740775863928 0.048877209579932614 1209
1740775866921 0.19572941060515742 1210
1740775870211 0.1275323722158018 1211
1740775873454 0.17254854015382035 1212
1740775876938 0.2817348118504496 1213
1740775879889 0.13753644916053614 1214
1740775883396 0.06113191306419047 1215
1740775886955 0.10107524092300622 1216
1740775890077 0.06636390501890979 1217
1740775893242 0.06691099574488935 1218
1740775896842 0.06905033843200238 1219
1740775900550 0.09147470415863261 1220
1740775903857 0.06290077112149253 1221
1740775907046 0.10278843948986621 1222
1740775910698 0.09010388041860042 1223
1740775913846 0.046337102373939995 1224
1740775917127 0.12905203284297473 1225
1740775920216 0.11950181988635032 1226
1740775923295 0.16212986319939474 1227
1740775926542 0.0765158917894186 1228
1740775929620 0.05531551897461065 1229
1740775932687 0.055682037859865925 1230
1740775933298 0.5958602788214837 1231
1740775936590 0.1232590153102948 1232
1740775939946 0.06456144645673915 1233
1740775942919 0.09411944857460154 1234
1740775946436 0.18551203377823813 1235
1740775949709 0.08867620385552183 1236
1740775952954 0.08610340332807985 1237
1740775956010 0.0655726796524298 1238
1740775959094 0.08213947784769701 1239
1740775962251 0.1313862409891942 1240
1740775965361 0.06576292979377928 1241
1740775968576 0.10005763835474334 1242
1740775971873 0.06997214842846051 1243
1740775974999 0.09056720735274416 1244
1740775978269 0.19240218340565804 1245
1740775981614 0.1057005103471439 1246
1740775984766 0.14854475493482427 1247
1740775987751 0.08561962766176887 1248
1740775990736 0.05070041661029867 1249
1740775994185 0.3107647150075398 1250
1740775997436 0.07005685044945288 1251
1740776000522 0.06059378183091006 1252
1740776003629 0.06869217265937745 1253
1740776006906 0.2703149908555973 1254
1740776010149 0.139211927094705 1255
1740776013317 0.11018833711206114 1256
1740776016782 0.0821050280334357 1257
1740776020211 0.12059720235814972 1258
1740776023582 0.09338103096756925 1259
1740776026800 0.09523889374425343 1260
1740776029833 0.08106070640515645 1261
1740776033627 0.07179134984622564 1262
1740776034537 0.5939090382028168 1263
1740776037754 0.08213763631186793 1264
1740776040898 0.07235174778789898 1265
1740776043961 0.05822766374370217 1266
1740776047420 0.04125233808856331 1267
1740776050932 0.0652489142699437 1268
1740776054043 0.08254754009970362 1269
1740776057141 0.1697882783130079 1270
1740776060575 0.10080046030784418 1271
1740776063720 0.07978588177308008 1272
1740776066940 0.04142801311568599 1273
1740776070117 0.20659828110867093 1274
1740776073284 0.09240608035988206 1275
1740776077122 0.10474568743472087 1276
1740776080655 0.06137712173739111 1277
1740776083829 0.07050974490721024 1278
1740776086843 0.07535499090562908 1279
1740776089981 0.11461609987977299 1280
1740776093754 0.11885458445882334 1281
1740776097136 0.06853893429514823 1282
1740776100194 0.04908168149911821 1283
1740776103176 0.05821447349045965 1284
1740776106690 0.06472731360787798 1285
1740776111603 0.47376493258166463 1286
1740776114919 0.12808848259986771 1287
1740776118333 0.10359721055774188 1288
1740776121989 0.08466042335052527 1289
1740776125584 0.3796479947378223 1290
1740776128766 0.12147531930207131 1291
1740776131764 0.07174318273603503 1292
1740776134947 0.10853652420252685 1293
1740776138018 0.24490473810598185 1294
1740776141319 0.10472922422900188 1295
1740776144624 0.07930271141294938 1296
1740776147634 0.16643263979657788 1297
1740776150660 0.0626058045695398 1298
1740776153959 0.32125015967924975 1299
1740776157625 0.16992125976704947 1300
1740776160729 0.055368773976551634 1301
1740776164060 0.11301834803497109 1302
1740776167717 0.1163184929744053 1303
1740776171378 0.2472426686561272 1304
1740776174512 0.07835834601464861 1305
1740776177836 0.04172767112308071 1306
1740776181338 0.1512727855837136 1307
1740776184821 0.11051390688051954 1308
1740776188044 0.10449075989075617 1309
1740776191215 0.23534212480915775 1310
1740776194335 0.07933306923821136 1311
1740776198064 0.06885907580809258 1312
1740776201276 0.12831889940536642 1313
1740776204354 0.054304546296091064 1314
1740776207581 0.16404023533320466 1315
1740776210946 0.18043076770598201 1316
1740776214442 0.06232194926182096 1317
1740776217772 0.2384401341016394 1318
1740776220856 0.04934309439922338 1319
1740776224135 0.2549314000263844 1320
1740776227861 0.049158356344393826 1321
1740776231065 0.13295733752039143 1322
1740776234436 0.21468970606679239 1323
1740776237539 0.2477751258641378 1324
1740776241254 0.15075226232508254 1325
1740776244901 0.06402645268750805 1326
1740776248396 0.0712182274420124 1327
1740776251673 0.06558991230528163 1328
1740776255115 0.16318287162536907 1329
1740776258116 0.06447662682404695 1330
1740776261355 0.07926417277280706 1331
1740776264492 0.07783493302255878 1332
1740776267548 0.06214139936031279 1333
1740776270733 0.03891427304668223 1334
1740776273751 0.06434084734496938 1335
1740776277093 0.2307599143427783 1336
1740776280218 0.08826845297326384 1337
1740776283416 0.07519441350339019 1338
1740776287186 0.24624634009477384 1339
1740776290818 0.1794301642592255 1340
1740776294243 0.23314118559524 1341
1740776297340 0.09640707783748155 1342
1740776300670 0.11418545617353675 1343
1740776303909 0.09023208062436427 1344
1740776307434 0.09236645072700861 1345
1740776310524 0.059504851654352306 1346
1740776313682 0.07125918899063119 1347
1740776316876 0.2617654337708103 1348
1740776320500 0.06943609272056793 1349
1740776323715 0.09381339599325594 1350
1740776326978 0.05050097814128268 1351
1740776330169 0.18287673399580875 1352
1740776333331 0.0730947487717942 1353
1740776336545 0.07468303203921323 1354
1740776339734 0.09695898639551703 1355
1740776343193 0.19329649891315145 1356
1740776346664 0.17875086963213377 1357
1740776350044 0.24582078153372763 1358
1740776353315 0.14088377100131494 1359
1740776356920 0.06033344013379871 1360
1740776360644 0.23428886473577518 1361
1740776363974 0.09311952332253164 1362
1740776367244 0.10041467060729493 1363
1740776370532 0.14131773618676596 1364
1740776373937 0.19256551403459293 1365
1740776377071 0.23972398619557375 1366
1740776380099 0.2442104333868177 1367
1740776383472 0.13251258736113622 1368
1740776386585 0.1429106931053452 1369
1740776389890 0.14621516476811025 1370
1740776392864 0.062450297306556574 1371
1740776395962 0.058035125462122875 1372
1740776399219 0.04553301267840974 1373
1740776402320 0.037848420290312365 1374
1740776405582 0.11661946306701707 1375
1740776408657 0.09636162390646125 1376
1740776411763 0.2817954854604445 1377
1740776414956 0.07741315189301277 1378
1740776418015 0.07562816879949509 1379
1740776421048 0.06623841124295986 1380
1740776424366 0.06204578581692372 1381
1740776427930 0.0813637561784898 1382
1740776431594 0.09380078984888607 1383
1740776434976 0.03907765668542871 1384
1740776437937 0.04528268084207092 1385
1740776441591 0.06148516724073432 1386
1740776444786 0.12482019346889395 1387
1740776447851 0.09192185077831906 1388
1740776450871 0.0703877969992592 1389
1740776453837 0.1427521522456964 1390
1740776457055 0.0830054810037804 1391
1740776460175 0.11928728418741454 1392
1740776463353 0.05470355161258159 1393
1740776466532 0.05792545834585537 1394
1740776469485 0.14564483026433528 1395
1740776473064 0.06238912106798928 1396
1740776476132 0.05542471054080859 1397
1740776479245 0.04105227344193651 1398
1740776483037 0.09823851101638524 1399
1740776486699 0.3465245749109011 1400
1740776489770 0.056836346398202876 1401
1740776492746 0.04148153050092937 1402
1740776496289 0.07602727571699737 1403
1740776499360 0.10292850739232094 1404
1740776502657 0.08379919568134551 1405
1740776505929 0.11708116483152832 1406
1740776509156 0.10385820340017071 1407
1740776512880 0.04446952982456374 1408
1740776516019 0.04987651626865117 1409
1740776519296 0.10887098817991038 1410
1740776522622 0.06932775857901484 1411
1740776526010 0.09344340163095925 1412
1740776529266 0.28368259686078695 1413
1740776532544 0.104635222737848 1414
1740776535744 0.09850727669462608 1415
1740776538917 0.10479329621764091 1416
1740776542491 0.14157405383912774 1417
1740776545855 0.13298940148817898 1418
1740776549082 0.04475930717676051 1419
1740776552123 0.09694658306839518 1420
1740776555733 0.0961885739395162 1421
1740776559500 0.07605464658906694 1422
1740776562764 0.09031898129904542 1423
1740776566035 0.11161804459263401 1424
1740776569462 0.29460968758926137 1425
1740776572605 0.07621513881764233 1426
1740776576022 0.058907742388488636 1427
1740776579332 0.05983382648772058 1428
1740776582348 0.07579573524892065 1429
1740776585636 0.05410014864157855 1430
1740776589213 0.05978728027748383 1431
1740776592417 0.06634745593969509 1432
1740776595628 0.080597838715555 1433
1740776599278 0.09813516824496098 1434
1740776602811 0.2234090034695466 1435
1740776606110 0.25493838532566826 1436
1740776609536 0.0728979318496076 1437
1740776613364 0.09063615275049833 1438
1740776616627 0.09895846393967148 1439
1740776619663 0.06114991603724258 1440
1740776623231 0.34113864165898805 1441
1740776626877 0.035830628217799684 1442
1740776629919 0.3089616380083621 1443
1740776633228 0.12266206573154732 1444
1740776636311 0.1249127430182194 1445
1740776639530 0.04357472850560287 1446
1740776642762 0.0752087214046265 1447
1740776645841 0.053667122741438644 1448
1740776649204 0.053178844523784415 1449
1740776653240 0.09009851343654254 1450
1740776656330 0.22866786694663419 1451
1740776659345 0.042076730354482776 1452
1740776662786 0.21225691643612954 1453
1740776665940 0.07769171587982422 1454
1740776669239 0.0631446633444606 1455
1740776669885 1.0802650466191825 1456
1740776673109 0.06568915426835177 1457
1740776676196 0.04322672177012931 1458
1740776679790 0.097173323384004 1459
1740776683663 0.2185728883045911 1460
1740776687028 0.11882332647644027 1461
1740776690178 0.125045252514743 1462
1740776693917 0.1806018339258399 1463
1740776697041 0.04864244354248139 1464
1740776700129 0.03258201062894457 1465
1740776703367 0.1278893102567784 1466
1740776706583 0.07218333588613439 1467
1740776709733 0.22577366576918984 1468
1740776713032 0.08019079814950178 1469
1740776716358 0.05147225340276899 1470
1740776719806 0.0561380657445163 1471
1740776723061 0.6242374491357825 1472
1740776726153 0.05289443790841451 1473
1740776729834 0.27244285369486493 1474
1740776733038 0.19909250424953268 1475
1740776736173 0.03787831921337256 1476
1740776739314 0.09222661227296046 1477
1740776742680 0.046205496301937515 1478
1740776745883 0.07627381480342386 1479
1740776749215 0.17779298746769714 1480
1740776752828 0.11557734946263397 1481
1740776756441 0.0932164221898669 1482
1740776759881 0.05953070706820782 1483
1740776763089 0.05388141269425292 1484
1740776766245 0.09536034894822537 1485
1740776769528 0.0581849130839556 1486
1740776773437 0.06968952194254138 1487
1740776776902 0.05462024395760236 1488
1740776780524 0.08920530922138697 1489
1740776783719 0.10038741743166309 1490
1740776787435 0.19357424858550254 1491
1740776790755 0.0432381127337934 1492
1740776794190 0.21843585390793063 1493
1740776798077 0.1497504633891353 1494
1740776801885 0.22618503986090535 1495
1740776805054 0.05506200574732574 1496
1740776808162 0.08398622816189301 1497
1740776811654 0.17027993343201303 1498
1740776815568 0.051187159233815754 1499
1740776818964 0.05248200620132122 1500
1740776822351 0.060264770148706265 1501
1740776825499 0.24080152670884378 1502
1740776829178 0.07534308561668573 1503
1740776832418 0.26597175309894405 1504
1740776835650 0.08611075106605007 1505
1740776839045 0.1875273835155573 1506
1740776842986 0.18384177108807256 1507
1740776846114 0.19398748156556 1508
1740776849475 0.031608334789694645 1509
1740776852680 0.06907389249620434 1510
1740776856166 0.041084425633052514 1511
1740776859657 0.0807190746584088 1512
1740776863115 0.05728623995266093 1513
1740776866725 0.39674445965916577 1514
1740776869869 0.09256326896744578 1515
1740776873085 0.056661721326919635 1516
1740776876239 0.21151804619993864 1517
1740776879575 0.06537514796342082 1518
1740776883058 0.09766294268156864 1519
1740776886283 0.08191437059424729 1520
1740776889377 0.045572707090263315 1521
1740776892510 0.0926101491854933 1522
1740776895750 0.06494227616212982 1523
1740776899078 0.1498811497058129 1524
1740776902579 0.13012708157065933 1525
1740776906199 0.14339581924745862 1526
1740776909436 0.04263157287745819 1527
1740776913053 0.062053137910680914 1528
1740776916747 0.07713310865698314 1529
1740776920295 0.04523904762248084 1530
1740776923875 0.30187402328414875 1531
1740776927346 0.2085684425710589 1532
1740776930985 0.07513974571212566 1533
1740776934379 0.07959424864300108 1534
1740776937843 0.08914371919672419 1535
1740776941084 0.11810684526529114 1536
1740776944970 0.04949472030471023 1537
1740776948675 0.07326615540777506 1538
1740776952057 0.083090737189651 1539
1740776955281 0.08151064235800544 1540
1740776958831 0.11195683497276314 1541
1740776961918 0.12078073796430183 1542
1740776965056 0.13973766629092468 1543
1740776968595 0.07365496271837138 1544
1740776972042 0.0879879032584136 1545
1740776975228 0.10817486359015117 1546
1740776978557 0.04827632308977577 1547
1740776982173 0.15059235966376303 1548
1740776985582 0.07411882574381976 1549
1740776988933 0.21868199755312476 1550
1740776992024 0.1509533778870029 1551
1740776995110 0.07911528498755586 1552
1740776998619 0.09949326751444981 1553
1740777001915 0.28145978589981857 1554
1740777005021 0.07159500816928285 1555
1740777008547 0.06401967340421263 1556
1740777012289 0.0811496892120258 1557
1740777015511 0.11739510980331279 1558
1740777018766 0.36096086332550287 1559
1740777022078 0.10996349097681621 1560
1740777025288 0.07736156397445511 1561
1740777028792 0.04143164669870243 1562
1740777032390 0.08860378571149476 1563
1740777035715 0.06650606211353632 1564
1740777039082 0.1476053404525471 1565
1740777042381 0.11819839335748071 1566
1740777045640 0.09965491918212648 1567
1740777049007 0.07250934454033135 1568
1740777049571 1.0287564475205075 1569
1740777052815 0.10756646576672996 1570
1740777056059 0.10445627351584616 1571
1740777059300 0.47817580464794446 1572
1740777062725 0.6909260005500945 1573
1740777065848 0.05132773072646239 1574
1740777069759 0.11021199354878514 1575
1740777073361 0.04152866026339621 1576
1740777076595 0.05714902689024127 1577
1740777079770 0.040640852943573176 1578
1740777083514 0.09934664763104595 1579
1740777087429 0.0757317563089702 1580
1740777090625 0.07842459519464647 1581
1740777093956 0.05135676056225133 1582
1740777097687 0.14189853184294898 1583
1740777101051 0.10886447144439718 1584
1740777104190 0.04081321775686622 1585
1740777107521 0.08782994193553392 1586
1740777110960 0.041308292188562315 1587
1740777114346 0.07328640483139781 1588
1740777117790 0.07105403078703706 1589
1740777121221 0.28268777483077495 1590
1740777124454 0.06195493641004914 1591
1740777127912 0.06569260993384558 1592
1740777131194 0.5510582190882947 1593
1740777135011 0.1577783863110462 1594
1740777138385 0.04316161170146063 1595
1740777141800 0.09708736831766936 1596
1740777145177 0.07759553033509307 1597
1740777148492 0.050632139544639757 1598
1740777151792 0.09204439462617914 1599
1740777155400 0.14271231874932921 1600
1740777159090 0.08747867522772547 1601
1740777162737 0.35932683043743147 1602
1740777165954 0.103039892480845 1603
1740777169079 0.13346035091521102 1604
1740777172771 0.05390281663504418 1605
1740777176233 0.08814056497888406 1606
1740777179867 0.10329311280088513 1607
1740777183029 0.052937392580310244 1608
1740777186341 0.14774445401855454 1609
1740777189678 0.16223414646574558 1610
1740777193057 0.0708242424454966 1611
1740777196905 0.05525429342486782 1612
1740777200791 0.06625011726550029 1613
1740777204134 0.19976790176827172 1614
1740777207736 0.06698470999319509 1615
1740777211269 0.0919872128043136 1616
1740777214447 0.04030665464110531 1617
1740777217890 0.0836120216171968 1618
1740777221413 0.058631425950295864 1619
1740777225075 0.14043515188085157 1620
1740777228558 0.10234290077018805 1621
1740777231788 0.06932564547498711 1622
1740777235138 0.10375645036728474 1623
1740777238836 0.07482907179808979 1624
1740777242372 0.1433431808528253 1625
1740777246137 0.07959866419593983 1626
1740777249929 0.14462496224736848 1627
1740777253706 0.1992629067746649 1628
1740777257167 0.07266861277780741 1629
1740777261099 0.06662071026239225 1630
1740777264943 0.20293952373432464 1631
1740777268615 0.055791498105278975 1632
1740777272357 0.09694177453642532 1633
1740777275594 0.05620624464506964 1634
1740777279010 0.09623243027068773 1635
1740777282497 0.15652050246892749 1636
1740777286023 0.1072518599925394 1637
1740777289155 0.10825584805160532 1638
1740777292270 0.13187683915754084 1639
1740777295453 0.1299225924161751 1640
1740777298924 0.1005013902588799 1641
1740777302278 0.17310176751044323 1642
1740777305356 0.12948799245320905 1643
1740777309053 0.13188701533332015 1644
1740777312255 0.048578716867167956 1645
1740777315754 0.07390303551798649 1646
1740777318899 0.12680245583839858 1647
1740777322098 0.08194388891613186 1648
1740777325144 0.04118060705320421 1649
1740777328634 0.08241452081468903 1650
1740777332567 0.19205176487463077 1651
1740777335605 0.1843957316937491 1652
1740777338896 0.07619496531653495 1653
1740777342574 0.057362419803262 1654
1740777345994 0.04165080063655199 1655
1740777349443 0.11018440305733733 1656
1740777353027 0.08574330648408468 1657
1740777356623 0.05855130020505819 1658
1740777359872 0.13299273678311424 1659
1740777363303 0.04477450123007775 1660
1740777366865 0.04078729084051927 1661
1740777370119 0.14663956364384223 1662
1740777373574 0.08082181440437278 1663
1740777376858 0.19406160211295542 1664
1740777380381 0.06565808358592476 1665
1740777383888 0.1308955685269327 1666
1740777387208 0.05371031975370035 1667
1740777390505 0.07898526867874887 1668
1740777394522 0.17030070292622385 1669
1740777398233 0.0778523467792253 1670
1740777401337 0.0463972174185298 1671
1740777404938 0.04559391765077438 1672
1740777408340 0.08542834843335324 1673
1740777412103 0.05733914769384465 1674
1740777415271 0.053374331644302435 1675
1740777418726 0.2916764691767238 1676
1740777421972 0.08421444738739936 1677
1740777425188 0.08459030382411077 1678
1740777428674 0.0694853335975321 1679
1740777432178 0.12117930689534827 1680
1740777436103 0.04133662366516767 1681
1740777439717 0.2052695326013784 1682
1740777443384 0.03765094985040106 1683
1740777447084 0.11759695699012024 1684
1740777450444 0.10281399278352046 1685
1740777453530 0.09767985353831281 1686
1740777457127 0.055054064005885445 1687
1740777460921 0.15316213408233245 1688
1740777464154 0.05017339607587613 1689
1740777467442 0.0725406711747218 1690
1740777470533 0.05355627144185707 1691
1740777474184 0.11200529695165073 1692
1740777477636 0.07143041353970384 1693
1740777481310 0.14786607313264802 1694
1740777484992 0.13415288017496269 1695
1740777488327 0.05581686189727677 1696
1740777491654 0.051945474698204375 1697
1740777495398 0.06513222523126466 1698
1740777498667 0.10705017874766945 1699
1740777502465 0.06364474076692009 1700
1740777505789 0.1984822342478892 1701
1740777509428 0.29936639931566766 1702
1740777513192 0.0960185456722535 1703
1740777517053 0.093766588496797 1704
1740777520566 0.11304987000566974 1705
1740777524529 0.0699156788735254 1706
1740777528284 0.06842782262315018 1707
1740777531435 0.08005063457974679 1708
1740777534603 0.06121170511254876 1709
1740777538205 0.043940040004879076 1710
1740777541721 0.40051667683306647 1711
1740777544903 0.22693896221269644 1712
1740777548264 0.08770190399201067 1713
1740777551736 0.10915056414619491 1714
1740777554827 0.11415956259043898 1715
1740777558069 0.15236418587998501 1716
1740777561140 0.12170222879175578 1717
1740777564333 0.4597539393191723 1718
1740777568146 0.16646884065352627 1719
1740777571793 0.08967453095145832 1720
1740777574900 0.16283540339654373 1721
1740777577996 0.09505692820766284 1722
1740777582001 0.04325334676542492 1723
1740777585530 0.0950767022679659 1724
1740777588762 0.06019097750432827 1725
1740777591792 0.07828792956830033 1726
1740777595511 0.08868732764899312 1727
1740777598701 0.1415848736469822 1728
1740777601810 0.6150983274555584 1729
1740777605092 0.04821160493842212 1730
1740777608487 0.11221931916069991 1731
1740777612192 0.07588622502458393 1732
1740777615398 0.08103390227964426 1733
1740777618521 0.08214542565928143 1734
1740777621710 0.07506198556871395 1735
1740777624865 0.07695429076621756 1736
1740777628679 0.11952397137948799 1737
1740777631985 0.17238263675524876 1738
1740777635276 0.18387530965119844 1739
1740777638761 0.05632169751351159 1740
1740777642268 0.09288773793369738 1741
1740777645415 0.14159288873703546 1742
1740777648696 0.060011760819916875 1743
1740777651859 0.09788473738589193 1744
1740777655202 0.04520666682916209 1745
1740777658352 0.16218695450668694 1746
1740777661663 0.04154314076807709 1747
1740777665046 0.040724411189509174 1748
1740777668364 0.09379049352292053 1749
1740777671726 0.10912130955374431 1750
1740777675024 0.08779292170481295 1751
1740777678225 0.09281231948079308 1752
1740777681683 0.08984707530670236 1753
1740777684760 0.065710248375527 1754
1740777688046 0.19852816396745773 1755
1740777691335 0.08331938354410263 1756
1740777694678 0.12965475892904973 1757
1740777698059 0.09592263938928396 1758
1740777701352 0.1204594204192288 1759
1740777704762 0.07749356280795307 1760
1740777707832 0.04993925856746972 1761
1740777711629 0.10468297102047588 1762
1740777714734 0.16368658963077823 1763
1740777718304 0.1225479428237655 1764
1740777721398 0.3788079881175178 1765
1740777724749 0.22328744297423536 1766
1740777728162 0.11271618204975814 1767
1740777732053 0.10101790178761572 1768
1740777735726 0.18882068524834852 1769
1740777739642 0.16609083742438954 1770
1740777743353 0.049568632642878814 1771
1740777746504 0.0662455950856617 1772
1740777750298 0.15480018472620546 1773
1740777753742 0.05824881517007473 1774
1740777757473 0.16622551496882632 1775
1740777761249 0.053698492070317974 1776
1740777764736 0.054032957914913506 1777
1740777768085 0.2657141899694484 1778
1740777771483 0.0985727128312668 1779
1740777774953 0.18631317883262835 1780
1740777778701 0.0875744306204551 1781
1740777782111 0.13388308536868412 1782
1740777785424 0.08305060133226748 1783
1740777788760 0.24380686434652263 1784
1740777791862 0.0997445925544919 1785
1740777795209 0.10039376950163942 1786
1740777798686 0.18052498997173333 1787
1740777802070 0.1262459771924609 1788
1740777805529 0.06003052839997758 1789
1740777808867 0.0864864706295816 1790
1740777812298 0.538482140897744 1791
1740777815727 0.04789719749375143 1792
1740777819084 0.12939775403815218 1793
1740777822578 0.04414674051125375 1794
1740777826210 0.09609013422542319 1795
1740777829632 0.042132750767656886 1796
1740777833520 0.10678785908651924 1797
1740777836790 0.2374562987649912 1798
1740777840827 0.11461162754440553 1799
1740777844428 0.33844319906777365 1800
1740777848846 0.300074243800271 1801
1740777852669 0.19785307864815227 1802
1740777856049 0.27919336820341223 1803
1740777859193 0.051042625002461504 1804
1740777862913 0.08863647624486952 1805
1740777866370 0.12040564798022205 1806
1740777870102 0.1881023724860592 1807
1740777873732 0.07268061896103019 1808
1740777877308 0.15401954087603337 1809
1740777880374 0.08304843339160715 1810
1740777883996 0.15954891632797488 1811
1740777888050 0.16078821204074079 1812
1740777891570 0.04362176156185875 1813
1740777895229 0.06709253357002519 1814
1740777899012 0.08615251348475221 1815
1740777902798 0.2676676419045944 1816
1740777906034 0.16603615077211795 1817
1740777909354 0.055666321263582355 1818
1740777912814 0.037553296290652294 1819
1740777916726 0.05800045666470897 1820
1740777920264 0.14413898932741104 1821
1740777923587 0.46407770385990377 1822
1740777926972 0.1020090940777113 1823
1740777930824 0.19389791548335544 1824
1740777934640 0.05603626503770963 1825
1740777938440 0.22252677307844645 1826
1740777941983 0.109349339979944 1827
1740777945806 0.17428326787501344 1828
1740777949015 0.14779956066387812 1829
1740777952738 0.1846330702649225 1830
1740777956321 0.06604369526792482 1831
1740777959890 0.13024249826082135 1832
1740777963266 0.22940547022447252 1833
1740777966697 0.06423903900185314 1834
1740777970107 0.10371381605955826 1835
1740777973482 0.09029381921722007 1836
1740777977181 0.15546696717998734 1837
1740777980899 0.07024068040868382 1838
1740777984370 0.20258582600094255 1839
1740777987627 0.12452743579666185 1840
1740777991260 0.07147749490324998 1841
1740777994601 0.1400740152211335 1842
1740777998115 0.03906991822025189 1843
1740778001536 0.10454522594129523 1844
1740778005214 0.12051617110983623 1845
1740778009131 0.08767785623252693 1846
1740778012552 0.06774206713850481 1847
1740778015822 0.1305061980573046 1848
1740778019488 0.04177722050548617 1849
1740778022870 0.07957094678066072 1850
1740778026232 0.06391562630994552 1851
1740778029503 0.08835908486436846 1852
1740778032998 0.04400663842904774 1853
1740778036201 0.07899532279697556 1854
1740778039312 0.1294371563865736 1855
1740778043124 0.1022297110306355 1856
1740778046897 0.12465696734128602 1857
1740778050509 0.0924095721395185 1858
1740778053737 0.07967090230411204 1859
1740778057274 0.07503754479195006 1860
1740778060992 0.16919970500132497 1861
1740778064843 0.15485505969908311 1862
1740778068697 0.09078357122975986 1863
1740778072613 0.05462460126899274 1864
1740778075724 0.2800815321806167 1865
1740778079388 0.12857512807898844 1866
1740778082909 0.07479816190630015 1867
1740778086755 0.07795571634422385 1868
1740778090480 0.06835799711945711 1869
1740778093913 0.1660449628305737 1870
1740778097669 0.35619640815778697 1871
1740778101358 0.06762932610526334 1872
1740778104957 0.057012463630233504 1873
1740778108678 0.21299400465760335 1874
1740778112386 0.1677001432066984 1875
1740778115580 0.08123450119842018 1876
1740778119320 0.11453105085452109 1877
1740778122550 0.09112773891729757 1878
1740778126254 0.11649989171961542 1879
1740778129668 0.14777744145280627 1880
1740778133033 0.05684492908430314 1881
1740778136310 0.07017577233764587 1882
1740778139753 0.05538569617731683 1883
1740778142861 0.05540295662822293 1884
1740778146059 0.08905577181322709 1885
1740778149203 0.17057668930114636 1886
1740778152757 0.13523279903670543 1887
1740778156389 0.1514048426413872 1888
1740778159773 0.04173730191009502 1889
1740778162989 0.09917491262912655 1890
1740778166269 0.0871462247982274 1891
1740778169935 0.055563954268643946 1892
1740778173903 0.04602301888124871 1893
1740778177188 0.16229256953700757 1894
1740778180448 0.04136263399274071 1895
1740778184067 0.19678549533070996 1896
1740778187761 0.1336081291842137 1897
1740778191202 0.0803837443736903 1898
1740778194623 0.23517296162707496 1899
1740778197771 0.09481568162988653 1900
1740778201404 0.2115413918434541 1901
1740778205226 0.06593391341305338 1902
1740778208295 0.06340101374205302 1903
1740778211609 0.09502915578691283 1904
1740778215489 0.05663695436921878 1905
1740778219464 0.040390996031607715 1906
1740778222677 0.12469942921712435 1907
1740778226096 0.09120239120135964 1908
1740778229723 0.0702906549739376 1909
1740778233507 0.06959258379550726 1910
1740778236884 0.10978455675673912 1911
1740778240476 0.0405168305459947 1912
1740778244017 0.0974909832336186 1913
1740778247562 0.181600373392333 1914
1740778251583 0.2570832405344276 1915
1740778254694 0.06206854677074549 1916
1740778257986 0.0440983723025629 1917
1740778261753 0.06435406265008828 1918
1740778264886 0.07614205405493595 1919
1740778267933 0.13732699182123792 1920
1740778271209 0.102429096294413 1921
1740778274590 0.09174462013893703 1922
1740778277856 0.08142405006794036 1923
1740778281332 0.04016366867010911 1924
1740778284391 0.1006649465569616 1925
1740778287626 0.0916006769815174 1926
1740778291405 0.12908867827583392 1927
1740778294479 0.23157688494329207 1928
1740778297806 0.07790564459835225 1929
1740778301276 0.066269301588793 1930
1740778305243 0.0751128678488618 1931
1740778308998 0.059648665347564994 1932
1740778312229 0.08511339288904023 1933
1740778315463 0.12359217841567587 1934
1740778318929 0.05754686984972767 1935
1740778322297 0.05696083770636757 1936
1740778325529 0.4924042057583201 1937
1740778328555 1.0946331013166848 1938
1740778331615 0.3224145623850578 1939
1740778334885 0.08426509042973786 1940
1740778338069 0.14677125456898282 1941
1740778341373 0.0432966144271655 1942
1740778344704 0.0720724579777184 1943
1740778348129 0.06211193002248386 1944
1740778351426 0.07204103713652259 1945
1740778354894 0.09190743014453841 1946
1740778358119 0.10551532224635933 1947
1740778361332 0.13621382328141218 1948
1740778364964 0.42354484102239276 1949
1740778368230 0.1366573510790094 1950
1740778371350 0.2714201307812698 1951
1740778374557 0.12132583488678535 1952
1740778377778 0.1772927795415573 1953
1740778381549 0.04446440113228092 1954
1740778385028 0.041453880730940446 1955
1740778388394 0.21073847305790758 1956
1740778391647 0.1680896360698982 1957
1740778395285 0.20665106197693395 1958
1740778398556 0.17487543372527956 1959
1740778401635 0.05076551409826762 1960
1740778404886 0.04186803231973685 1961
1740778408276 0.2755094648412526 1962
1740778412125 0.05068129331284663 1963
1740778415652 0.14531603558308284 1964
1740778418778 0.08841496243213846 1965
1740778421951 0.05038410777368615 1966
1740778425684 0.06161843975385941 1967
1740778428981 0.1013566126617226 1968
1740778432133 0.1123976565186878 1969
1740778435346 0.06974239050037288 1970
1740778438663 0.12672961190248347 1971
1740778442075 0.06985965645418252 1972
1740778445323 0.125678790691759 1973
1740778448810 0.10031967851116647 1974
1740778452305 0.060754079855214235 1975
1740778455553 0.10210052220935871 1976
1740778458769 0.04427185408769846 1977
1740778462207 0.09637433056214859 1978
1740778465403 0.0585717217810858 1979
1740778468866 0.08360161894588432 1980
1740778472023 0.3920830695200961 1981
1740778475330 0.17815423514064296 1982
1740778478778 0.09918574313737084 1983
1740778482096 0.07377682053026367 1984
1740778485399 0.2887626471323478 1985
1740778488555 0.12696579691859639 1986
1740778491966 0.07000559376823597 1987
1740778495538 0.30427465638878987 1988
1740778498017 0.4682458665597676 1989
1740778501770 0.33182063759580827 1990
1740778505023 0.11545522696746154 1991
1740778508154 0.11829960043872069 1992
1740778511193 0.3284961725980402 1993
1740778514461 0.06015058438223358 1994
1740778517722 0.0843496485595972 1995
1740778521115 0.10633529081098636 1996
1740778524227 0.08528440864144654 1997
1740778527530 0.0439722034908861 1998
1740778530896 0.2753298732420042 1999
1740778534278 0.11704155748938916 2000
1740778537718 0.09301273752051772 2001
1740778541081 0.05199407884406251 2002
1740778544421 0.1302941260726849 2003
1740778547646 0.14752053087813277 2004
1740778550853 0.10296445657758975 2005
1740778554744 0.08495491703214741 2006
1740778558663 0.10135960687649943 2007
1740778562044 0.11818396428286972 2008
1740778565314 0.10999267698480253 2009
1740778569068 0.0909021068580862 2010
1740778572858 0.04857739577544609 2011
1740778576172 0.0917027034298314 2012
1740778579261 0.09986090125869229 2013
1740778582810 0.06296165823946913 2014
1740778586268 0.14555345931813915 2015
1740778589668 0.12953770892498806 2016
1740778593027 0.09994573891713583 2017
1740778596411 0.07069114439045893 2018
1740778599739 0.04727107962782923 2019
1740778603114 0.11081887786912575 2020
1740778606305 0.12948842874929642 2021
1740778609543 0.3658648327617967 2022
1740778612904 0.06923228118550159 2023
1740778616485 0.27455574555152035 2024
1740778619785 0.07826826779043632 2025
1740778622953 0.39340368516976115 2026
1740778626179 0.04610667663608482 2027
1740778629469 0.054579504074331125 2028
1740778632905 0.13716604920817915 2029
1740778636155 0.12771811562813928 2030
1740778639857 0.2934491007130741 2031
1740778643520 0.07384804447042215 2032
1740778647012 0.07662510082050011 2033
1740778650489 0.21309270640089042 2034
1740778653820 0.08155535555578744 2035
1740778657481 0.037365006322449476 2036
1740778660786 0.1920285917250498 2037
1740778664252 0.06646961212773542 2038
1740778667716 0.27762097647733625 2039
1740778671092 0.08858339273960535 2040
1740778674324 0.09441777083042419 2041
1740778677979 0.09239484165685974 2042
1740778681509 0.05720936485691131 2043
1740778684765 0.1175740095441132 2044
1740778688257 0.19673957822102342 2045
1740778691731 0.11270535585783154 2046
1740778695002 0.12888659562558286 2047
1740778698336 0.19602263809976112 2048
1740778701902 0.10547713602459258 2049
1740778705583 0.08600607209930831 2050
1740778709116 0.06582644993587099 2051
1740778712449 0.09044938686517774 2052
1740778715687 0.17150295764720386 2053
1740778719182 0.04938865469082049 2054
1740778722606 0.11100023299548162 2055
1740778726146 0.1046342300238369 2056
1740778729322 0.043434782078269105 2057
1740778732954 0.05038781456019239 2058
1740778736651 0.06714022748601009 2059
1740778739923 0.04494051336527813 2060
1740778743278 0.11612344574942333 2061
1740778746834 0.05351042205253878 2062
1740778749953 0.10219963973318599 2063
1740778753584 0.14804748861693162 2064
1740778756705 0.05590992732748524 2065
1740778759998 0.18912850284344923 2066
1740778763225 0.08559049672588369 2067
1740778767128 0.1493440567283642 2068
1740778770484 0.1275778883946035 2069
1740778774461 0.4326676235521683 2070
1740778777935 0.05057113337397518 2071
1740778781246 0.09736216477618774 2072
1740778784507 0.04774966452242033 2073
1740778787850 0.16441267667368464 2074
1740778791103 0.09360092415422853 2075
1740778794808 0.06687386305249643 2076
1740778798480 0.04696188606665107 2077
1740778801608 0.08164593634124373 2078
1740778804758 0.08020023731461787 2079
1740778808437 0.05068716248792169 2080
1740778812498 0.14450487075510587 2081
1740778815795 0.1615392217078599 2082
1740778818936 0.0762133171041255 2083
1740778822474 0.13872255600478822 2084
1740778826117 0.10533295915074234 2085
1740778829845 0.1182157997907451 2086
1740778833092 0.10259387535486184 2087
1740778836250 0.11481944832040032 2088
1740778839983 0.11770315391613238 2089
1740778846970 0.26499591478634976 2090
1740778850397 0.21969866395153165 2091
1740778853844 0.0451070182536826 2092
1740778857946 0.2460388191407782 2093
1740778861045 0.11294388019031429 2094
1740778864345 0.07122273008554003 2095
1740778867738 0.08856654320644555 2096
1740778871349 0.09914122691200071 2097
1740778874718 0.1243852865563007 2098
1740778878098 0.11505367985159098 2099
1740778881437 0.163591227781081 2100
1740778884581 0.16789702733300682 2101
1740778887973 0.1549893534602444 2102
1740778891232 0.10663165748536976 2103
1740778894339 0.09138677613152214 2104
1740778897881 0.0793800409803762 2105
1740778901611 0.12294333727278749 2106
1740778905102 0.1786643711640808 2107
1740778908296 0.09224376659001314 2108
1740778911455 0.18644053741680847 2109
1740778915216 0.13642379371389685 2110
1740778918789 0.0819645758517199 2111
1740778922127 0.19458620678167052 2112
1740778925366 0.11159905951634308 2113
1740778929050 0.11991933168523232 2114
1740778932802 0.041710841484205854 2115
1740778936038 0.11766402983378384 2116
1740778939334 0.21564442609597784 2117
1740778943090 0.24883729001839425 2118
1740778947015 0.2028845251388494 2119
1740778950349 0.058017181916883126 2120
1740778953587 0.1378269490820768 2121
1740778956907 0.11469813690826064 2122
1740778960183 0.11859053054436418 2123
1740778963617 0.10292154574294957 2124
1740778966832 0.055734700453519574 2125
1740778970053 0.06325298061590816 2126
1740778973363 0.110996256499338 2127
1740778976607 0.12211252638284414 2128
1740778979883 0.06647977157571973 2129
1740778983207 0.07582272609656955 2130
1740778986386 0.060687999282424306 2131
1740778989791 0.11530459985500098 2132
1740778993052 0.08410040571770538 2133
1740778996215 0.18341149586185757 2134
1740778999678 0.46206309475223795 2135
1740779003215 0.09074871005947617 2136
1740779006427 0.05760108918039955 2137
1740779009690 0.25956488284729157 2138
1740779012905 0.11109458246055434 2139
1740779016388 0.10482077531049279 2140
1740779019873 0.1545475090009841 2141
1740779023807 0.11962936249035822 2142
1740779027020 0.054187130907456374 2143
1740779030329 0.03731580238980136 2144
1740779034016 0.07734603373954639 2145
1740779037816 0.10475703312824995 2146
1740779040908 0.10764087673730127 2147
1740779044170 0.22610145979903362 2148
1740779047774 0.10336699502790968 2149
1740779051679 0.052176209032969316 2150
1740779055034 0.11086508257733174 2151
1740779058396 0.10958126742232899 2152
1740779061605 0.17801204505457793 2153
1740779065488 0.19834785713372863 2154
1740779069075 0.1973545992252577 2155
1740779072522 0.3658320145514839 2156
1740779075746 0.04382703077078806 2157
1740779079647 0.04767605746099651 2158
1740779083403 0.14189460652788843 2159
1740779086517 0.08719786774635288 2160
1740779090111 0.041886595124069885 2161
1740779093924 0.07858209155627391 2162
1740779097851 0.051515840310683805 2163
1740779101082 0.08753023454790573 2164
1740779104885 0.07685346144009764 2165
1740779108492 0.1761542395799519 2166
1740779112278 0.1280630997799155 2167
1740779112922 1.0442339906514029 2168
1740779116155 0.15383371956683095 2169
1740779119632 0.2135077896217511 2170
1740779123085 0.10842089129285969 2171
1740779126571 0.1206493444675603 2172
1740779129842 0.08152591513750382 2173
1740779135374 0.25609991750592775 2174
1740779138956 0.04903442235473646 2175
1740779142036 0.0586852829235672 2176
1740779145268 0.12655764735390249 2177
1740779148510 0.13477969794344816 2178
1740779151888 0.14043447600455622 2179
1740779155282 0.06459949492947503 2180
1740779158685 0.09247872556535683 2181
1740779162018 0.07967778597877456 2182
1740779165378 0.27753735537373553 2183
1740779168583 0.2062371379505295 2184
1740779173778 0.1803132919736402 2185
1740779177008 0.05739293762661712 2186
1740779180222 0.040785100021517674 2187
1740779183772 0.08320157670410763 2188
1740779187014 0.11088084432984475 2189
1740779190225 0.13275029695736568 2190
1740779193516 0.05303087051853025 2191
1740779196959 0.07634468621775065 2192
1740779200943 0.13214773131604368 2193
1740779204237 0.1391392569387565 2194
1740779207442 0.057885862131762604 2195
1740779210687 0.05777511038903535 2196
1740779214019 0.569618843520479 2197
1740779217200 0.3060683125275523 2198
1740779220430 0.04167225699011592 2199
1740779223589 0.06573491918284917 2200
1740779226749 0.08419096490074475 2201
1740779230171 0.17210426111452395 2202
1740779233390 0.11013636712410442 2203
1740779236853 0.13567923614676441 2204
1740779240191 0.07968482143755988 2205
1740779243777 0.29983007750667706 2206
1740779246900 0.14121923508330883 2207
1740779250233 0.1319749621489094 2208
1740779253560 0.249753749572993 2209
1740779256640 0.05948422377864724 2210
1740779260399 0.06058710480695486 2211
1740779264002 0.14624368277201386 2212
1740779267066 0.08578573119102771 2213
1740779270531 0.29043431586608015 2214
1740779274296 0.19288826861993916 2215
1740779277760 0.904472516250662 2216
1740779281024 0.12573657780896583 2217
1740779284494 0.06459059372831188 2218
1740779288055 0.06391130143980897 2219
1740779291675 0.06293161403817439 2220
1740779295019 0.12262306165852849 2221
1740779298372 0.3302065169637609 2222
1740779301792 0.0338073423640331 2223
1740779305151 0.08010162286639413 2224
1740779308437 0.057437940893377115 2225
1740779311648 0.09493108556514467 2226
1740779314806 0.4730592217526104 2227
1740779318191 0.09009560476561905 2228
1740779321348 0.12104396932992112 2229
1740779325013 0.0973410622853296 2230
1740779328130 0.0939008286572794 2231
1740779331986 0.2849537540986805 2232
1740779335703 0.08061746274901084 2233
1740779339390 0.08376431357862582 2234
1740779342604 0.11380959957245268 2235
1740779346156 0.08929533205665781 2236
1740779349343 0.1287014762337309 2237
1740779352654 0.05965030794510746 2238
1740779355944 0.12734004891403147 2239
1740779359196 0.07451221270830706 2240
1740779362594 0.10176235625426248 2241
1740779365775 0.05845672095639163 2242
1740779369354 0.16814244449106502 2243
1740779372495 0.04435603885744573 2244
1740779375714 0.15266833726328233 2245
1740779379385 0.09697087275647577 2246
1740779382649 0.08812678569577345 2247
1740779385901 0.038945083070446945 2248
1740779389149 0.1335201415917388 2249
1740779392442 0.2324525259500599 2250
1740779395943 0.1196047876125145 2251
1740779399532 0.11629738728091638 2252
1740779403113 0.08203783477545237 2253
1740779406548 0.15920089053285807 2254
1740779410112 0.313054890319963 2255
1740779413565 0.06608991721659839 2256
1740779416971 0.14508047647098113 2257
1740779420223 0.07257750949217107 2258
1740779423655 0.38963025244095384 2259
1740779426761 0.1717688963819887 2260
1740779430028 0.1020811432527469 2261
1740779433506 0.08703179131416414 2262
1740779436875 0.11702173768284269 2263
1740779440170 0.2950551801961353 2264
1740779443580 0.14680446921503923 2265
1740779446859 0.08529672511382122 2266
1740779450008 0.12388419915473055 2267
1740779453610 0.05958733812742311 2268
1740779457133 0.034147206099072694 2269
1740779460399 0.23804833280903406 2270
1740779463714 0.09427933367626426 2271
1740779466945 0.046465455334204514 2272
1740779470640 0.9692790983492293 2273
1740779473883 0.09738514136424717 2274
1740779477228 0.16999663972606885 2275
1740779480322 0.8160356547618111 2276
1740779483923 0.07982303697327266 2277
1740779487427 0.1265447246355317 2278
1740779490611 0.08447831603550866 2279
1740779494112 0.09140777657120427 2280
1740779497555 0.0626117559707701 2281
1740779501356 0.07821529533684454 2282
1740779504791 0.14262327959190674 2283
1740779507896 0.1377169767371476 2284
1740779510933 0.08297915209153334 2285
1740779514390 0.2268225594280006 2286
1740779518163 0.09405286885330634 2287
1740779521441 0.08943400403239034 2288
1740779524699 0.16870642898737306 2289
1740779528161 0.03817785938620426 2290
1740779531710 0.09489726341451427 2291
1740779535134 0.059096242454336506 2292
1740779538253 0.04467277856279082 2293
1740779541543 0.045604130147961115 2294
1740779544835 0.06365409845028924 2295
1740779548762 0.23684876906782681 2296
1740779552049 0.0956334577372151 2297
1740779555286 0.07963574812506696 2298
1740779559077 0.05620724172755901 2299
1740779562899 0.07752173735604061 2300
1740779566262 0.23536964393402543 2301
1740779569420 0.214974320316124 2302
1740779572669 0.09073239488341855 2303
1740779576264 0.12111512498619645 2304
1740779579760 0.14082838879136111 2305
1740779582925 0.05330144785237024 2306
1740779586172 0.07619452469949149 2307
1740779589745 0.07184855623082453 2308
1740779592944 0.3046045467664089 2309
1740779596201 0.16223609253939247 2310
1740779599425 0.09183905047463801 2311
1740779602492 0.11405818981440623 2312
1740779605757 0.0673196263049905 2313
1740779609339 0.04288591120205178 2314
1740779613054 0.18284319594415308 2315
1740779616256 0.09580342957999692 2316
1740779619625 0.18324003647071246 2317
1740779622974 0.13799633037818812 2318
1740779626261 0.1067079437234336 2319
1740779629586 0.1909840512380803 2320
1740779632832 0.08118104477026808 2321
1740779636109 0.09863196993214722 2322
1740779639332 0.06844524242745666 2323
1740779642910 0.12194399058573337 2324
1740779646213 0.18284261323213127 2325
1740779649530 0.2622040748423612 2326
1740779653027 0.12766434127849716 2327
1740779656298 0.09503287398496015 2328
1740779659488 0.11948750515809911 2329
1740779662732 0.3334218099661676 2330
1740779665892 0.0852607782491803 2331
1740779669303 0.12258885249418033 2332
1740779672662 0.09049469910689041 2333
1740779675877 0.17947329936577236 2334
1740779679116 0.1182550440785815 2335
1740779682344 0.1206342161896403 2336
1740779685774 0.1142427867364112 2337
1740779689170 0.09490219194289976 2338
1740779692369 0.10665991938758738 2339
1740779695778 0.07683297805915101 2340
1740779699035 0.5750237993016608 2341
1740779702198 0.45912896831223515 2342
1740779705619 0.10021750149847097 2343
1740779709354 0.13455850368891947 2344
1740779712960 0.09161526233735495 2345
1740779716233 0.035882382312055275 2346
1740779719522 0.25907771799739576 2347
1740779722931 0.18665202863709518 2348
1740779726722 0.594449396451828 2349
1740779730257 0.18502568069685665 2350
1740779733392 0.18922967716318173 2351
1740779736636 0.07980531938059138 2352
1740779739882 0.10065545904846364 2353
1740779743081 0.09781650340088799 2354
1740779746630 0.09328052917126482 2355
1740779749762 0.15522150314406283 2356
1740779753197 0.1554974579289304 2357
1740779756406 0.07076579288604029 2358
1740779759923 0.16556270536513598 2359
1740779763408 0.12054606289955505 2360
1740779766719 0.5029397010743838 2361
1740779770545 0.13258737958941613 2362
1740779773953 0.1595275669845176 2363
1740779777102 0.15519456525371966 2364
1740779780232 0.6895171317249588 2365
1740779783806 0.05736979173963539 2366
1740779787482 0.15852970588369494 2367
1740779790922 0.07494698960539282 2368
1740779794287 0.0936319666524384 2369
1740779797765 0.18153870675066947 2370
1740779800992 0.09281087657782422 2371
1740779804460 0.09080124317902165 2372
1740779807605 0.051340554975615904 2373
1740779810797 0.08479249255472666 2374
1740779814712 0.04000529923321072 2375
1740779818389 0.1444605893523876 2376
1740779821649 0.11468569011543624 2377
1740779824840 0.05231124632836399 2378
1740779828447 0.044569588618924454 2379
1740779832245 0.18537659492962885 2380
1740779835483 0.6783978072987534 2381
1740779838713 0.099754670972924 2382
1740779842122 0.10262882543297241 2383
1740779846090 0.10322221268958989 2384
1740779849393 0.09508643787200911 2385
1740779852645 0.08616627487098423 2386
1740779855903 0.13015023430837785 2387
1740779859388 0.14842380479245573 2388
1740779862717 0.21560733678379063 2389
1740779865869 0.22295759174780452 2390
1740779868925 0.10943119835120702 2391
1740779872226 0.2463311178663629 2392
1740779875401 0.28318904619313995 2393
1740779878953 0.1326004761092744 2394
1740779882131 0.23279616612473522 2395
1740779885314 0.06326394355048798 2396
1740779888870 0.3841306536906546 2397
1740779892637 0.13371394865993216 2398
1740779896143 0.08894939136938328 2399
1740779899608 0.2877658859002612 2400
1740779903245 0.15772306590512145 2401
1740779906550 0.13669596013420166 2402
1740779909866 0.10911547510456523 2403
1740779913516 0.05930462043549876 2404
1740779917093 0.06422576462486164 2405
1740779920804 0.1333979170581652 2406
1740779924024 0.12571673752696128 2407
1740779927281 0.1114110047091947 2408
1740779930466 0.21099615514865655 2409
1740779933963 0.09626453833845082 2410
1740779937166 0.06658028742119089 2411
1740779940313 0.19502105362382643 2412
1740779943643 0.07051645610776221 2413
1740779947009 0.048087306714815675 2414
1740779950176 0.12856128174067227 2415
1740779953383 0.18395960183328758 2416
1740779957132 0.08294901583714777 2417
1740779960854 0.11098743048819219 2418
1740779964096 0.06677436579749355 2419
1740779967290 0.29079524212515073 2420
1740779970991 0.04186234373187656 2421
1740779971552 1.0707506896595844 2422
1740779975450 0.08756508807663912 2423
1740779978724 0.10711030209910379 2424
1740779981958 0.07603906455969552 2425
1740779985629 0.0817246141229328 2426
1740779988858 0.10083391585339925 2427
1740779992231 0.18086302663152473 2428
1740779995681 0.056944634280877725 2429
1740779999147 0.1083698665900887 2430
1740780002275 0.06630292615465745 2431
1740780005529 0.8207950664193162 2432
1740780008579 0.8180450986620375 2433
1740780011822 0.06604077929162673 2434
1740780014868 0.041240017923840154 2435
1740780018032 0.08162404388815805 2436
1740780021594 0.3119491668579268 2437
1740780024603 0.08834641220519501 2438
1740780027900 0.15519876523586262 2439
1740780031112 0.05196583155345804 2440
1740780034666 0.05985814150638798 2441
1740780038008 0.1067424094395196 2442
1740780041229 0.09273762893806521 2443
1740780044367 0.07912618012185807 2444
1740780047689 0.11275227315946307 2445
1740780050857 0.07573079279905161 2446
1740780054472 0.16976989160367986 2447
1740780057965 0.11330535189253514 2448
1740780061291 0.18513974622685164 2449
1740780064651 0.10664400846380938 2450
1740780065475 0.8989173343430121 2451
1740780069025 0.08818764638332986 2452
1740780072157 0.040055520762312107 2453
1740780075517 0.03986114893642679 2454
1740780079505 0.24749731542202583 2455
1740780082698 0.1726265608351288 2456
1740780085805 0.06776076690299622 2457
1740780089213 0.09801051520041275 2458
1740780092727 0.2259230730887004 2459
1740780095869 0.12199174945040248 2460
1740780099045 0.10961918025377203 2461
1740780102110 0.42960788443720355 2462
1740780105221 0.17848596247971282 2463
1740780108442 0.2022067127380905 2464
1740780111725 0.13577639275517542 2465
1740780114899 0.0484343311232991 2466
1740780118022 0.45045930063919065 2467
1740780121269 0.07867496078162811 2468
1740780124659 0.04535497306329075 2469
1740780128212 0.09327003676663835 2470
1740780131449 0.08546196921690905 2471
1740780134678 0.07730646605874365 2472
1740780138064 0.24580871763704465 2473
1740780141969 0.1744993566932953 2474
1740780145331 0.11480617409713707 2475
1740780148783 0.1068712199316008 2476
1740780152269 0.09507243603933248 2477
1740780155825 0.044193906484354464 2478
1740780159137 0.055742269802904164 2479
1740780159772 1.0611203792885846 2480
1740780162906 0.0571960900874846 2481
1740780166562 0.28919709128757237 2482
1740780170199 0.038042788839475296 2483
1740780173288 0.09130470547820024 2484
1740780176330 0.07761486026689018 2485
1740780179637 0.04215614293155665 2486
1740780182877 0.1473066769104175 2487
1740780186084 0.07226603656360306 2488
1740780189182 0.041090016321731565 2489
1740780192388 0.11372189763199284 2490
1740780195495 0.08034854086447922 2491
1740780198707 0.4542758038232798 2492
1740780201977 0.10001515800444047 2493
1740780205166 0.2905563790084608 2494
1740780208436 0.10277379114926743 2495
1740780211585 0.09770336185633051 2496
1740780214862 0.05075762981208854 2497
1740780218494 0.04740781563550308 2498
1740780221601 0.11216548289362364 2499
1740780224855 0.07419958877642191 2500
1740780228185 0.13630690882934235 2501
1740780231297 0.24266831907095696 2502
1740780234553 0.0864185826993183 2503
1740780237761 0.06201872647041645 2504
1740780241090 0.1080301331952015 2505
1740780244338 0.05834571801916996 2506
1740780247618 0.20730276904153017 2507
1740780250905 0.0818451956872177 2508
