1740771952973 7.381062959256117 0
1740771955912 4.949261648156334 1
1740771959056 4.146242664027778 2
1740771962273 5.951172279164241 3
1740771965417 6.479645461204537 4
1740771968590 8.884063714225197 5
1740771971625 5.16584225955219 6
1740771974746 9.576557372834385 7
1740771977711 33.182822648824526 8
1740771980806 9.114680580793987 9
1740771983904 13.053670622056522 10
1740771986998 5.286677688149732 11
1740771989985 10.301375675869526 12
1740771993084 9.104211638681479 13
1740771996181 26.787180485433822 14
1740771999295 5.960991176480257 15
1740772002285 18.048967050405402 16
1740772005301 5.334954977816108 17
1740772008312 4.998160852666792 18
1740772011414 12.828607742632268 19
1740772014662 3.9438366740503716 20
1740772017843 6.709761887363027 21
1740772021072 5.8909545556668474 22
1740772024374 7.966883312338112 23
1740772027658 4.1581873960108195 24
1740772030849 5.423472027662831 25
1740772034132 7.903615338746142 26
1740772037458 15.99731076345934 27
1740772040765 7.516835253725378 28
1740772044019 8.73792838216624 29
1740772047143 7.877786416967571 30
1740772050171 4.845702453019655 31
1740772053261 4.771645426742921 32
1740772056615 7.136778900351609 33
1740772059790 9.526019984528793 34
1740772062912 6.452832070214425 35
1740772066087 4.807329882490925 36
1740772069166 7.020621346337161 37
1740772072295 6.492624982619405 38
1740772075437 8.929899827003647 39
1740772078667 9.076817955261367 40
1740772081998 6.863033007258408 41
1740772085100 10.005005621661187 42
1740772088304 5.876148586490791 43
1740772091546 7.130326474867314 44
1740772094654 4.126258838221075 45
1740772097897 14.801861396581716 46
1740772100954 11.698718978241201 47
1740772104037 7.558144044342463 48
1740772107179 8.852382085351525 49
1740772110324 7.127902656328352 50
1740772113644 5.081052292030481 51
1740772116754 9.15734199992517 52
1740772119876 9.527039483813308 53
1740772122820 6.400450238147324 54
1740772126006 10.550826003668211 55
1740772129117 9.582743055163206 56
1740772132261 9.791658437022855 57
1740772135481 12.952148804811891 58
1740772138502 10.769306926682317 59
1740772141834 10.237110972034099 60
1740772145082 15.281285535325217 61
1740772148448 7.912945349534968 62
1740772151565 8.241991783597497 63
1740772154634 9.420881117965587 64
1740772157800 4.898753907783033 65
1740772160893 5.621351260762962 66
1740772164013 5.717895155139727 67
1740772167009 8.294639229393304 68
1740772170437 4.8034295240174805 69
1740772173644 10.821722287077023 70
1740772176773 5.636985899607833 71
1740772179907 13.92171084621947 72
1740772182969 9.753486754758189 73
1740772186073 7.832953675719538 74
1740772189138 9.036709435931034 75
1740772192280 6.5159118877963165 76
1740772195351 8.846639257053226 77
1740772198323 7.067963181330613 78
1740772201457 29.4311009379147 79
1740772204578 9.235367892144781 80
1740772207694 3.526789356293486 81
1740772210844 13.062580334849827 82
1740772213829 6.169580373180199 83
1740772216991 5.880667159037736 84
1740772220086 5.143569938542995 85
1740772223179 6.884877630671461 86
1740772226081 9.543134038178177 87
1740772229115 5.650996501635626 88
1740772232458 4.256707952377814 89
1740772235509 7.456423055539901 90
1740772238705 7.019185662904329 91
1740772241975 11.091152338429254 92
1740772245322 7.972060167767511 93
1740772248333 10.972266762222091 94
1740772251502 10.975779345142216 95
1740772254661 5.841840607488192 96
1740772257606 9.982342347886961 97
1740772260696 5.451059827845053 98
1740772263819 10.224698119582255 99
1740772266857 14.656770845467355 100
1740772269982 12.100285897193983 101
1740772273051 4.509584751760298 102
1740772276243 7.775270164311103 103
1740772279295 6.902499415400302 104
1740772282643 4.555664352322141 105
1740772285668 12.415669396646406 106
1740772288867 8.268723355762312 107
1740772291896 6.401449424404916 108
1740772294842 9.956607858133252 109
1740772297845 7.475797236663079 110
1740772301133 11.859741480607486 111
1740772304233 5.885020733454295 112
1740772307405 6.880411146283178 113
1740772310424 6.7418133399291 114
1740772313486 7.798432808566513 115
1740772316542 7.633759042076853 116
1740772319681 9.161826438214339 117
1740772322874 17.22355719667762 118
1740772326014 4.153803676992273 119
1740772329188 5.654837216050639 120
1740772332292 5.677931851377756 121
1740772335388 6.364466650674486 122
1740772338325 8.145681646899066 123
1740772341384 7.3431456287950665 124
1740772344485 5.156061657122596 125
1740772345093 1.0346353947260436 126
1740772348174 11.088997567747185 127
1740772351313 5.380162954601675 128
1740772354420 4.038180058363532 129
1740772357561 9.382151957225236 130
1740772360652 7.400802747385119 131
1740772363875 6.873159020418633 132
1740772367039 9.617824627748075 133
1740772370178 8.022541151992279 134
1740772373079 6.422669902428743 135
1740772376174 11.085133888822398 136
1740772379263 10.66235761481327 137
1740772382414 4.798594232362385 138
1740772385524 5.403456191630975 139
1740772388589 10.296601984923063 140
1740772391650 8.06472944508094 141
1740772394700 5.657119608016873 142
1740772397899 8.324429268765366 143
1740772401051 6.760227928008126 144
1740772404261 9.348494863881585 145
1740772407351 6.789726456668697 146
1740772410475 5.024662241877283 147
1740772413570 6.380266271548622 148
1740772417201 6.077049642147879 149
1740772420230 8.946238713998493 150
1740772423473 8.91617528116703 151
1740772426631 10.455669396654338 152
1740772429627 9.084394246034169 153
1740772432862 8.267345137678344 154
1740772436104 10.421073220097709 155
1740772439310 3.6299552387729173 156
1740772442462 19.39982453453738 157
1740772445684 12.199024582867983 158
1740772448895 7.098308043575291 159
1740772452074 8.574197450339167 160
1740772455167 16.66120953703922 161
1740772458348 9.698493345475129 162
1740772461442 12.792305373163792 163
1740772464582 7.743233013498798 164
1740772467682 3.675354867902258 165
1740772470686 9.315069919862212 166
1740772473665 6.63209652532316 167
1740772476788 15.865323488244032 168
1740772479849 8.760340395729035 169
1740772483485 7.731124476076984 170
1740772486931 15.338699462886582 171
1740772489956 8.677396659818564 172
1740772492914 6.703873145938424 173
1740772496103 4.53198608724413 174
1740772499080 4.785105760874311 175
1740772502221 6.787738778849706 176
1740772505298 16.93797776820897 177
1740772508366 10.86989716837103 178
1740772511320 10.123578764577339 179
1740772514409 11.60053327583232 180
1740772517433 7.548808706717423 181
1740772520425 7.967995203505351 182
1740772523630 8.95009106744501 183
1740772526647 10.541468795670314 184
1740772529641 10.460591830450944 185
1740772532931 13.445576215347002 186
1740772535929 10.315034554572607 187
1740772539114 9.357826223648763 188
1740772542696 8.938702406026266 189
1740772545894 4.119552287758564 190
1740772549013 4.398041719976518 191
1740772552294 15.111609462877716 192
1740772555446 7.1007818858933165 193
1740772558431 11.898178185063308 194
1740772561544 6.6511879614777945 195
1740772564670 6.348439602544089 196
1740772567922 13.019004119089187 197
1740772571016 13.385085492948548 198
1740772574262 31.817143003125747 199
1740772577437 12.574326787679492 200
1740772580542 12.861368983319673 201
1740772583630 8.591892288921054 202
1740772586995 6.304493140256233 203
1740772590086 11.210840639723934 204
1740772593541 9.840425891541908 205
1740772596953 9.295310576502951 206
1740772600472 7.54436207510775 207
1740772603472 5.925730585532155 208
1740772606644 16.010882891558268 209
1740772610167 4.174359175712949 210
1740772613610 15.219423255283807 211
1740772616703 7.902650410432883 212
1740772619652 8.594156421832311 213
1740772622893 10.733291154646238 214
1740772626044 16.62564460375426 215
1740772629026 8.56183281298389 216
1740772632000 8.088997268475948 217
1740772635067 11.302751964814094 218
1740772638550 7.688602522744972 219
1740772642160 9.467305277897285 220
1740772645245 5.824874762718158 221
1740772648466 12.174927967281304 222
1740772651644 16.691557419801676 223
1740772654716 10.825425035121084 224
1740772657904 5.0421516500648735 225
1740772661246 6.186509223659369 226
1740772664396 8.24869108347446 227
1740772667926 4.844543007700742 228
1740772670985 29.055244064435225 229
1740772674005 6.394784198229063 230
1740772677315 7.726534319551202 231
1740772680441 7.701493063009356 232
1740772683486 7.253771899345816 233
1740772686611 9.75914933185643 234
1740772689760 11.372940083843643 235
1740772693163 9.538254609945897 236
1740772696396 11.944136219685824 237
1740772699497 5.253577786295736 238
1740772702699 8.51997192210549 239
1740772705847 14.530812162710824 240
1740772709003 10.646169402527795 241
1740772712287 12.456911082323577 242
1740772715515 9.035527707500435 243
1740772718523 6.5894558483252474 244
1740772721812 20.468893265381265 245
1740772724834 14.859343302070323 246
1740772727935 8.594538682659946 247
1740772731092 13.256061707852528 248
1740772734656 10.476738644605263 249
1740772737998 26.096301341152213 250
1740772741123 8.965470500387214 251
1740772744265 6.717103262718642 252
1740772747254 9.364588074354252 253
1740772750406 6.987711077264031 254
1740772753551 25.391442153343597 255
1740772756812 5.186774188711587 256
1740772759800 18.28975816338504 257
1740772762890 11.448927027694292 258
1740772766150 10.593494070796998 259
1740772769175 8.56225840929825 260
1740772772404 11.018686993389917 261
1740772775579 5.962439290653643 262
1740772778652 16.36022494541227 263
1740772781822 8.65299674162593 264
1740772784983 15.392379077838768 265
1740772788140 8.20552201716147 266
1740772791343 5.494777256150468 267
1740772794508 5.747314307043849 268
1740772797762 14.290677599505614 269
1740772801072 7.187898140180992 270
1740772804134 11.97763121380963 271
1740772807308 7.051741299929329 272
1740772810378 8.886978586355726 273
1740772813350 8.089948082641325 274
1740772816480 11.433379929012384 275
1740772819694 10.313441357866552 276
1740772822749 4.5254974801169 277
1740772825719 11.627624525989592 278
1740772828914 13.476464292261639 279
1740772832025 7.184405521877598 280
1740772835046 7.946085391909265 281
1740772838179 11.734355732856601 282
1740772841393 8.444688389047938 283
1740772844372 4.444572857337672 284
1740772847544 5.375178502900247 285
1740772850598 5.900438403835994 286
1740772853697 23.52454424373895 287
1740772856751 7.619703661016475 288
1740772860456 4.563793009364307 289
1740772863658 11.82150135495266 290
1740772866762 12.473870709186375 291
1740772869770 9.295054588791785 292
1740772872893 3.8990236523143476 293
1740772875933 25.650799339350915 294
1740772879014 7.349681668841969 295
1740772881958 5.8954051194028825 296
1740772885386 10.768687185611718 297
1740772888553 20.062912607358555 298
1740772891525 8.267500497635972 299
1740772894601 29.378590876176887 300
1740772897932 6.009807567756027 301
1740772901102 4.943903291288662 302
1740772904222 6.400548615833136 303
1740772907276 7.394407441518564 304
1740772910397 6.847394778933462 305
1740772913457 6.83663229274863 306
1740772916482 6.922845057602608 307
1740772919602 6.231587831763651 308
1740772922728 10.448413916091848 309
1740772925853 4.834395820018367 310
1740772928977 5.292445023639386 311
1740772931941 5.387721053374415 312
1740772935091 5.963593574114818 313
1740772938143 7.329577444988309 314
1740772941167 36.36083886298373 315
1740772944252 9.56372853768152 316
1740772947234 4.611772105899854 317
1740772950338 7.172595511359098 318
1740772953505 9.822253514501577 319
1740772956652 11.742173302066382 320
1740772959650 5.48974363688911 321
1740772962668 5.997687222494686 322
1740772965719 12.266906191001716 323
1740772968878 19.138739231974792 324
1740772971969 6.941270216555312 325
1740772975216 8.06655791383517 326
1740772978197 5.184726612848373 327
1740772981265 7.787605056465235 328
1740772984368 10.848887417436371 329
1740772987541 14.088585502948733 330
1740772990645 10.41962685963822 331
1740772993820 12.810899390467643 332
1740772996933 12.669291748352883 333
1740772999912 18.580879352550607 334
1740773002964 20.72847337086211 335
1740773006020 9.355688919976474 336
1740773009557 11.503014617257834 337
1740773012818 7.567309943775077 338
1740773016323 8.791742096393422 339
1740773019643 10.620683957624827 340
1740773023181 10.008580935635104 341
1740773026431 7.744674361225681 342
1740773029515 10.9267632564743 343
1740773032717 13.094194705937834 344
1740773036519 11.824146167743098 345
1740773039522 19.31341903999615 346
1740773042589 13.656746047441604 347
1740773045580 15.376780707290626 348
1740773049116 6.779756866239703 349
1740773052548 4.072735759319692 350
1740773056061 7.070027975155366 351
1740773059251 31.634080382983633 352
1740773062288 28.298493295737163 353
1740773065322 9.85684249216921 354
1740773068477 7.182347128928792 355
1740773071761 13.04870681847053 356
1740773074977 10.774002763340121 357
1740773078125 10.929594034878088 358
1740773081242 6.729447783595488 359
1740773084217 12.249055495022816 360
1740773087405 12.4146227866002 361
1740773090823 8.461597403348646 362
1740773093972 9.452746986040667 363
1740773097135 10.23147016443757 364
1740773100234 14.803010810060407 365
1740773103488 12.120938707374266 366
1740773106913 11.421559051573203 367
1740773110071 12.54677603123254 368
1740773113184 7.286088631466207 369
1740773116336 6.044227320271101 370
1740773119524 9.254751527133779 371
1740773122590 10.902260593043845 372
1740773125726 10.29181252007097 373
1740773129129 7.063963480340795 374
1740773132484 4.6623847220801675 375
1740773135788 9.150867089227809 376
1740773138814 7.595827774357612 377
1740773141812 9.051432724851049 378
1740773145179 5.910075807183812 379
1740773148422 5.7303214111765755 380
1740773151728 6.971454337037305 381
1740773154893 3.211538259250252 382
1740773158339 11.516124902363433 383
1740773161562 7.623437056879986 384
1740773164574 7.538611542626719 385
1740773167726 4.470263543247651 386
1740773170905 28.468811086585248 387
1740773174055 10.465776182964056 388
1740773177395 4.362873563263434 389
1740773180407 13.096929249136725 390
1740773183417 5.857764365457958 391
1740773186916 13.248909813045174 392
1740773190351 24.37277239576772 393
1740773193651 11.46646175346195 394
1740773196741 24.247442899893723 395
1740773199896 34.828267752508 396
1740773202966 7.982199475210732 397
1740773206423 24.944909045644895 398
1740773209912 6.8557886250437345 399
1740773212905 3.4092672556852452 400
1740773216106 12.46640721132819 401
1740773219550 24.196273877701767 402
1740773222932 26.814892928093307 403
1740773226077 8.099448240806774 404
1740773229126 7.551326944976714 405
1740773232244 14.676287308251554 406
1740773235476 25.0629631248781 407
1740773238739 15.1985364105044 408
1740773241727 8.069083466400308 409
1740773244789 9.999897869209832 410
1740773248026 13.938146283488447 411
1740773251095 11.524431044625862 412
1740773254401 10.576583612947063 413
1740773257613 4.412237127781382 414
1740773260687 5.801934319099885 415
1740773263811 8.34679484085537 416
1740773267067 10.877890595003661 417
1740773270241 6.267642752616128 418
1740773273287 20.38529092770178 419
1740773276903 9.691780134147619 420
1740773280066 7.153357892961598 421
1740773283348 7.606659258400823 422
1740773286334 6.443560591622395 423
1740773289497 4.588175303120773 424
1740773292985 6.280787441540711 425
1740773296291 15.839135754880099 426
1740773299385 5.7066075329433525 427
1740773302613 21.510153174632855 428
1740773305921 4.980522161357307 429
1740773308984 4.873650029272956 430
1740773312406 8.99125647977356 431
1740773315700 17.031815682947578 432
1740773318994 11.060418592333969 433
1740773322145 10.860948610700367 434
1740773325153 13.443895474325563 435
1740773328377 31.646784945450214 436
1740773331443 16.82382735968745 437
1740773334588 5.0162756782788085 438
1740773337750 5.505054877820763 439
1740773340835 10.226784486155083 440
1740773343955 7.002256689145928 441
1740773347099 9.852273016843393 442
1740773350210 9.335174092255766 443
1740773353428 11.680847913195676 444
1740773356687 13.271410515543883 445
1740773359914 11.508868863567482 446
1740773363116 7.188023253732589 447
1740773366175 17.44932993835284 448
1740773369674 10.916607978441874 449
1740773373286 6.748486728559102 450
1740773376587 13.168783045552056 451
1740773379715 8.39477046299848 452
1740773382943 7.3132151434274295 453
1740773385953 4.086951669385389 454
1740773388969 4.325377396113065 455
1740773392025 9.729771062956827 456
1740773395395 4.128208024803557 457
1740773398478 5.575784773825275 458
1740773402027 40.74063005031315 459
1740773405180 13.49637962753206 460
1740773408187 9.668564762675503 461
1740773411478 23.09905984386435 462
1740773415041 14.339638137944169 463
1740773418256 9.977339576800079 464
1740773421409 10.195354204996903 465
1740773424413 4.478522880461969 466
1740773427597 9.45194100909584 467
1740773430772 7.234655963702705 468
1740773434156 7.934791489661394 469
1740773437411 24.044460134073102 470
1740773440433 9.321469725495847 471
1740773443584 9.186107836938175 472
1740773446738 5.477085163894079 473
1740773449914 15.664716724568242 474
1740773453224 6.428256186018923 475
1740773456537 5.833357691758963 476
1740773459638 9.944719916063386 477
1740773462848 12.94983495692831 478
1740773465805 6.807341001937544 479
1740773469314 7.837807355417896 480
1740773472462 11.851406605477377 481
1740773475681 5.291463715066918 482
1740773478758 10.829619194441092 483
1740773481871 13.738414991954372 484
1740773484838 9.524345590282858 485
1740773488036 14.923904711590657 486
1740773491087 5.654313645497255 487
1740773494090 8.134847130732373 488
1740773497785 4.506546262283408 489
1740773501042 31.257738713572905 490
1740773504165 13.100253638441137 491
1740773507210 9.798422354425469 492
1740773510332 8.317238360812828 493
1740773513490 5.821487015663405 494
1740773516506 3.5388527017812588 495
1740773519588 8.165310437307296 496
1740773522699 15.563258198083417 497
1740773525940 17.919175058310863 498
1740773528956 4.736283248690905 499
1740773532118 13.268676239338719 500
1740773535245 7.345376187305846 501
1740773538536 9.843137680838899 502
1740773541679 5.061572913010286 503
1740773544669 11.086327583973272 504
1740773547897 33.51208828425904 505
1740773551078 15.038127897328147 506
1740773554314 10.692676296359172 507
1740773557523 9.349335811721497 508
1740773560682 5.289227073331867 509
1740773563904 13.08165986343908 510
1740773567143 5.075327091821287 511
1740773570288 4.420226402544401 512
1740773573811 11.95362932937828 513
1740773577104 9.207597447489855 514
1740773580185 10.4671285022047 515
1740773583224 9.919567301294187 516
1740773586288 6.272956588610411 517
1740773589451 21.785147739766504 518
1740773592618 17.28235240803844 519
1740773595616 10.461912878774143 520
1740773598698 6.023440943008717 521
1740773601816 8.000208459672026 522
1740773604837 10.518601514946196 523
1740773607967 3.9135740728712345 524
1740773611470 20.316118053315996 525
1740773614824 7.77402816122741 526
1740773618015 5.394715158848429 527
1740773621241 12.174434676400352 528
1740773624525 5.913928272240752 529
1740773627869 3.500393690987101 530
1740773630870 6.590832065097249 531
1740773634120 20.73947651874285 532
1740773637095 8.734968392559875 533
1740773640302 10.509287642238258 534
1740773643693 6.432658960795456 535
1740773646709 5.180861434392907 536
1740773650047 21.46088829284711 537
1740773653511 7.30332873610104 538
1740773657079 4.746232734036414 539
1740773660228 7.322493264268443 540
1740773663228 4.443579653771213 541
1740773666735 9.750610630421708 542
1740773670109 5.719677137776492 543
1740773673337 13.53673299567816 544
1740773676688 8.857707840222643 545
1740773679759 6.4537450054908305 546
1740773682980 4.424455583230275 547
1740773686019 4.697060097716102 548
1740773689253 9.748813224198079 549
1740773692348 5.9867838009931065 550
1740773695511 8.850968277061652 551
1740773698709 8.513414101363134 552
1740773701785 5.056856564406871 553
1740773704755 6.935012821772227 554
1740773707867 6.761872808860166 555
1740773710999 7.387783746919742 556
1740773714295 35.81494519045714 557
1740773717449 9.07591361007573 558
1740773720704 4.962661286832063 559
1740773724003 7.453940726025215 560
1740773727175 5.127419376994226 561
1740773730354 6.081741827528278 562
1740773733436 6.350964189687124 563
1740773736498 11.850520432784073 564
1740773739805 7.703178718766987 565
1740773742887 9.629149014302817 566
1740773745954 16.07788969748643 567
1740773749165 9.934546956184759 568
1740773752301 6.6067534533861245 569
1740773755718 6.246138443582741 570
1740773759043 14.309457536752513 571
1740773762088 9.66378707226997 572
1740773765284 5.246094078538622 573
1740773768440 5.069817073620681 574
1740773771654 17.32763055159165 575
1740773775392 4.281666902750816 576
1740773778583 23.25477933420102 577
1740773781646 6.289789537506048 578
1740773784895 6.980709682161881 579
1740773788468 9.206487878433252 580
1740773791900 7.729969686039556 581
1740773795158 6.846801654407853 582
1740773798363 12.953349879785748 583
1740773801785 9.686822633446722 584
1740773805382 23.959163947963283 585
1740773808560 43.934005979894515 586
1740773811568 7.616418401508636 587
1740773814974 6.489734872072403 588
1740773818494 4.274573996739049 589
1740773822062 6.79468280148525 590
1740773825347 20.071350303134793 591
1740773828608 8.477949780990464 592
1740773832190 3.2378012855188754 593
1740773835756 5.194669191466434 594
1740773839062 10.206413977815592 595
1740773842339 19.413322384391286 596
1740773845891 16.22006093193817 597
1740773849368 17.27277734276865 598
1740773852739 4.398107303453946 599
1740773855802 5.491061315721514 600
1740773858922 11.640455923137193 601
1740773862378 8.010323794627643 602
1740773865819 11.264209507885681 603
1740773868906 4.09221735883936 604
1740773872160 7.70496799231241 605
1740773875423 12.597726468604323 606
1740773878534 15.516971450442835 607
1740773881825 9.329544369983175 608
1740773884902 5.885389269019296 609
1740773887904 10.624641655982469 610
1740773890983 10.145411559892425 611
1740773894245 13.10733539822288 612
1740773897836 6.618872667480613 613
1740773901064 9.19561704436553 614
1740773904740 10.562604098300096 615
1740773908251 9.973829063533708 616
1740773911276 8.829714949240135 617
1740773914646 4.02169059454593 618
1740773918542 6.2984972179059175 619
1740773921827 9.867352059179336 620
1740773924893 3.7640286301508845 621
1740773928261 10.247742204810317 622
1740773931495 14.328762365896498 623
1740773934502 15.989956190870629 624
1740773937634 13.839578560354214 625
1740773940836 10.14851247781773 626
1740773944277 8.99277507553834 627
1740773947926 6.942671725741433 628
1740773951155 5.176043132930835 629
1740773954335 5.210324181572713 630
1740773955003 5.719307054012763 631
1740773958621 9.242742331628252 632
1740773962156 13.920078962549917 633
1740773965444 3.6089280929193746 634
1740773968616 7.817463816113199 635
1740773971817 7.962639073191297 636
1740773975571 27.095528030245315 637
1740773979386 14.156268449152886 638
1740773982417 4.131683222733933 639
1740773985621 6.617542951786275 640
1740773989099 7.6983379497525455 641
1740773992747 74.84369472634008 642
1740773995989 17.03216931873005 643
1740773999069 7.615248054181032 644
1740774002421 7.628175259744504 645
1740774006155 10.327010888787486 646
1740774009597 6.240160471881242 647
1740774012693 19.583980416936278 648
1740774015746 10.818231433163474 649
1740774019246 6.4946253326269705 650
1740774022397 19.701732193790594 651
1740774025422 7.349134396226124 652
1740774028532 5.621956558014153 653
1740774031692 8.056556617842137 654
1740774034662 6.2326329349737755 655
1740774037929 23.750512160273114 656
1740774041201 6.936058033937065 657
1740774044191 23.609638582541077 658
1740774047270 10.040022927458699 659
1740774050444 4.743200027965001 660
1740774053470 8.803812958912141 661
1740774056716 12.861019566284433 662
1740774059877 5.963804912300984 663
1740774063087 5.5880997490394355 664
1740774066268 6.263128603809427 665
1740774069553 6.99740190753787 666
1740774072720 5.150242653155166 667
1740774076324 6.468572808322749 668
1740774079647 5.149560235869588 669
1740774082871 18.16772467157915 670
1740774085955 11.345542589328973 671
1740774089780 23.603140287263507 672
1740774093122 6.040632890980444 673
1740774096207 4.913741053851485 674
1740774099368 4.540785920191593 675
1740774102405 8.603368167954434 676
1740774105512 5.5129990460770335 677
1740774108722 6.037203213714835 678
1740774111913 5.8545790986414845 679
1740774115032 20.59040044425291 680
1740774118223 3.7070892073409296 681
1740774121548 15.339881833483483 682
1740774124795 4.921344516655148 683
1740774128058 8.607130229904307 684
1740774131252 7.754168087568629 685
1740774134466 7.419192860884274 686
1740774137652 15.324640689637208 687
1740774141100 5.096389515448916 688
1740774144888 3.60074109807777 689
1740774148367 8.017369045518489 690
1740774151475 7.3479882076822856 691
1740774154550 8.451599506511709 692
1740774158145 11.928170376573831 693
1740774161799 6.47811481411003 694
1740774165019 6.814326230617452 695
1740774168210 14.795610884661412 696
1740774171908 30.757627137001645 697
1740774175040 12.863689471249721 698
1740774178176 19.605012943019428 699
1740774181335 5.408403257108417 700
1740774184966 5.234002946734004 701
1740774188088 6.057280740146182 702
1740774191359 10.313827713498094 703
1740774194396 26.09983986075822 704
1740774197737 8.70465311088204 705
1740774201321 4.187994853217222 706
1740774204766 6.203893940903718 707
1740774207774 13.30577321007322 708
1740774210942 12.88629767669377 709
1740774214273 13.657609890338492 710
1740774217640 10.221733204794434 711
1740774220752 13.02684430222315 712
1740774224236 6.671936431363568 713
1740774227667 5.2531296324914285 714
1740774230988 6.691334111836041 715
1740774234192 6.432583570978622 716
1740774237441 9.373527698618284 717
1740774240894 12.052803523137248 718
1740774244160 11.830000386040226 719
1740774247271 5.004108237414172 720
1740774250308 19.437924278322736 721
1740774253755 6.525893915675624 722
1740774257249 31.682994375328057 723
1740774260590 15.181834049767955 724
1740774263566 3.4755748710736545 725
1740774267248 11.453715362051787 726
1740774270907 15.563740370370315 727
1740774273949 4.738356095801888 728
1740774277192 16.349685637741693 729
1740774280718 14.581151883556394 730
1740774284221 20.67397293055137 731
1740774287620 5.722551242040013 732
1740774290828 6.959002808684229 733
1740774294172 8.007153822921062 734
1740774297666 3.2053617495851046 735
1740774300689 4.995185872445934 736
1740774303762 5.9390138005883415 737
1740774307577 7.740253155875414 738
1740774311203 11.954339750470398 739
1740774314457 5.797427684163212 740
1740774317593 19.625554895110565 741
1740774321045 14.575931405091648 742
1740774324599 8.125904386324969 743
1740774327721 18.522614779523693 744
1740774330986 3.506487615894397 745
1740774334737 9.473202851354934 746
1740774337762 5.2069828658517014 747
1740774340778 11.02695956449024 748
1740774343860 8.08661431270687 749
1740774347474 6.145804694263689 750
1740774350799 5.069568119684318 751
1740774353826 6.910198295932664 752
1740774356943 7.05951712244105 753
1740774360038 12.925370632112426 754
1740774363560 7.515981240955181 755
1740774366833 7.6919146721316585 756
1740774369995 8.012531568435575 757
1740774373101 9.724712223838337 758
1740774376406 6.129649725881975 759
1740774379763 7.5803885766706 760
1740774382771 16.094073974837773 761
1740774385789 8.329391679600347 762
1740774389159 20.728234875760556 763
1740774392718 8.626443293760957 764
1740774395835 7.070851293381155 765
1740774398839 4.909904014335667 766
1740774402128 20.84020432825632 767
1740774405671 4.996712173934401 768
1740774408983 8.601926976544272 769
1740774412196 11.502428320540147 770
1740774415469 14.246685415280025 771
1740774418650 11.432369544582587 772
1740774421897 10.523662439872956 773
1740774424960 14.424428995364913 774
1740774427999 7.127987909768375 775
1740774431449 3.4964423199703263 776
1740774435056 14.985639457433049 777
1740774438620 8.759394822483104 778
1740774441795 10.362018874530172 779
1740774444853 13.504908093558551 780
1740774448596 9.060971318324228 781
1740774451733 7.229935444123436 782
1740774455009 6.070089757401334 783
1740774458122 4.866546780402085 784
1740774461262 8.843713492082697 785
1740774464482 50.431437052840295 786
1740774467769 13.800019731916127 787
1740774471098 7.955821134752379 788
1740774474127 7.46669117923512 789
1740774477197 7.791506488154711 790
1740774480809 13.85054908947549 791
1740774484058 9.023531635509956 792
1740774487423 5.984353867762984 793
1740774490565 5.398334069570642 794
1740774493828 7.992726152931519 795
1740774497012 5.1552061710393335 796
1740774500303 4.383700469536259 797
1740774503530 14.1422636883508 798
1740774506788 9.893086505919817 799
1740774510028 23.3675986819182 800
1740774513469 5.178805884752619 801
1740774516770 7.178346528415024 802
1740774520044 4.297542731959917 803
1740774523305 7.916281853954587 804
1740774526686 7.419917609249392 805
1740774529775 12.398330743079814 806
1740774533153 4.593953063906169 807
1740774536140 4.48007414220312 808
1740774539208 25.80945425379657 809
1740774542557 6.472868846497761 810
1740774545833 5.698284222802413 811
1740774549398 4.9658889943036595 812
1740774553063 26.130044071513236 813
1740774556091 8.033902982474181 814
1740774559249 9.762515176912476 815
1740774562776 4.145678102079038 816
1740774566203 3.6718137312186903 817
1740774569341 4.6476498896199105 818
1740774572440 16.59738699899649 819
1740774576111 4.328838199942801 820
1740774579184 25.85501682957844 821
1740774582431 9.278998848800772 822
1740774585508 13.037418312037182 823
1740774588895 11.816318801966595 824
1740774592416 6.817288265875274 825
1740774595953 4.660544151527119 826
1740774599053 6.766456397235084 827
1740774602377 6.700997800501864 828
1740774606057 7.71337744368474 829
1740774609811 3.8282959056929133 830
1740774612971 4.552062085997899 831
1740774616088 4.797181809065284 832
1740774619761 9.624415285728825 833
1740774622790 5.30148503324551 834
1740774626071 5.193340044039693 835
1740774629079 10.01537939022091 836
1740774632283 7.888637360689197 837
1740774635629 23.07205623553371 838
1740774638848 8.658777798879711 839
1740774642181 11.816043314618831 840
1740774645644 11.516360488080737 841
1740774648884 10.89799057557531 842
1740774652353 8.278455446947383 843
1740774655624 6.456169768724561 844
1740774658807 12.216404971626728 845
1740774662195 9.351153344955275 846
1740774665516 6.927497756291337 847
1740774668594 5.086178766712214 848
1740774671669 8.927651203380377 849
1740774675010 18.188891866475135 850
1740774678239 7.544994565817823 851
1740774681617 12.8935330893562 852
1740774684722 7.785395438752453 853
1740774688209 5.0820508481914874 854
1740774691330 20.235220108937163 855
1740774694728 11.384920796188737 856
1740774697911 14.32065694284996 857
1740774701293 11.434956422989616 858
1740774704562 3.599080797053416 859
1740774707880 5.894190530873575 860
1740774710953 4.266887007715243 861
1740774714245 20.01863178032575 862
1740774718044 9.83803609823122 863
1740774721898 16.781497764322708 864
1740774725142 19.195185670758335 865
1740774728342 19.856115333378373 866
1740774731910 5.68631572201997 867
1740774735748 9.092918783107619 868
1740774739043 4.537337534509002 869
1740774742272 10.84913340648594 870
1740774745666 9.313742661506675 871
1740774749413 10.499165163812439 872
1740774752955 6.55630826287532 873
1740774756064 6.779683337644176 874
1740774759396 4.243702809706461 875
1740774763448 10.457931483294217 876
1740774766600 26.237125240392068 877
1740774769968 10.446484258277195 878
1740774773167 7.561156701421723 879
1740774776495 11.70560338598617 880
1740774779706 9.515491932273571 881
1740774782916 7.01864083468151 882
1740774786043 14.405024130738946 883
1740774789135 6.798802446797631 884
1740774792490 8.521892620788934 885
1740774795758 3.7307335510925923 886
1740774799176 17.103751371536145 887
1740774802407 6.971009964514188 888
1740774805876 7.032664266206598 889
1740774809462 6.621643285195068 890
1740774813019 12.06854842148084 891
1740774816486 43.36272669197341 892
1740774819669 39.93099328750176 893
1740774823390 10.633914199991953 894
1740774826456 3.6325496319342467 895
1740774829658 7.368757981921715 896
1740774833022 11.790580425228672 897
1740774836600 5.13428091112846 898
1740774840316 10.44074304501817 899
1740774843649 4.34147486834753 900
1740774847181 5.904368329275815 901
1740774850390 19.29938063523989 902
1740774853993 7.9784676797044245 903
1740774857210 11.036084760141739 904
1740774860513 6.120225565291773 905
1740774864229 13.048456875736587 906
1740774867643 8.520417957446432 907
1740774870796 13.947112006847108 908
1740774874035 6.456269997476498 909
1740774877365 14.26297756203654 910
1740774880877 3.5856940776518127 911
1740774884309 12.111433659818005 912
1740774887538 6.100947386198638 913
1740774891267 14.392977626207712 914
1740774894922 7.185585323789407 915
1740774898192 3.841086062344127 916
1740774901319 16.915773375985598 917
1740774904690 7.2144147146739845 918
1740774908086 15.61473338192041 919
1740774911417 7.3509628319396425 920
1740774914558 5.760374458907556 921
1740774917828 7.124940296026112 922
1740774921020 6.501831059020604 923
1740774924330 6.204711207515548 924
1740774927653 6.221437877594147 925
1740774930921 68.30144707646325 926
1740774934474 7.688147390266298 927
1740774937649 16.85823603708569 928
1740774940755 5.538701540011705 929
1740774944019 11.934566675210117 930
1740774947337 6.57383787048681 931
1740774951256 8.780819991778692 932
1740774954876 8.814064974775436 933
1740774957989 7.1583315975250486 934
1740774961286 5.982746466266301 935
1740774965122 14.287316641697496 936
1740774968473 5.936351193334947 937
1740774972043 7.92637070649847 938
1740774975212 22.437763316105546 939
1740774978713 10.126475420220805 940
1740774982614 21.846993928919666 941
1740774986247 28.027957931177408 942
1740774989719 11.263305896222906 943
1740774993154 8.517071410192155 944
1740774996272 9.215502089637486 945
1740774999709 6.711029574858929 946
1740775002880 7.258623970975763 947
1740775005977 12.05473674073464 948
1740775009834 17.181529590414577 949
1740775013458 12.82455555538166 950
1740775016593 8.435453120220355 951
1740775019830 13.073274867166779 952
1740775023142 14.625937282258 953
1740775026479 5.254067240788869 954
1740775029749 10.486782590733213 955
1740775032986 12.049938145564113 956
1740775036377 15.788569676013674 957
1740775039613 27.455453010262424 958
1740775043134 8.24515463543915 959
1740775046532 5.943947801121364 960
1740775049742 13.925883413271277 961
1740775053167 12.895592787096682 962
1740775056557 17.602231638230936 963
1740775059697 21.851369168411615 964
1740775062796 4.0851627894329985 965
1740775066078 15.476844101402767 966
1740775069499 6.803536953074865 967
1740775072881 23.265830318215503 968
1740775076107 18.527931364086744 969
1740775079409 7.184423779750028 970
1740775082766 6.091822230337302 971
1740775085868 7.50409854980504 972
1740775088975 19.137062392820827 973
1740775092275 6.247721027266046 974
1740775095703 22.328044428502846 975
1740775099227 51.53397067322865 976
1740775102555 14.66821485282928 977
1740775105696 8.277501092743787 978
1740775109027 7.895764353104044 979
1740775112499 18.907365736477814 980
1740775116576 49.62725462773014 981
1740775119921 16.89618533097011 982
1740775123112 8.879894779692467 983
1740775126341 8.854517004848509 984
1740775129806 7.569882502525451 985
1740775133130 5.824965953794067 986
1740775136290 5.867775523071538 987
1740775139494 14.808087034145357 988
1740775142688 7.680283893729469 989
1740775146359 4.3330452521932425 990
1740775149612 8.848409941222279 991
1740775152915 6.093364579144726 992
1740775156415 13.53981143376654 993
1740775159708 14.698431690956474 994
1740775163186 3.853509148148607 995
1740775166443 26.01756410672962 996
1740775169567 5.911597804979276 997
1740775172863 6.343818374688244 998
1740775176280 8.404647625163912 999
1740775179488 18.501208446099945 1000
1740775182769 5.702244218256805 1001
1740775186160 3.334619801236 1002
1740775189493 5.667882322272722 1003
1740775192573 3.8440508264614404 1004
1740775195667 6.3237432288146005 1005
1740775198963 8.226962173352323 1006
1740775202623 11.282076862443974 1007
1740775205793 10.029974393503755 1008
1740775209162 17.100156370916856 1009
1740775212342 14.914175287298024 1010
1740775215680 9.737237682095866 1011
1740775218991 7.480116091335977 1012
1740775222264 4.233414969268627 1013
1740775225336 10.239718943057621 1014
1740775228676 8.638269377496886 1015
1740775231915 10.810052187687925 1016
1740775235057 10.936675694853836 1017
1740775238251 13.940738963297163 1018
1740775241767 12.019349601057685 1019
1740775245019 5.682357092684368 1020
1740775248306 7.305868004132936 1021
1740775251438 7.366308433325795 1022
1740775254805 6.136857426164639 1023
1740775257937 4.285647476003726 1024
1740775261310 15.109382864102807 1025
1740775264613 6.385009053716281 1026
1740775267765 9.227879824952575 1027
1740775270926 19.904380612030725 1028
1740775274114 5.256822281644687 1029
1740775277514 22.373216902287457 1030
1740775280716 5.692548510287576 1031
1740775283873 9.154997241759613 1032
1740775287426 5.473385893182068 1033
1740775290570 9.33118722855176 1034
1740775293888 17.860980558138188 1035
1740775297088 5.374452738616315 1036
1740775300202 7.3369981567505596 1037
1740775303360 29.14268337044668 1038
1740775306646 12.01224555849244 1039
1740775309828 5.99811491447922 1040
1740775312956 9.498659462114578 1041
1740775316086 4.333024949875391 1042
1740775319361 12.114821649120017 1043
1740775322728 4.882636183362237 1044
1740775325941 5.021518855568896 1045
1740775329011 6.7527680192940345 1046
1740775332190 5.639887586245794 1047
1740775335310 17.462558647968066 1048
1740775338812 9.03358478776858 1049
1740775342057 5.383021851695959 1050
1740775345525 9.273058243602122 1051
1740775348880 16.63295215219603 1052
1740775352219 11.833011749507724 1053
1740775355484 12.755059858098454 1054
1740775358608 12.472065572341885 1055
1740775361965 12.435726348513905 1056
1740775365169 10.952099662671882 1057
1740775368436 5.727212393208022 1058
1740775371637 9.321896263927428 1059
1740775374979 13.222036001707654 1060
1740775378204 10.620478439851597 1061
1740775381356 7.733865262104137 1062
1740775384716 3.494701610512456 1063
1740775387869 4.546930636623283 1064
1740775391052 5.949388592617634 1065
1740775394319 91.79132573108046 1066
1740775397642 12.264872556773085 1067
1740775400911 7.9466103792521645 1068
1740775404137 5.3998028311755215 1069
1740775407347 5.932027612749624 1070
1740775410469 3.400281330341919 1071
1740775413781 10.70773886606143 1072
1740775417199 10.243321991635513 1073
1740775420481 10.785025568376147 1074
1740775423832 9.363841032350718 1075
1740775427228 10.823494309156182 1076
1740775430482 10.14364532349737 1077
1740775433781 11.031509697560882 1078
1740775437047 4.118986014165503 1079
1740775440374 7.951992840694082 1080
1740775443720 5.743474360797356 1081
1740775446925 6.143455321820271 1082
1740775450209 20.742236010759314 1083
1740775453500 6.347684276082773 1084
1740775456698 5.057630125925221 1085
1740775460013 4.704409330788765 1086
1740775463164 12.387902186947619 1087
1740775466629 14.39165032769224 1088
1740775470306 33.55763960644831 1089
1740775473537 9.44447920980732 1090
1740775476572 13.113596058114542 1091
1740775479785 12.59531735167087 1092
1740775483159 10.757638855715369 1093
1740775486834 8.712979417034132 1094
1740775490165 6.483824820553758 1095
1740775493318 5.148407932047867 1096
1740775496755 13.834779409885126 1097
1740775499882 9.176555341851614 1098
1740775502973 6.416543955825133 1099
1740775506096 4.766337108282474 1100
1740775509349 4.793818133801799 1101
1740775512804 6.656473678370698 1102
1740775516175 13.88288782354044 1103
1740775519481 9.117744253591205 1104
1740775522845 17.283099544370327 1105
1740775525968 5.181237017765034 1106
1740775529551 14.464571544961629 1107
1740775532596 10.534017717518203 1108
1740775535903 5.30131959250311 1109
1740775539130 8.46634407996283 1110
1740775542372 9.686146617359388 1111
1740775545522 22.187858253483398 1112
1740775548716 15.516945192658099 1113
1740775551773 5.927115375546827 1114
1740775554802 18.6572598287356 1115
1740775557965 7.822069058724585 1116
1740775561115 7.096714709829938 1117
1740775564543 8.191334264289155 1118
1740775567764 6.844590195475245 1119
1740775570938 4.46669682653464 1120
1740775574086 9.98743078643346 1121
1740775577303 14.095953317113961 1122
1740775580418 11.211890671295428 1123
1740775583448 11.216674118290808 1124
1740775586742 14.57672676126743 1125
1740775589823 10.200108701972578 1126
1740775593167 6.546934731104063 1127
1740775596353 5.845447401464874 1128
1740775599622 5.771497744552114 1129
1740775602754 6.1868789191552915 1130
1740775605922 7.439967946420956 1131
1740775609136 4.893599366624748 1132
1740775612216 34.171775894460204 1133
1740775615498 11.137915604408336 1134
1740775619162 20.56108441970757 1135
1740775622987 21.99125215241282 1136
1740775626124 20.835177579452058 1137
1740775629337 9.406520638965423 1138
1740775632627 13.58255981947989 1139
1740775635761 6.988393520736192 1140
1740775639090 4.5501191526451255 1141
1740775642055 25.952524499594507 1142
1740775645367 10.82523734109046 1143
1740775649360 6.806600166294531 1144
1740775652515 11.478130360493452 1145
1740775655570 6.189816491960255 1146
1740775658975 10.834439783626818 1147
1740775662410 10.057114198436876 1148
1740775665806 10.54283776949624 1149
1740775669041 15.660803379057946 1150
1740775672025 6.747367774119719 1151
1740775675307 7.889453010676479 1152
1740775678617 14.59470980775317 1153
1740775681992 91.57905625772337 1154
1740775685454 50.113978594073984 1155
1740775688800 4.062440283521932 1156
1740775692310 16.084245764599082 1157
1740775696046 7.505216855601573 1158
1740775699281 14.27445934678167 1159
1740775702395 6.693642940374841 1160
1740775705767 5.839275866989788 1161
1740775709216 14.370324762722591 1162
1740775712711 7.019192542684515 1163
1740775715875 9.991085719238086 1164
1740775719074 5.26137089090941 1165
1740775722692 10.766865269350344 1166
1740775725906 17.639293344024573 1167
1740775729001 17.1768578948178 1168
1740775732594 22.72167252811611 1169
1740775736168 6.80271389996308 1170
1740775739519 10.138959332730543 1171
1740775742667 13.88655329614779 1172
1740775746438 6.939300763389334 1173
1740775749964 10.46828363756679 1174
1740775753557 11.178897850374673 1175
1740775756662 17.627151668980652 1176
1740775760132 6.70460546460202 1177
1740775763300 4.03235600196053 1178
1740775766577 10.680464955305819 1179
1740775769645 8.900215385819049 1180
1740775772866 16.830417868768834 1181
1740775775943 11.21419518052382 1182
1740775779086 7.094532792733232 1183
1740775782213 23.882959885228072 1184
1740775785423 8.637150191895703 1185
1740775788849 10.39605518114229 1186
1740775791942 4.910972035853598 1187
1740775795199 18.515693206045622 1188
1740775798797 15.284758921784888 1189
1740775801817 3.9356418989028827 1190
1740775805010 4.891917158432032 1191
1740775808098 4.479881701706282 1192
1740775811547 26.042730039092294 1193
1740775815347 5.030209596291084 1194
1740775818750 3.873688227219541 1195
1740775821985 20.188454319789187 1196
1740775825267 8.353643524043962 1197
1740775828801 8.443132685580501 1198
1740775831873 8.501560909084057 1199
1740775835167 9.28736463338674 1200
1740775838253 14.126025165168818 1201
1740775841481 5.334733457386396 1202
1740775844753 8.514344678171994 1203
1740775847757 9.405060898858794 1204
1740775850843 14.000279867497317 1205
1740775854061 7.727769779555783 1206
1740775857478 22.617067994251556 1207
1740775860701 7.860737550556863 1208
1740775863928 4.8877209579932615 1209
1740775866921 19.572941060515742 1210
1740775870211 12.753237221580179 1211
1740775873454 17.254854015382033 1212
1740775876938 28.173481185044956 1213
1740775879889 13.753644916053615 1214
1740775883396 6.113191306419047 1215
1740775886955 10.107524092300622 1216
1740775890077 6.636390501890979 1217
1740775893242 6.691099574488935 1218
1740775896842 6.905033843200238 1219
1740775900550 9.14747041586326 1220
1740775903857 6.290077112149253 1221
1740775907046 10.278843948986621 1222
1740775910698 9.010388041860041 1223
1740775913846 4.633710237393999 1224
1740775917127 12.905203284297473 1225
1740775920216 11.950181988635032 1226
1740775923295 16.212986319939475 1227
1740775926542 7.65158917894186 1228
1740775929620 5.531551897461065 1229
1740775932687 5.568203785986593 1230
1740775933298 2.383441115285935 1231
1740775936590 12.32590153102948 1232
1740775939946 6.456144645673915 1233
1740775942919 9.411944857460155 1234
1740775946436 18.551203377823814 1235
1740775949709 8.867620385552183 1236
1740775952954 8.610340332807985 1237
1740775956010 6.55726796524298 1238
1740775959094 8.213947784769701 1239
1740775962251 13.138624098919419 1240
1740775965361 6.576292979377928 1241
1740775968576 10.005763835474333 1242
1740775971873 6.997214842846052 1243
1740775974999 9.056720735274416 1244
1740775978269 19.240218340565804 1245
1740775981614 10.570051034714389 1246
1740775984766 14.854475493482427 1247
1740775987751 8.561962766176887 1248
1740775990736 5.070041661029867 1249
1740775994185 31.076471500753982 1250
1740775997436 7.005685044945288 1251
1740776000522 6.059378183091006 1252
1740776003629 6.869217265937745 1253
1740776006906 27.031499085559727 1254
1740776010149 13.9211927094705 1255
1740776013317 11.018833711206113 1256
1740776016782 8.21050280334357 1257
1740776020211 12.059720235814972 1258
1740776023582 9.338103096756925 1259
1740776026800 9.523889374425343 1260
1740776029833 8.106070640515645 1261
1740776033627 7.179134984622563 1262
1740776034537 7.126908458433801 1263
1740776037754 8.213763631186794 1264
1740776040898 7.235174778789898 1265
1740776043961 5.822766374370217 1266
1740776047420 4.125233808856331 1267
1740776050932 6.52489142699437 1268
1740776054043 8.254754009970362 1269
1740776057141 16.97882783130079 1270
1740776060575 10.080046030784418 1271
1740776063720 7.978588177308008 1272
1740776066940 4.142801311568599 1273
1740776070117 20.659828110867092 1274
1740776073284 9.240608035988206 1275
1740776077122 10.474568743472087 1276
1740776080655 6.137712173739112 1277
1740776083829 7.050974490721023 1278
1740776086843 7.535499090562908 1279
1740776089981 11.4616099879773 1280
1740776093754 11.885458445882334 1281
1740776097136 6.853893429514823 1282
1740776100194 4.908168149911821 1283
1740776103176 5.821447349045965 1284
1740776106690 6.472731360787798 1285
1740776111603 47.37649325816646 1286
1740776114919 12.808848259986773 1287
1740776118333 10.359721055774187 1288
1740776121989 8.466042335052528 1289
1740776125584 37.96479947378223 1290
1740776128766 12.147531930207132 1291
1740776131764 7.174318273603503 1292
1740776134947 10.853652420252685 1293
1740776138018 24.490473810598186 1294
1740776141319 10.472922422900188 1295
1740776144624 7.930271141294939 1296
1740776147634 16.64326397965779 1297
1740776150660 6.2605804569539805 1298
1740776153959 32.12501596792497 1299
1740776157625 16.992125976704948 1300
1740776160729 5.5368773976551635 1301
1740776164060 11.301834803497108 1302
1740776167717 11.63184929744053 1303
1740776171378 24.72426686561272 1304
1740776174512 7.835834601464861 1305
1740776177836 4.172767112308072 1306
1740776181338 15.12727855837136 1307
1740776184821 11.051390688051955 1308
1740776188044 10.449075989075617 1309
1740776191215 23.534212480915777 1310
1740776194335 7.933306923821136 1311
1740776198064 6.885907580809259 1312
1740776201276 12.831889940536641 1313
1740776204354 5.430454629609106 1314
1740776207581 16.404023533320466 1315
1740776210946 18.0430767705982 1316
1740776214442 6.232194926182096 1317
1740776217772 23.84401341016394 1318
1740776220856 4.934309439922338 1319
1740776224135 25.493140002638444 1320
1740776227861 4.915835634439382 1321
1740776231065 13.295733752039142 1322
1740776234436 21.46897060667924 1323
1740776237539 24.77751258641378 1324
1740776241254 15.075226232508255 1325
1740776244901 6.402645268750804 1326
1740776248396 7.121822744201239 1327
1740776251673 6.5589912305281635 1328
1740776255115 16.318287162536908 1329
1740776258116 6.447662682404695 1330
1740776261355 7.926417277280706 1331
1740776264492 7.783493302255879 1332
1740776267548 6.2141399360312795 1333
1740776270733 3.891427304668223 1334
1740776273751 6.434084734496937 1335
1740776277093 23.075991434277828 1336
1740776280218 8.826845297326384 1337
1740776283416 7.519441350339019 1338
1740776287186 24.624634009477383 1339
1740776290818 17.94301642592255 1340
1740776294243 23.314118559524 1341
1740776297340 9.640707783748155 1342
1740776300670 11.418545617353674 1343
1740776303909 9.023208062436428 1344
1740776307434 9.236645072700862 1345
1740776310524 5.95048516543523 1346
1740776313682 7.125918899063119 1347
1740776316876 26.176543377081032 1348
1740776320500 6.943609272056793 1349
1740776323715 9.381339599325594 1350
1740776326978 5.050097814128268 1351
1740776330169 18.287673399580875 1352
1740776333331 7.3094748771794205 1353
1740776336545 7.468303203921323 1354
1740776339734 9.695898639551704 1355
1740776343193 19.329649891315146 1356
1740776346664 17.875086963213377 1357
1740776350044 24.582078153372763 1358
1740776353315 14.088377100131494 1359
1740776356920 6.033344013379871 1360
1740776360644 23.428886473577517 1361
1740776363974 9.311952332253163 1362
1740776367244 10.041467060729493 1363
1740776370532 14.131773618676597 1364
1740776373937 19.256551403459294 1365
1740776377071 23.972398619557374 1366
1740776380099 24.42104333868177 1367
1740776383472 13.251258736113622 1368
1740776386585 14.291069310534521 1369
1740776389890 14.621516476811024 1370
1740776392864 6.2450297306556575 1371
1740776395962 5.803512546212287 1372
1740776399219 4.5533012678409746 1373
1740776402320 3.7848420290312363 1374
1740776405582 11.661946306701706 1375
1740776408657 9.636162390646124 1376
1740776411763 28.179548546044447 1377
1740776414956 7.741315189301277 1378
1740776418015 7.5628168799495095 1379
1740776421048 6.623841124295986 1380
1740776424366 6.204578581692372 1381
1740776427930 8.13637561784898 1382
1740776431594 9.380078984888607 1383
1740776434976 3.907765668542871 1384
1740776437937 4.528268084207092 1385
1740776441591 6.148516724073432 1386
1740776444786 12.482019346889395 1387
1740776447851 9.192185077831907 1388
1740776450871 7.038779699925921 1389
1740776453837 14.27521522456964 1390
1740776457055 8.30054810037804 1391
1740776460175 11.928728418741454 1392
1740776463353 5.470355161258159 1393
1740776466532 5.792545834585537 1394
1740776469485 14.564483026433527 1395
1740776473064 6.238912106798928 1396
1740776476132 5.542471054080859 1397
1740776479245 4.105227344193651 1398
1740776483037 9.823851101638525 1399
1740776486699 34.65245749109011 1400
1740776489770 5.683634639820288 1401
1740776492746 4.148153050092937 1402
1740776496289 7.602727571699737 1403
1740776499360 10.292850739232094 1404
1740776502657 8.379919568134552 1405
1740776505929 11.708116483152832 1406
1740776509156 10.385820340017071 1407
1740776512880 4.446952982456374 1408
1740776516019 4.987651626865118 1409
1740776519296 10.887098817991038 1410
1740776522622 6.932775857901484 1411
1740776526010 9.344340163095925 1412
1740776529266 28.368259686078694 1413
1740776532544 10.4635222737848 1414
1740776535744 9.850727669462609 1415
1740776538917 10.47932962176409 1416
1740776542491 14.157405383912774 1417
1740776545855 13.298940148817897 1418
1740776549082 4.475930717676051 1419
1740776552123 9.694658306839518 1420
1740776555733 9.61885739395162 1421
1740776559500 7.605464658906694 1422
1740776562764 9.031898129904542 1423
1740776566035 11.1618044592634 1424
1740776569462 29.460968758926136 1425
1740776572605 7.6215138817642325 1426
1740776576022 5.890774238848864 1427
1740776579332 5.983382648772058 1428
1740776582348 7.579573524892066 1429
1740776585636 5.410014864157855 1430
1740776589213 5.978728027748383 1431
1740776592417 6.634745593969508 1432
1740776595628 8.0597838715555 1433
1740776599278 9.813516824496098 1434
1740776602811 22.34090034695466 1435
1740776606110 25.493838532566826 1436
1740776609536 7.289793184960761 1437
1740776613364 9.063615275049832 1438
1740776616627 9.895846393967147 1439
1740776619663 6.114991603724258 1440
1740776623231 34.1138641658988 1441
1740776626877 3.5830628217799685 1442
1740776629919 30.896163800836213 1443
1740776633228 12.266206573154733 1444
1740776636311 12.49127430182194 1445
1740776639530 4.3574728505602875 1446
1740776642762 7.52087214046265 1447
1740776645841 5.366712274143865 1448
1740776649204 5.317884452378442 1449
1740776653240 9.009851343654255 1450
1740776656330 22.866786694663418 1451
1740776659345 4.207673035448278 1452
1740776662786 21.225691643612954 1453
1740776665940 7.769171587982423 1454
1740776669239 6.31446633444606 1455
1740776669885 1.0802650466191825 1456
1740776673109 6.5689154268351775 1457
1740776676196 4.322672177012931 1458
1740776679790 9.7173323384004 1459
1740776683663 21.857288830459108 1460
1740776687028 11.882332647644027 1461
1740776690178 12.504525251474298 1462
1740776693917 18.06018339258399 1463
1740776697041 4.864244354248139 1464
1740776700129 3.258201062894457 1465
1740776703367 12.78893102567784 1466
1740776706583 7.218333588613439 1467
1740776709733 22.577366576918983 1468
1740776713032 8.019079814950178 1469
1740776716358 5.147225340276899 1470
1740776719806 5.61380657445163 1471
1740776723061 62.423744913578254 1472
1740776726153 5.289443790841451 1473
1740776729834 27.244285369486494 1474
1740776733038 19.909250424953267 1475
1740776736173 3.787831921337256 1476
1740776739314 9.222661227296046 1477
1740776742680 4.620549630193752 1478
1740776745883 7.627381480342386 1479
1740776749215 17.779298746769715 1480
1740776752828 11.557734946263396 1481
1740776756441 9.321642218986689 1482
1740776759881 5.953070706820782 1483
1740776763089 5.388141269425292 1484
1740776766245 9.536034894822537 1485
1740776769528 5.81849130839556 1486
1740776773437 6.968952194254139 1487
1740776776902 5.462024395760236 1488
1740776780524 8.920530922138697 1489
1740776783719 10.038741743166309 1490
1740776787435 19.357424858550253 1491
1740776790755 4.323811273379341 1492
1740776794190 21.843585390793063 1493
1740776798077 14.97504633891353 1494
1740776801885 22.618503986090534 1495
1740776805054 5.506200574732574 1496
1740776808162 8.3986228161893 1497
1740776811654 17.027993343201302 1498
1740776815568 5.1187159233815755 1499
1740776818964 5.248200620132122 1500
1740776822351 6.026477014870626 1501
1740776825499 24.080152670884377 1502
1740776829178 7.534308561668573 1503
1740776832418 26.597175309894403 1504
1740776835650 8.611075106605007 1505
1740776839045 18.75273835155573 1506
1740776842986 18.384177108807258 1507
1740776846114 19.398748156556 1508
1740776849475 3.1608334789694648 1509
1740776852680 6.907389249620434 1510
1740776856166 4.1084425633052515 1511
1740776859657 8.07190746584088 1512
1740776863115 5.728623995266093 1513
1740776866725 39.674445965916576 1514
1740776869869 9.256326896744579 1515
1740776873085 5.666172132691964 1516
1740776876239 21.151804619993865 1517
1740776879575 6.537514796342083 1518
1740776883058 9.766294268156864 1519
1740776886283 8.191437059424729 1520
1740776889377 4.557270709026332 1521
1740776892510 9.26101491854933 1522
1740776895750 6.4942276162129815 1523
1740776899078 14.98811497058129 1524
1740776902579 13.012708157065932 1525
1740776906199 14.339581924745861 1526
1740776909436 4.263157287745819 1527
1740776913053 6.205313791068091 1528
1740776916747 7.713310865698315 1529
1740776920295 4.523904762248084 1530
1740776923875 30.187402328414876 1531
1740776927346 20.856844257105887 1532
1740776930985 7.513974571212566 1533
1740776934379 7.959424864300108 1534
1740776937843 8.91437191967242 1535
1740776941084 11.810684526529114 1536
1740776944970 4.949472030471023 1537
1740776948675 7.326615540777507 1538
1740776952057 8.3090737189651 1539
1740776955281 8.151064235800543 1540
1740776958831 11.195683497276313 1541
1740776961918 12.078073796430184 1542
1740776965056 13.973766629092468 1543
1740776968595 7.365496271837138 1544
1740776972042 8.79879032584136 1545
1740776975228 10.817486359015117 1546
1740776978557 4.827632308977577 1547
1740776982173 15.059235966376303 1548
1740776985582 7.411882574381975 1549
1740776988933 21.868199755312475 1550
1740776992024 15.09533778870029 1551
1740776995110 7.911528498755586 1552
1740776998619 9.949326751444982 1553
1740777001915 28.145978589981855 1554
1740777005021 7.159500816928285 1555
1740777008547 6.401967340421264 1556
1740777012289 8.11496892120258 1557
1740777015511 11.739510980331278 1558
1740777018766 36.096086332550286 1559
1740777022078 10.996349097681621 1560
1740777025288 7.736156397445511 1561
1740777028792 4.143164669870243 1562
1740777032390 8.860378571149475 1563
1740777035715 6.650606211353632 1564
1740777039082 14.760534045254712 1565
1740777042381 11.819839335748071 1566
1740777045640 9.965491918212647 1567
1740777049007 7.2509344540331355 1568
1740777049571 1.0287564475205075 1569
1740777052815 10.756646576672996 1570
1740777056059 10.445627351584616 1571
1740777059300 47.817580464794446 1572
1740777062725 69.09260005500944 1573
1740777065848 5.1327730726462395 1574
1740777069759 11.021199354878513 1575
1740777073361 4.152866026339621 1576
1740777076595 5.714902689024127 1577
1740777079770 4.064085294357318 1578
1740777083514 9.934664763104594 1579
1740777087429 7.57317563089702 1580
1740777090625 7.842459519464646 1581
1740777093956 5.135676056225133 1582
1740777097687 14.189853184294897 1583
1740777101051 10.886447144439718 1584
1740777104190 4.0813217756866225 1585
1740777107521 8.782994193553392 1586
1740777110960 4.130829218856231 1587
1740777114346 7.328640483139781 1588
1740777117790 7.105403078703707 1589
1740777121221 28.268777483077493 1590
1740777124454 6.195493641004914 1591
1740777127912 6.5692609933845585 1592
1740777131194 55.10582190882947 1593
1740777135011 15.777838631104622 1594
1740777138385 4.316161170146063 1595
1740777141800 9.708736831766936 1596
1740777145177 7.759553033509308 1597
1740777148492 5.063213954463976 1598
1740777151792 9.204439462617914 1599
1740777155400 14.271231874932923 1600
1740777159090 8.747867522772546 1601
1740777162737 35.93268304374315 1602
1740777165954 10.3039892480845 1603
1740777169079 13.346035091521102 1604
1740777172771 5.390281663504418 1605
1740777176233 8.814056497888407 1606
1740777179867 10.329311280088513 1607
1740777183029 5.2937392580310245 1608
1740777186341 14.774445401855456 1609
1740777189678 16.223414646574557 1610
1740777193057 7.082424244549659 1611
1740777196905 5.525429342486782 1612
1740777200791 6.625011726550028 1613
1740777204134 19.976790176827173 1614
1740777207736 6.698470999319508 1615
1740777211269 9.19872128043136 1616
1740777214447 4.030665464110531 1617
1740777217890 8.36120216171968 1618
1740777221413 5.863142595029586 1619
1740777225075 14.043515188085156 1620
1740777228558 10.234290077018805 1621
1740777231788 6.932564547498711 1622
1740777235138 10.375645036728475 1623
1740777238836 7.482907179808978 1624
1740777242372 14.33431808528253 1625
1740777246137 7.9598664195939834 1626
1740777249929 14.46249622473685 1627
1740777253706 19.92629067746649 1628
1740777257167 7.266861277780741 1629
1740777261099 6.662071026239225 1630
1740777264943 20.293952373432464 1631
1740777268615 5.579149810527897 1632
1740777272357 9.694177453642531 1633
1740777275594 5.620624464506964 1634
1740777279010 9.623243027068773 1635
1740777282497 15.652050246892749 1636
1740777286023 10.72518599925394 1637
1740777289155 10.825584805160531 1638
1740777292270 13.187683915754084 1639
1740777295453 12.99225924161751 1640
1740777298924 10.05013902588799 1641
1740777302278 17.310176751044324 1642
1740777305356 12.948799245320906 1643
1740777309053 13.188701533332013 1644
1740777312255 4.857871686716796 1645
1740777315754 7.390303551798649 1646
1740777318899 12.680245583839858 1647
1740777322098 8.194388891613185 1648
1740777325144 4.1180607053204215 1649
1740777328634 8.241452081468903 1650
1740777332567 19.205176487463078 1651
1740777335605 18.43957316937491 1652
1740777338896 7.619496531653495 1653
1740777342574 5.7362419803262 1654
1740777345994 4.165080063655199 1655
1740777349443 11.018440305733733 1656
1740777353027 8.574330648408468 1657
1740777356623 5.855130020505819 1658
1740777359872 13.299273678311424 1659
1740777363303 4.477450123007775 1660
1740777366865 4.078729084051927 1661
1740777370119 14.663956364384223 1662
1740777373574 8.082181440437278 1663
1740777376858 19.406160211295543 1664
1740777380381 6.565808358592475 1665
1740777383888 13.08955685269327 1666
1740777387208 5.371031975370035 1667
1740777390505 7.898526867874887 1668
1740777394522 17.030070292622383 1669
1740777398233 7.78523467792253 1670
1740777401337 4.63972174185298 1671
1740777404938 4.5593917650774385 1672
1740777408340 8.542834843335324 1673
1740777412103 5.733914769384465 1674
1740777415271 5.3374331644302435 1675
1740777418726 29.16764691767238 1676
1740777421972 8.421444738739936 1677
1740777425188 8.459030382411077 1678
1740777428674 6.948533359753211 1679
1740777432178 12.117930689534827 1680
1740777436103 4.133662366516766 1681
1740777439717 20.52695326013784 1682
1740777443384 3.765094985040106 1683
1740777447084 11.759695699012024 1684
1740777450444 10.281399278352046 1685
1740777453530 9.76798535383128 1686
1740777457127 5.505406400588544 1687
1740777460921 15.316213408233246 1688
1740777464154 5.017339607587613 1689
1740777467442 7.254067117472179 1690
1740777470533 5.355627144185707 1691
1740777474184 11.200529695165073 1692
1740777477636 7.143041353970383 1693
1740777481310 14.786607313264803 1694
1740777484992 13.41528801749627 1695
1740777488327 5.581686189727677 1696
1740777491654 5.194547469820438 1697
1740777495398 6.5132225231264655 1698
1740777498667 10.705017874766945 1699
1740777502465 6.364474076692009 1700
1740777505789 19.84822342478892 1701
1740777509428 29.936639931566766 1702
1740777513192 9.60185456722535 1703
1740777517053 9.3766588496797 1704
1740777520566 11.304987000566975 1705
1740777524529 6.99156788735254 1706
1740777528284 6.842782262315018 1707
1740777531435 8.005063457974678 1708
1740777534603 6.121170511254876 1709
1740777538205 4.394004000487907 1710
1740777541721 40.05166768330665 1711
1740777544903 22.693896221269643 1712
1740777548264 8.770190399201066 1713
1740777551736 10.91505641461949 1714
1740777554827 11.415956259043899 1715
1740777558069 15.2364185879985 1716
1740777561140 12.170222879175578 1717
1740777564333 45.97539393191723 1718
1740777568146 16.646884065352626 1719
1740777571793 8.967453095145832 1720
1740777574900 16.283540339654373 1721
1740777577996 9.505692820766285 1722
1740777582001 4.325334676542492 1723
1740777585530 9.50767022679659 1724
1740777588762 6.019097750432827 1725
1740777591792 7.828792956830033 1726
1740777595511 8.868732764899312 1727
1740777598701 14.15848736469822 1728
1740777601810 61.50983274555583 1729
1740777605092 4.821160493842212 1730
1740777608487 11.221931916069991 1731
1740777612192 7.588622502458393 1732
1740777615398 8.103390227964425 1733
1740777618521 8.214542565928143 1734
1740777621710 7.506198556871395 1735
1740777624865 7.695429076621755 1736
1740777628679 11.952397137948799 1737
1740777631985 17.238263675524877 1738
1740777635276 18.387530965119844 1739
1740777638761 5.632169751351159 1740
1740777642268 9.288773793369739 1741
1740777645415 14.159288873703547 1742
1740777648696 6.001176081991687 1743
1740777651859 9.788473738589193 1744
1740777655202 4.520666682916209 1745
1740777658352 16.218695450668694 1746
1740777661663 4.154314076807709 1747
1740777665046 4.072441118950917 1748
1740777668364 9.379049352292053 1749
1740777671726 10.912130955374431 1750
1740777675024 8.779292170481295 1751
1740777678225 9.281231948079308 1752
1740777681683 8.984707530670235 1753
1740777684760 6.5710248375527 1754
1740777688046 19.852816396745773 1755
1740777691335 8.331938354410264 1756
1740777694678 12.965475892904973 1757
1740777698059 9.592263938928395 1758
1740777701352 12.04594204192288 1759
1740777704762 7.749356280795307 1760
1740777707832 4.993925856746972 1761
1740777711629 10.468297102047588 1762
1740777714734 16.368658963077824 1763
1740777718304 12.25479428237655 1764
1740777721398 37.88079881175178 1765
1740777724749 22.328744297423537 1766
1740777728162 11.271618204975814 1767
1740777732053 10.101790178761572 1768
1740777735726 18.882068524834853 1769
1740777739642 16.609083742438955 1770
1740777743353 4.956863264287882 1771
1740777746504 6.624559508566171 1772
1740777750298 15.480018472620547 1773
1740777753742 5.824881517007473 1774
1740777757473 16.622551496882632 1775
1740777761249 5.369849207031797 1776
1740777764736 5.403295791491351 1777
1740777768085 26.571418996944843 1778
1740777771483 9.85727128312668 1779
1740777774953 18.631317883262835 1780
1740777778701 8.75744306204551 1781
1740777782111 13.388308536868411 1782
1740777785424 8.305060133226748 1783
1740777788760 24.38068643465226 1784
1740777791862 9.97445925544919 1785
1740777795209 10.039376950163941 1786
1740777798686 18.052498997173334 1787
1740777802070 12.62459771924609 1788
1740777805529 6.003052839997758 1789
1740777808867 8.64864706295816 1790
1740777812298 53.84821408977441 1791
1740777815727 4.789719749375143 1792
1740777819084 12.939775403815217 1793
1740777822578 4.414674051125375 1794
1740777826210 9.609013422542318 1795
1740777829632 4.213275076765688 1796
1740777833520 10.678785908651923 1797
1740777836790 23.74562987649912 1798
1740777840827 11.461162754440553 1799
1740777844428 33.844319906777365 1800
1740777848846 30.0074243800271 1801
1740777852669 19.785307864815227 1802
1740777856049 27.919336820341222 1803
1740777859193 5.104262500246151 1804
1740777862913 8.863647624486951 1805
1740777866370 12.040564798022205 1806
1740777870102 18.810237248605922 1807
1740777873732 7.268061896103019 1808
1740777877308 15.401954087603338 1809
1740777880374 8.304843339160715 1810
1740777883996 15.954891632797489 1811
1740777888050 16.078821204074078 1812
1740777891570 4.362176156185875 1813
1740777895229 6.709253357002519 1814
1740777899012 8.615251348475221 1815
1740777902798 26.76676419045944 1816
1740777906034 16.603615077211796 1817
1740777909354 5.566632126358235 1818
1740777912814 3.7553296290652294 1819
1740777916726 5.800045666470897 1820
1740777920264 14.413898932741104 1821
1740777923587 46.407770385990375 1822
1740777926972 10.20090940777113 1823
1740777930824 19.389791548335545 1824
1740777934640 5.603626503770963 1825
1740777938440 22.252677307844646 1826
1740777941983 10.934933997994401 1827
1740777945806 17.428326787501344 1828
1740777949015 14.779956066387813 1829
1740777952738 18.463307026492252 1830
1740777956321 6.604369526792482 1831
1740777959890 13.024249826082134 1832
1740777963266 22.94054702244725 1833
1740777966697 6.423903900185314 1834
1740777970107 10.371381605955825 1835
1740777973482 9.029381921722008 1836
1740777977181 15.546696717998735 1837
1740777980899 7.024068040868382 1838
1740777984370 20.258582600094254 1839
1740777987627 12.452743579666185 1840
1740777991260 7.147749490324998 1841
1740777994601 14.00740152211335 1842
1740777998115 3.906991822025189 1843
1740778001536 10.454522594129523 1844
1740778005214 12.051617110983623 1845
1740778009131 8.767785623252692 1846
1740778012552 6.774206713850481 1847
1740778015822 13.05061980573046 1848
1740778019488 4.177722050548617 1849
1740778022870 7.957094678066071 1850
1740778026232 6.391562630994552 1851
1740778029503 8.835908486436846 1852
1740778032998 4.400663842904774 1853
1740778036201 7.899532279697556 1854
1740778039312 12.94371563865736 1855
1740778043124 10.22297110306355 1856
1740778046897 12.465696734128603 1857
1740778050509 9.24095721395185 1858
1740778053737 7.967090230411205 1859
1740778057274 7.503754479195006 1860
1740778060992 16.919970500132496 1861
1740778064843 15.485505969908312 1862
1740778068697 9.078357122975985 1863
1740778072613 5.462460126899274 1864
1740778075724 28.00815321806167 1865
1740778079388 12.857512807898845 1866
1740778082909 7.479816190630015 1867
1740778086755 7.7955716344223855 1868
1740778090480 6.835799711945711 1869
1740778093913 16.604496283057372 1870
1740778097669 35.619640815778695 1871
1740778101358 6.762932610526334 1872
1740778104957 5.70124636302335 1873
1740778108678 21.299400465760336 1874
1740778112386 16.77001432066984 1875
1740778115580 8.123450119842019 1876
1740778119320 11.453105085452108 1877
1740778122550 9.112773891729757 1878
1740778126254 11.649989171961542 1879
1740778129668 14.777744145280627 1880
1740778133033 5.684492908430315 1881
1740778136310 7.0175772337645865 1882
1740778139753 5.538569617731683 1883
1740778142861 5.540295662822293 1884
1740778146059 8.905577181322709 1885
1740778149203 17.057668930114637 1886
1740778152757 13.523279903670543 1887
1740778156389 15.14048426413872 1888
1740778159773 4.1737301910095015 1889
1740778162989 9.917491262912655 1890
1740778166269 8.71462247982274 1891
1740778169935 5.556395426864395 1892
1740778173903 4.602301888124871 1893
1740778177188 16.22925695370076 1894
1740778180448 4.136263399274071 1895
1740778184067 19.678549533070996 1896
1740778187761 13.360812918421368 1897
1740778191202 8.03837443736903 1898
1740778194623 23.517296162707495 1899
1740778197771 9.481568162988653 1900
1740778201404 21.15413918434541 1901
1740778205226 6.593391341305337 1902
1740778208295 6.340101374205302 1903
1740778211609 9.502915578691283 1904
1740778215489 5.663695436921878 1905
1740778219464 4.039099603160771 1906
1740778222677 12.469942921712434 1907
1740778226096 9.120239120135965 1908
1740778229723 7.02906549739376 1909
1740778233507 6.959258379550725 1910
1740778236884 10.978455675673912 1911
1740778240476 4.0516830545994695 1912
1740778244017 9.74909832336186 1913
1740778247562 18.160037339233302 1914
1740778251583 25.708324053442762 1915
1740778254694 6.206854677074549 1916
1740778257986 4.40983723025629 1917
1740778261753 6.435406265008828 1918
1740778264886 7.614205405493594 1919
1740778267933 13.732699182123792 1920
1740778271209 10.2429096294413 1921
1740778274590 9.174462013893702 1922
1740778277856 8.142405006794036 1923
1740778281332 4.016366867010911 1924
1740778284391 10.06649465569616 1925
1740778287626 9.16006769815174 1926
1740778291405 12.908867827583393 1927
1740778294479 23.157688494329207 1928
1740778297806 7.790564459835225 1929
1740778301276 6.6269301588793 1930
1740778305243 7.51128678488618 1931
1740778308998 5.964866534756499 1932
1740778312229 8.511339288904022 1933
1740778315463 12.359217841567586 1934
1740778318929 5.754686984972767 1935
1740778322297 5.696083770636757 1936
1740778325529 49.24042057583201 1937
1740778328555 109.46331013166848 1938
1740778331615 32.241456238505776 1939
1740778334885 8.426509042973786 1940
1740778338069 14.677125456898283 1941
1740778341373 4.32966144271655 1942
1740778344704 7.20724579777184 1943
1740778348129 6.211193002248386 1944
1740778351426 7.204103713652258 1945
1740778354894 9.19074301445384 1946
1740778358119 10.551532224635933 1947
1740778361332 13.62138232814122 1948
1740778364964 42.354484102239276 1949
1740778368230 13.66573510790094 1950
1740778371350 27.142013078126983 1951
1740778374557 12.132583488678534 1952
1740778377778 17.72927795415573 1953
1740778381549 4.446440113228093 1954
1740778385028 4.145388073094044 1955
1740778388394 21.073847305790757 1956
1740778391647 16.80896360698982 1957
1740778395285 20.665106197693394 1958
1740778398556 17.487543372527956 1959
1740778401635 5.076551409826762 1960
1740778404886 4.186803231973685 1961
1740778408276 27.550946484125262 1962
1740778412125 5.068129331284664 1963
1740778415652 14.531603558308285 1964
1740778418778 8.841496243213847 1965
1740778421951 5.038410777368615 1966
1740778425684 6.161843975385941 1967
1740778428981 10.13566126617226 1968
1740778432133 11.23976565186878 1969
1740778435346 6.974239050037288 1970
1740778438663 12.672961190248348 1971
1740778442075 6.985965645418252 1972
1740778445323 12.567879069175898 1973
1740778448810 10.031967851116647 1974
1740778452305 6.075407985521424 1975
1740778455553 10.210052220935872 1976
1740778458769 4.427185408769846 1977
1740778462207 9.637433056214858 1978
1740778465403 5.85717217810858 1979
1740778468866 8.360161894588432 1980
1740778472023 39.20830695200961 1981
1740778475330 17.815423514064296 1982
1740778478778 9.918574313737084 1983
1740778482096 7.377682053026367 1984
1740778485399 28.87626471323478 1985
1740778488555 12.69657969185964 1986
1740778491966 7.000559376823596 1987
1740778495538 30.42746563887899 1988
1740778498017 30.435981326384894 1989
1740778501770 33.18206375958083 1990
1740778505023 11.545522696746154 1991
1740778508154 11.829960043872068 1992
1740778511193 21.023755046274573 1993
1740778514461 6.015058438223358 1994
1740778517722 8.43496485595972 1995
1740778521115 10.633529081098636 1996
1740778524227 8.528440864144654 1997
1740778527530 4.3972203490886095 1998
1740778530896 27.53298732420042 1999
1740778534278 11.704155748938916 2000
1740778537718 9.301273752051772 2001
1740778541081 5.199407884406251 2002
1740778544421 13.02941260726849 2003
1740778547646 14.752053087813277 2004
1740778550853 10.296445657758975 2005
1740778554744 8.495491703214741 2006
1740778558663 10.135960687649943 2007
1740778562044 11.818396428286972 2008
1740778565314 10.999267698480253 2009
1740778569068 9.09021068580862 2010
1740778572858 4.857739577544609 2011
1740778576172 9.170270342983141 2012
1740778579261 9.986090125869229 2013
1740778582810 6.296165823946913 2014
1740778586268 14.555345931813914 2015
1740778589668 12.953770892498806 2016
1740778593027 9.994573891713584 2017
1740778596411 7.069114439045893 2018
1740778599739 4.727107962782923 2019
1740778603114 11.081887786912576 2020
1740778606305 12.948842874929642 2021
1740778609543 36.58648327617967 2022
1740778612904 6.923228118550159 2023
1740778616485 27.455574555152037 2024
1740778619785 7.826826779043632 2025
1740778622953 39.34036851697611 2026
1740778626179 4.610667663608482 2027
1740778629469 5.457950407433112 2028
1740778632905 13.716604920817916 2029
1740778636155 12.771811562813928 2030
1740778639857 29.34491007130741 2031
1740778643520 7.384804447042215 2032
1740778647012 7.662510082050011 2033
1740778650489 21.309270640089043 2034
1740778653820 8.155535555578744 2035
1740778657481 3.736500632244948 2036
1740778660786 19.20285917250498 2037
1740778664252 6.646961212773541 2038
1740778667716 27.762097647733622 2039
1740778671092 8.858339273960535 2040
1740778674324 9.44177708304242 2041
1740778677979 9.239484165685974 2042
1740778681509 5.720936485691131 2043
1740778684765 11.75740095441132 2044
1740778688257 19.67395782210234 2045
1740778691731 11.270535585783154 2046
1740778695002 12.888659562558287 2047
1740778698336 19.60226380997611 2048
1740778701902 10.547713602459257 2049
1740778705583 8.600607209930832 2050
1740778709116 6.582644993587098 2051
1740778712449 9.044938686517774 2052
1740778715687 17.150295764720386 2053
1740778719182 4.938865469082049 2054
1740778722606 11.100023299548162 2055
1740778726146 10.46342300238369 2056
1740778729322 4.3434782078269105 2057
1740778732954 5.0387814560192385 2058
1740778736651 6.71402274860101 2059
1740778739923 4.4940513365278125 2060
1740778743278 11.612344574942334 2061
1740778746834 5.351042205253878 2062
1740778749953 10.219963973318599 2063
1740778753584 14.804748861693161 2064
1740778756705 5.590992732748524 2065
1740778759998 18.912850284344923 2066
1740778763225 8.559049672588369 2067
1740778767128 14.934405672836421 2068
1740778770484 12.757788839460348 2069
1740778774461 43.266762355216834 2070
1740778777935 5.057113337397518 2071
1740778781246 9.736216477618774 2072
1740778784507 4.774966452242033 2073
1740778787850 16.441267667368464 2074
1740778791103 9.360092415422853 2075
1740778794808 6.6873863052496425 2076
1740778798480 4.696188606665107 2077
1740778801608 8.164593634124373 2078
1740778804758 8.020023731461787 2079
1740778808437 5.068716248792169 2080
1740778812498 14.450487075510589 2081
1740778815795 16.15392217078599 2082
1740778818936 7.62133171041255 2083
1740778822474 13.872255600478823 2084
1740778826117 10.533295915074234 2085
1740778829845 11.82157997907451 2086
1740778833092 10.259387535486184 2087
1740778836250 11.481944832040032 2088
1740778839983 11.770315391613238 2089
1740778846970 26.499591478634976 2090
1740778850397 21.969866395153165 2091
1740778853844 4.51070182536826 2092
1740778857946 24.603881914077817 2093
1740778861045 11.294388019031429 2094
1740778864345 7.122273008554004 2095
1740778867738 8.856654320644555 2096
1740778871349 9.91412269120007 2097
1740778874718 12.43852865563007 2098
1740778878098 11.505367985159099 2099
1740778881437 16.3591227781081 2100
1740778884581 16.789702733300683 2101
1740778887973 15.498935346024439 2102
1740778891232 10.663165748536976 2103
1740778894339 9.138677613152215 2104
1740778897881 7.93800409803762 2105
1740778901611 12.29433372727875 2106
1740778905102 17.86643711640808 2107
1740778908296 9.224376659001313 2108
1740778911455 18.644053741680846 2109
1740778915216 13.642379371389683 2110
1740778918789 8.19645758517199 2111
1740778922127 19.45862067816705 2112
1740778925366 11.159905951634308 2113
1740778929050 11.991933168523232 2114
1740778932802 4.171084148420586 2115
1740778936038 11.766402983378384 2116
1740778939334 21.564442609597783 2117
1740778943090 24.883729001839423 2118
1740778947015 20.288452513884938 2119
1740778950349 5.8017181916883125 2120
1740778953587 13.782694908207679 2121
1740778956907 11.469813690826063 2122
1740778960183 11.859053054436417 2123
1740778963617 10.292154574294957 2124
1740778966832 5.573470045351957 2125
1740778970053 6.325298061590815 2126
1740778973363 11.0996256499338 2127
1740778976607 12.211252638284414 2128
1740778979883 6.647977157571972 2129
1740778983207 7.582272609656956 2130
1740778986386 6.068799928242431 2131
1740778989791 11.530459985500098 2132
1740778993052 8.410040571770539 2133
1740778996215 18.341149586185757 2134
1740778999678 46.2063094752238 2135
1740779003215 9.074871005947617 2136
1740779006427 5.760108918039955 2137
1740779009690 25.956488284729158 2138
1740779012905 11.109458246055434 2139
1740779016388 10.48207753104928 2140
1740779019873 15.454750900098409 2141
1740779023807 11.962936249035822 2142
1740779027020 5.418713090745637 2143
1740779030329 3.731580238980136 2144
1740779034016 7.73460337395464 2145
1740779037816 10.475703312824995 2146
1740779040908 10.764087673730128 2147
1740779044170 22.61014597990336 2148
1740779047774 10.336699502790967 2149
1740779051679 5.217620903296932 2150
1740779055034 11.086508257733174 2151
1740779058396 10.9581267422329 2152
1740779061605 17.801204505457793 2153
1740779065488 19.834785713372863 2154
1740779069075 19.73545992252577 2155
1740779072522 36.58320145514839 2156
1740779075746 4.382703077078806 2157
1740779079647 4.767605746099651 2158
1740779083403 14.189460652788842 2159
1740779086517 8.719786774635288 2160
1740779090111 4.188659512406988 2161
1740779093924 7.8582091556273905 2162
1740779097851 5.1515840310683805 2163
1740779101082 8.753023454790574 2164
1740779104885 7.685346144009764 2165
1740779108492 17.61542395799519 2166
1740779112278 12.80630997799155 2167
1740779112922 1.0442339906514029 2168
1740779116155 15.383371956683096 2169
1740779119632 21.35077896217511 2170
1740779123085 10.842089129285968 2171
1740779126571 12.06493444675603 2172
1740779129842 8.152591513750382 2173
1740779135374 25.609991750592773 2174
1740779138956 4.903442235473646 2175
1740779142036 5.86852829235672 2176
1740779145268 12.655764735390248 2177
1740779148510 13.477969794344816 2178
1740779151888 14.043447600455622 2179
1740779155282 6.459949492947503 2180
1740779158685 9.247872556535683 2181
1740779162018 7.967778597877457 2182
1740779165378 27.753735537373554 2183
1740779168583 20.62371379505295 2184
1740779173778 18.03132919736402 2185
1740779177008 5.7392937626617115 2186
1740779180222 4.078510002151767 2187
1740779183772 8.320157670410763 2188
1740779187014 11.088084432984475 2189
1740779190225 13.275029695736569 2190
1740779193516 5.303087051853025 2191
1740779196959 7.634468621775064 2192
1740779200943 13.21477313160437 2193
1740779204237 13.913925693875651 2194
1740779207442 5.78858621317626 2195
1740779210687 5.777511038903535 2196
1740779214019 56.9618843520479 2197
1740779217200 30.606831252755228 2198
1740779220430 4.167225699011592 2199
1740779223589 6.573491918284916 2200
1740779226749 8.419096490074475 2201
1740779230171 17.210426111452396 2202
1740779233390 11.013636712410442 2203
1740779236853 13.567923614676442 2204
1740779240191 7.968482143755987 2205
1740779243777 29.983007750667706 2206
1740779246900 14.121923508330882 2207
1740779250233 13.197496214890942 2208
1740779253560 24.9753749572993 2209
1740779256640 5.948422377864724 2210
1740779260399 6.058710480695486 2211
1740779264002 14.624368277201386 2212
1740779267066 8.57857311910277 2213
1740779270531 29.043431586608015 2214
1740779274296 19.288826861993915 2215
1740779277760 90.4472516250662 2216
1740779281024 12.573657780896584 2217
1740779284494 6.459059372831189 2218
1740779288055 6.391130143980897 2219
1740779291675 6.2931614038174395 2220
1740779295019 12.262306165852848 2221
1740779298372 33.02065169637609 2222
1740779301792 3.38073423640331 2223
1740779305151 8.010162286639414 2224
1740779308437 5.743794089337712 2225
1740779311648 9.493108556514466 2226
1740779314806 47.30592217526104 2227
1740779318191 9.009560476561905 2228
1740779321348 12.104396932992112 2229
1740779325013 9.73410622853296 2230
1740779328130 9.39008286572794 2231
1740779331986 28.49537540986805 2232
1740779335703 8.061746274901084 2233
1740779339390 8.376431357862582 2234
1740779342604 11.380959957245269 2235
1740779346156 8.92953320566578 2236
1740779349343 12.87014762337309 2237
1740779352654 5.965030794510746 2238
1740779355944 12.734004891403147 2239
1740779359196 7.451221270830706 2240
1740779362594 10.176235625426248 2241
1740779365775 5.845672095639163 2242
1740779369354 16.814244449106504 2243
1740779372495 4.435603885744573 2244
1740779375714 15.266833726328231 2245
1740779379385 9.697087275647577 2246
1740779382649 8.812678569577345 2247
1740779385901 3.894508307044694 2248
1740779389149 13.352014159173882 2249
1740779392442 23.24525259500599 2250
1740779395943 11.96047876125145 2251
1740779399532 11.629738728091638 2252
1740779403113 8.203783477545237 2253
1740779406548 15.920089053285809 2254
1740779410112 31.305489031996295 2255
1740779413565 6.608991721659839 2256
1740779416971 14.508047647098113 2257
1740779420223 7.257750949217106 2258
1740779423655 38.963025244095384 2259
1740779426761 17.17688963819887 2260
1740779430028 10.20811432527469 2261
1740779433506 8.703179131416414 2262
1740779436875 11.702173768284268 2263
1740779440170 29.505518019613532 2264
1740779443580 14.680446921503924 2265
1740779446859 8.529672511382122 2266
1740779450008 12.388419915473055 2267
1740779453610 5.958733812742311 2268
1740779457133 3.4147206099072696 2269
1740779460399 23.804833280903406 2270
1740779463714 9.427933367626427 2271
1740779466945 4.6465455334204515 2272
1740779470640 96.92790983492293 2273
1740779473883 9.738514136424717 2274
1740779477228 16.999663972606886 2275
1740779480322 81.6035654761811 2276
1740779483923 7.982303697327266 2277
1740779487427 12.654472463553171 2278
1740779490611 8.447831603550867 2279
1740779494112 9.140777657120427 2280
1740779497555 6.26117559707701 2281
1740779501356 7.821529533684455 2282
1740779504791 14.262327959190674 2283
1740779507896 13.771697673714762 2284
1740779510933 8.297915209153334 2285
1740779514390 22.682255942800058 2286
1740779518163 9.405286885330634 2287
1740779521441 8.943400403239034 2288
1740779524699 16.870642898737305 2289
1740779528161 3.817785938620426 2290
1740779531710 9.489726341451426 2291
1740779535134 5.90962424543365 2292
1740779538253 4.467277856279082 2293
1740779541543 4.5604130147961115 2294
1740779544835 6.365409845028925 2295
1740779548762 23.68487690678268 2296
1740779552049 9.56334577372151 2297
1740779555286 7.963574812506696 2298
1740779559077 5.620724172755901 2299
1740779562899 7.752173735604061 2300
1740779566262 23.536964393402542 2301
1740779569420 21.4974320316124 2302
1740779572669 9.073239488341855 2303
1740779576264 12.111512498619645 2304
1740779579760 14.082838879136112 2305
1740779582925 5.330144785237024 2306
1740779586172 7.619452469949149 2307
1740779589745 7.184855623082454 2308
1740779592944 30.46045467664089 2309
1740779596201 16.223609253939248 2310
1740779599425 9.183905047463801 2311
1740779602492 11.405818981440623 2312
1740779605757 6.7319626304990505 2313
1740779609339 4.288591120205178 2314
1740779613054 18.284319594415308 2315
1740779616256 9.580342957999692 2316
1740779619625 18.324003647071248 2317
1740779622974 13.799633037818811 2318
1740779626261 10.67079437234336 2319
1740779629586 19.09840512380803 2320
1740779632832 8.118104477026808 2321
1740779636109 9.863196993214721 2322
1740779639332 6.844524242745666 2323
1740779642910 12.194399058573337 2324
1740779646213 18.284261323213126 2325
1740779649530 26.22040748423612 2326
1740779653027 12.766434127849717 2327
1740779656298 9.503287398496015 2328
1740779659488 11.94875051580991 2329
1740779662732 33.34218099661676 2330
1740779665892 8.52607782491803 2331
1740779669303 12.258885249418034 2332
1740779672662 9.04946991068904 2333
1740779675877 17.947329936577237 2334
1740779679116 11.825504407858151 2335
1740779682344 12.06342161896403 2336
1740779685774 11.424278673641119 2337
1740779689170 9.490219194289976 2338
1740779692369 10.665991938758738 2339
1740779695778 7.683297805915101 2340
1740779699035 57.50237993016608 2341
1740779702198 45.91289683122351 2342
1740779705619 10.021750149847097 2343
1740779709354 13.455850368891948 2344
1740779712960 9.161526233735495 2345
1740779716233 3.588238231205527 2346
1740779719522 25.907771799739578 2347
1740779722931 18.665202863709517 2348
1740779726722 59.44493964518281 2349
1740779730257 18.502568069685665 2350
1740779733392 18.922967716318173 2351
1740779736636 7.980531938059138 2352
1740779739882 10.065545904846363 2353
1740779743081 9.781650340088799 2354
1740779746630 9.328052917126483 2355
1740779749762 15.522150314406284 2356
1740779753197 15.54974579289304 2357
1740779756406 7.076579288604029 2358
1740779759923 16.556270536513598 2359
1740779763408 12.054606289955505 2360
1740779766719 50.293970107438376 2361
1740779770545 13.258737958941614 2362
1740779773953 15.95275669845176 2363
1740779777102 15.519456525371966 2364
1740779780232 68.95171317249587 2365
1740779783806 5.736979173963539 2366
1740779787482 15.852970588369494 2367
1740779790922 7.494698960539282 2368
1740779794287 9.36319666524384 2369
1740779797765 18.153870675066948 2370
1740779800992 9.281087657782422 2371
1740779804460 9.080124317902165 2372
1740779807605 5.13405549756159 2373
1740779810797 8.479249255472666 2374
1740779814712 4.000529923321072 2375
1740779818389 14.44605893523876 2376
1740779821649 11.468569011543623 2377
1740779824840 5.231124632836399 2378
1740779828447 4.456958861892446 2379
1740779832245 18.537659492962884 2380
1740779835483 67.83978072987534 2381
1740779838713 9.9754670972924 2382
1740779842122 10.262882543297241 2383
1740779846090 10.32222126895899 2384
1740779849393 9.508643787200912 2385
1740779852645 8.616627487098423 2386
1740779855903 13.015023430837784 2387
1740779859388 14.842380479245573 2388
1740779862717 21.560733678379062 2389
1740779865869 22.295759174780454 2390
1740779868925 10.9431198351207 2391
1740779872226 24.633111786636288 2392
1740779875401 28.318904619313994 2393
1740779878953 13.26004761092744 2394
1740779882131 23.27961661247352 2395
1740779885314 6.326394355048798 2396
1740779888870 38.41306536906546 2397
1740779892637 13.371394865993217 2398
1740779896143 8.894939136938328 2399
1740779899608 28.77658859002612 2400
1740779903245 15.772306590512144 2401
1740779906550 13.669596013420165 2402
1740779909866 10.911547510456524 2403
1740779913516 5.930462043549876 2404
1740779917093 6.422576462486164 2405
1740779920804 13.33979170581652 2406
1740779924024 12.571673752696126 2407
1740779927281 11.14110047091947 2408
1740779930466 21.099615514865654 2409
1740779933963 9.626453833845082 2410
1740779937166 6.65802874211909 2411
1740779940313 19.502105362382643 2412
1740779943643 7.051645610776221 2413
1740779947009 4.808730671481568 2414
1740779950176 12.856128174067226 2415
1740779953383 18.395960183328757 2416
1740779957132 8.294901583714777 2417
1740779960854 11.09874304881922 2418
1740779964096 6.6774365797493545 2419
1740779967290 29.07952421251507 2420
1740779970991 4.186234373187657 2421
1740779971552 1.0707506896595844 2422
1740779975450 8.756508807663913 2423
1740779978724 10.711030209910378 2424
1740779981958 7.603906455969552 2425
1740779985629 8.17246141229328 2426
1740779988858 10.083391585339925 2427
1740779992231 18.086302663152473 2428
1740779995681 5.694463428087772 2429
1740779999147 10.83698665900887 2430
1740780002275 6.630292615465745 2431
1740780005529 82.07950664193162 2432
1740780008579 81.80450986620374 2433
1740780011822 6.604077929162673 2434
1740780014868 4.124001792384015 2435
1740780018032 8.162404388815805 2436
1740780021594 31.19491668579268 2437
1740780024603 8.8346412205195 2438
1740780027900 15.519876523586262 2439
1740780031112 5.196583155345804 2440
1740780034666 5.985814150638798 2441
1740780038008 10.67424094395196 2442
1740780041229 9.273762893806522 2443
1740780044367 7.912618012185806 2444
1740780047689 11.275227315946307 2445
1740780050857 7.573079279905161 2446
1740780054472 16.976989160367985 2447
1740780057965 11.330535189253514 2448
1740780061291 18.513974622685165 2449
1740780064651 10.664400846380937 2450
1740780065475 9.888090677773134 2451
1740780069025 8.818764638332986 2452
1740780072157 4.0055520762312105 2453
1740780075517 3.9861148936426787 2454
1740780079505 24.749731542202582 2455
1740780082698 17.26265608351288 2456
1740780085805 6.776076690299622 2457
1740780089213 9.801051520041275 2458
1740780092727 22.59230730887004 2459
1740780095869 12.199174945040248 2460
1740780099045 10.961918025377203 2461
1740780102110 42.960788443720354 2462
1740780105221 17.848596247971283 2463
1740780108442 20.22067127380905 2464
1740780111725 13.57763927551754 2465
1740780114899 4.84343311232991 2466
1740780118022 45.045930063919066 2467
1740780121269 7.867496078162811 2468
1740780124659 4.535497306329074 2469
1740780128212 9.327003676663836 2470
1740780131449 8.546196921690905 2471
1740780134678 7.730646605874366 2472
1740780138064 24.580871763704465 2473
1740780141969 17.44993566932953 2474
1740780145331 11.480617409713707 2475
1740780148783 10.68712199316008 2476
1740780152269 9.507243603933247 2477
1740780155825 4.419390648435447 2478
1740780159137 5.574226980290416 2479
1740780159772 1.0611203792885846 2480
1740780162906 5.71960900874846 2481
1740780166562 28.919709128757237 2482
1740780170199 3.80427888394753 2483
1740780173288 9.130470547820025 2484
1740780176330 7.761486026689018 2485
1740780179637 4.2156142931556655 2486
1740780182877 14.730667691041749 2487
1740780186084 7.2266036563603055 2488
1740780189182 4.109001632173157 2489
1740780192388 11.372189763199284 2490
1740780195495 8.034854086447922 2491
1740780198707 45.42758038232798 2492
1740780201977 10.001515800444047 2493
1740780205166 29.05563790084608 2494
1740780208436 10.277379114926743 2495
1740780211585 9.77033618563305 2496
1740780214862 5.075762981208854 2497
1740780218494 4.740781563550308 2498
1740780221601 11.216548289362365 2499
1740780224855 7.41995887764219 2500
1740780228185 13.630690882934234 2501
1740780231297 24.266831907095696 2502
1740780234553 8.64185826993183 2503
1740780237761 6.201872647041645 2504
1740780241090 10.803013319520149 2505
1740780244338 5.834571801916996 2506
1740780247618 20.730276904153015 2507
1740780250905 8.18451956872177 2508
