1740682340118 0.999 0
1740682343170 0.998001 1
1740682346258 0.997002999 2
1740682349355 0.996005996001 3
1740682352574 0.995009990004999 4
1740682355737 0.994014980014994 5
1740682358984 0.993020965034979 6
1740682362079 0.9920279440699441 7
1740682365312 0.9910359161258742 8
1740682368804 0.9900448802097482 9
1740682372003 0.9890548353295385 10
1740682375110 0.988065780494209 11
1740682378279 0.9870777147137147 12
1740682381633 0.986090636999001 13
1740682384959 0.9851045463620021 14
1740682388021 0.98411944181564 15
1740682391083 0.9831353223738244 16
1740682394189 0.9821521870514506 17
1740682397587 0.9811700348643991 18
1740682400719 0.9801888648295347 19
1740682403782 0.9792086759647052 20
1740682407000 0.9782294672887405 21
1740682410033 0.9772512378214517 22
1740682412879 0.9762739865836303 23
1740682415888 0.9752977125970467 24
1740682418924 0.9743224148844496 25
1740682422040 0.9733480924695651 26
1740682424920 0.9723747443770956 27
1740682428062 0.9714023696327185 28
1740682431153 0.9704309672630859 29
1740682434289 0.9694605362958227 30
1740682437403 0.9684910757595269 31
1740682440615 0.9675225846837673 32
1740682443778 0.9665550620990835 33
1740682446888 0.9655885070369844 34
1740682450027 0.9646229185299474 35
1740682453275 0.9636582956114175 36
1740682456370 0.9626946373158061 37
1740682459403 0.9617319426784903 38
1740682462592 0.9607702107358118 39
1740682465670 0.959809440525076 40
1740682468813 0.9588496310845509 41
1740682471924 0.9578907814534664 42
1740682475038 0.9569328906720129 43
1740682478007 0.9559759577813409 44
1740682481131 0.9550199818235596 45
1740682484349 0.9540649618417361 46
1740682487487 0.9531108968798944 47
1740682490631 0.9521577859830145 48
1740682493743 0.9512056281970315 49
1740682496773 0.9502544225688344 50
1740682499927 0.9493041681462656 51
1740682503064 0.9483548639781193 52
1740682506191 0.9474065091141411 53
1740682509270 0.946459102605027 54
1740682512371 0.9455126435024219 55
1740682515421 0.9445671308589195 56
1740682518492 0.9436225637280606 57
1740682521730 0.9426789411643326 58
1740682524728 0.9417362622231683 59
1740682527898 0.9407945259609451 60
1740682530943 0.9398537314349842 61
1740682533979 0.9389138777035492 62
1740682537016 0.9379749638258457 63
1740682540106 0.9370369888620198 64
1740682543431 0.9360999518731578 65
1740682546511 0.9351638519212846 66
1740682549631 0.9342286880693633 67
1740682552678 0.933294459381294 68
1740682555744 0.9323611649219127 69
1740682558910 0.9314288037569908 70
1740682561968 0.9304973749532338 71
1740682565043 0.9295668775782806 72
1740682568227 0.9286373107007023 73
1740682571322 0.9277086733900016 74
1740682574405 0.9267809647166116 75
1740682577627 0.925854183751895 76
1740682580742 0.9249283295681431 77
1740682583883 0.9240034012385749 78
1740682587099 0.9230793978373364 79
1740682590199 0.9221563184394991 80
1740682593304 0.9212341621210596 81
1740682596470 0.9203129279589385 82
1740682599658 0.9193926150309796 83
1740682602774 0.9184732224159486 84
1740682606093 0.9175547491935327 85
1740682609154 0.9166371944443392 86
1740682612126 0.9157205572498949 87
1740682615147 0.914804836692645 88
1740682618361 0.9138900318559524 89
1740682621505 0.9129761418240965 90
1740682624611 0.9120631656822724 91
1740682627580 0.9111511025165902 92
1740682630777 0.9102399514140735 93
1740682633952 0.9093297114626595 94
1740682637131 0.9084203817511969 95
1740682640220 0.9075119613694457 96
1740682643177 0.9066044494080763 97
1740682646257 0.9056978449586682 98
1740682649332 0.9047921471137096 99
1740682652399 0.9038873549665959 100
1740682655504 0.9029834676116293 101
1740682658624 0.9020804841440176 102
1740682661747 0.9011784036598737 103
1740682664915 0.9002772252562138 104
1740682668068 0.8993769480309576 105
1740682671202 0.8984775710829266 106
1740682674372 0.8975790935118436 107
1740682677529 0.8966815144183318 108
1740682680624 0.8957848329039134 109
1740682683726 0.8948890480710096 110
1740682686864 0.8939941590229386 111
1740682689986 0.8931001648639156 112
1740682693059 0.8922070646990518 113
1740682696270 0.8913148576343527 114
1740682699466 0.8904235427767183 115
1740682702394 0.8895331192339416 116
1740682705430 0.8886435861147077 117
1740682708594 0.887754942528593 118
1740682711734 0.8868671875860644 119
1740682714917 0.8859803203984784 120
1740682718008 0.88509434007808 121
1740682721126 0.8842092457380019 122
1740682724140 0.8833250364922639 123
1740682727300 0.8824417114557717 124
1740682730313 0.8815592697443159 125
1740682733515 0.8806777104745716 126
1740682736750 0.8797970327640969 127
1740682739849 0.8789172357313328 128
1740682742940 0.8780383184956015 129
1740682746107 0.8771602801771059 130
1740682749109 0.8762831198969288 131
1740682752191 0.8754068367770318 132
1740682755408 0.8745314299402548 133
1740682758483 0.8736568985103146 134
1740682761548 0.8727832416118043 135
1740682764647 0.8719104583701925 136
1740682767734 0.8710385479118223 137
1740682770880 0.8701675093639105 138
1740682774005 0.8692973418545467 139
1740682777284 0.8684280445126921 140
1740682780431 0.8675596164681794 141
1740682783544 0.8666920568517111 142
1740682786627 0.8658253647948594 143
1740682789739 0.8649595394300645 144
1740682792852 0.8640945798906344 145
1740682796187 0.8632304853107438 146
1740682799586 0.862367254825433 147
1740682802831 0.8615048875706075 148
1740682805920 0.8606433826830369 149
1740682808940 0.8597827393003539 150
1740682812311 0.8589229565610536 151
1740682815597 0.8580640336044925 152
1740682818660 0.857205969570888 153
1740682821747 0.8563487636013172 154
1740682825064 0.8554924148377159 155
1740682828515 0.8546369224228781 156
1740682831686 0.8537822855004553 157
1740682834870 0.8529285032149548 158
1740682838056 0.8520755747117399 159
1740682841166 0.8512234991370281 160
1740682844464 0.8503722756378911 161
1740682847560 0.8495219033622532 162
1740682850686 0.8486723814588909 163
1740682854248 0.847823709077432 164
1740682857604 0.8469758853683546 165
1740682860810 0.8461289094829862 166
1740682863973 0.8452827805735033 167
1740682867184 0.8444374977929298 168
1740682870478 0.8435930602951368 169
1740682873861 0.8427494672348417 170
1740682876915 0.8419067177676068 171
1740682880056 0.8410648110498392 172
1740682883144 0.8402237462387894 173
1740682886475 0.8393835224925505 174
1740682889538 0.838544138970058 175
1740682892694 0.8377055948310879 176
1740682895887 0.8368678892362568 177
1740682899390 0.8360310213470206 178
1740682902689 0.8351949903256736 179
1740682905852 0.8343597953353479 180
1740682909087 0.8335254355400126 181
1740682912495 0.8326919101044725 182
1740682915956 0.831859218194368 183
1740682919066 0.8310273589761736 184
1740682922105 0.8301963316171974 185
1740682925391 0.8293661352855802 186
1740682928751 0.8285367691502946 187
1740682932087 0.8277082323811443 188
1740682935224 0.8268805241487632 189
1740682938348 0.8260536436246144 190
1740682941583 0.8252275899809898 191
1740682944929 0.8244023623910088 192
1740682948125 0.8235779600286178 193
1740682951223 0.8227543820685892 194
1740682954328 0.8219316276865206 195
1740682957495 0.8211096960588341 196
1740682960790 0.8202885863627752 197
1740682963830 0.8194682977764125 198
1740682966860 0.818648829478636 199
1740682969969 0.8178301806491574 200
1740682973238 0.8170123504685082 201
1740682976585 0.8161953381180397 202
1740682979690 0.8153791427799216 203
1740682982761 0.8145637636371417 204
1740682986088 0.8137491998735046 205
1740682989544 0.812935450673631 206
1740682993053 0.8121225152229574 207
1740682996682 0.8113103927077344 208
1740683000236 0.8104990823150267 209
1740683003601 0.8096885832327116 210
1740683006897 0.8088788946494789 211
1740683010285 0.8080700157548294 212
1740683013398 0.8072619457390746 213
1740683016650 0.8064546837933355 214
1740683019829 0.8056482291095421 215
1740683022890 0.8048425808804326 216
1740683025946 0.8040377382995522 217
1740683028844 0.8032337005612527 218
1740683031971 0.8024304668606914 219
1740683035194 0.8016280363938307 220
1740683038358 0.8008264083574369 221
1740683041740 0.8000255819490795 222
1740683045139 0.7992255563671304 223
1740683048449 0.7984263308107633 224
1740683051549 0.7976279044799526 225
1740683054777 0.7968302765754727 226
1740683058310 0.7960334462988972 227
1740683061427 0.7952374128525983 228
1740683064596 0.7944421754397457 229
1740683067707 0.7936477332643059 230
1740683070836 0.7928540855310416 231
1740683073940 0.7920612314455105 232
1740683077471 0.7912691702140651 233
1740683080726 0.790477901043851 234
1740683083993 0.7896874231428072 235
1740683087208 0.7888977357196644 236
1740683090380 0.7881088379839447 237
1740683093597 0.7873207291459607 238
1740683096849 0.7865334084168147 239
1740683100258 0.7857468750083979 240
1740683103430 0.7849611281333895 241
1740683106609 0.784176167005256 242
1740683109825 0.7833919908382508 243
1740683113036 0.7826085988474126 244
1740683116525 0.7818259902485653 245
1740683119791 0.7810441642583167 246
1740683122918 0.7802631200940584 247
1740683126130 0.7794828569739644 248
1740683129280 0.7787033741169904 249
1740683132553 0.7779246707428734 250
1740683135802 0.7771467460721305 251
1740683139187 0.7763695993260584 252
1740683142538 0.7755932297267324 253
1740683145796 0.7748176364970056 254
1740683149190 0.7740428188605086 255
1740683152535 0.7732687760416481 256
1740683155567 0.7724955072656065 257
1740683158775 0.7717230117583408 258
1740683161926 0.7709512887465825 259
1740683165240 0.7701803374578359 260
