1740682340118 1.2824270129203796 0
1740682343170 2.2080771289765835 1
1740682346258 1.259912520647049 2
1740682349355 1.0146928802132607 3
1740682352574 0.9044829457998276 4
1740682355737 0.681651160120964 5
1740682358984 0.45415352657437325 6
1740682362079 0.2847234746441245 7
1740682365312 0.21738998172804713 8
1740682368804 0.1625484600663185 9
1740682372003 0.5708660669624805 10
1740682375110 0.2808431349694729 11
1740682378279 0.3794859158806503 12
1740682381633 0.31875010300427675 13
1740682384959 0.2680832277983427 14
1740682388021 0.24444831162691116 15
1740682391083 0.23483721259981394 16
1740682394189 0.3047426352277398 17
1740682397587 0.2578907827846706 18
1740682400719 0.2315172180533409 19
1740682403782 0.6056431299075484 20
1740682407000 0.31499189557507634 21
1740682410033 0.3234540948178619 22
1740682412879 0.2882499536499381 23
1740682415888 0.28893146803602576 24
1740682418924 0.3002647066023201 25
1740682422040 0.29166764416731894 26
1740682424920 0.26857638941146433 27
1740682428062 0.24579467438161373 28
1740682431153 0.27420662390068173 29
1740682434289 0.5066896951757371 30
1740682437403 0.28148733195848763 31
1740682440615 0.22656378021929413 32
1740682443778 0.3018834278918803 33
1740682446888 0.25827278988435864 34
1740682450027 0.25233292672783136 35
1740682453275 0.23576670745387673 36
1740682456370 0.23548033914994448 37
1740682459403 0.27077442570589483 38
1740682462592 0.24386874679476023 39
1740682465670 0.3749917873647064 40
1740682468813 0.2889445126056671 41
1740682471924 0.28731902758590877 42
1740682475038 0.30570552276913077 43
1740682478007 0.2985340696759522 44
1740682481131 0.3209967827424407 45
1740682484349 0.26414743170607835 46
1740682487487 0.2358212796971202 47
1740682490631 0.2504290387732908 48
1740682493743 0.2924193838844076 49
1740682496773 0.43302176776342094 50
1740682499927 0.367362353252247 51
1740682503064 0.3718042680993676 52
1740682506191 0.2686588774668053 53
1740682509270 0.26336354890372604 54
1740682512371 0.28899362008087337 55
1740682515421 0.24110960424877703 56
1740682518492 0.3628679283428937 57
1740682521730 0.2971763238310814 58
1740682524728 0.3898565899580717 59
1740682527898 0.5131239970214665 60
1740682530943 0.4049854171462357 61
1740682533979 0.24656194122508168 62
1740682537016 0.4025153189431876 63
1740682540106 0.34666548552922904 64
1740682543431 0.29136707726866007 65
1740682546511 0.4191762793343514 66
1740682549631 0.3147406199714169 67
1740682552678 0.3085736106149852 68
1740682555744 0.3069122757297009 69
1740682558910 0.41978447581641376 70
1740682561968 0.6267528294119984 71
1740682565043 0.33950441516935825 72
1740682568227 0.47197652026079595 73
1740682571322 0.47436841926537454 74
1740682574405 0.3989065766800195 75
1740682577627 0.35666919499635696 76
1740682580742 0.36647371458821 77
1740682583883 0.2530385187128559 78
1740682587099 0.39811204676516354 79
1740682590199 0.49543048813939095 80
1740682593304 0.5523808549623936 81
1740682596470 0.49748368351720273 82
1740682599658 0.5992238544858992 83
1740682602774 0.47712971712462604 84
1740682606093 0.6246562472078949 85
1740682609154 0.583144293865189 86
1740682612126 0.5588546227663755 87
1740682615147 0.6166485054418445 88
1740682618361 0.7237019073218107 89
1740682621505 0.5671745142899454 90
1740682624611 0.5200255652889609 91
1740682627580 0.5314618882257491 92
1740682630777 0.5457634830381721 93
1740682633952 0.6168080200441182 94
1740682637131 0.463528840104118 95
1740682640220 0.6072104496415704 96
1740682643177 0.48330525623168796 97
1740682646257 0.47259648866020143 98
1740682649332 0.4589402398560196 99
1740682652399 0.7061132420785725 100
1740682655504 0.8176785840187222 101
1740682658624 0.6574495914392173 102
1740682661747 0.5972429000539705 103
1740682664915 0.6495931667741388 104
1740682668068 0.6101249605417252 105
1740682671202 0.7738457878585905 106
1740682674372 0.8245370138902217 107
1740682677529 0.8087289197137579 108
1740682680624 0.7515359572134912 109
1740682683726 0.6260097895283252 110
1740682686864 0.8536482269410044 111
1740682689986 0.5286091765156016 112
1740682693059 0.7056367154000327 113
1740682696270 0.5940707925474271 114
1740682699466 0.8197581861168146 115
1740682702394 0.6859461290296167 116
1740682705430 0.7122300988994539 117
1740682708594 0.6152165406383574 118
1740682711734 0.7870630479883403 119
1740682714917 0.9035170758143067 120
1740682718008 0.6351196961477399 121
1740682721126 0.7044824248878285 122
1740682724140 0.7366890185512602 123
1740682727300 0.6797191076911986 124
1740682730313 0.9181390262092464 125
1740682733515 1.0854132762178779 126
1740682736750 0.8140315213240683 127
1740682739849 0.6122201252728701 128
1740682742940 0.7631872108904645 129
1740682746107 0.8156994287855923 130
1740682749109 0.7020567657891661 131
1740682752191 0.90887196874246 132
1740682755408 1.0556214284151793 133
1740682758483 0.6919906922266819 134
1740682761548 0.9578439786564559 135
1740682764647 0.8781784942839295 136
1740682767734 0.9127111753914505 137
1740682770880 0.5434828727738932 138
1740682774005 0.8795588659122586 139
1740682777284 0.9447032958269119 140
1740682780431 0.8599095343379304 141
1740682783544 0.9215605005156249 142
1740682786627 1.1287411299999803 143
1740682789739 0.9942905581556261 144
1740682792852 0.7959080904256552 145
1740682796187 1.1755473585799336 146
1740682799586 1.169823240954429 147
1740682802831 1.196352054073941 148
1740682805920 0.9481291654519737 149
1740682808940 1.1085156574845314 150
1740682812311 1.1125627283472568 151
1740682815597 1.3376090603414923 152
1740682818660 1.4322761420626193 153
1740682821747 1.1429335514549166 154
1740682825064 1.0858732811175287 155
1740682828515 1.0821041299495846 156
1740682831686 0.6104323845356703 157
1740682834870 1.2180734341964126 158
1740682838056 1.3008479793788865 159
1740682841166 0.9683536989614367 160
1740682844464 1.3987380699254572 161
1740682847560 1.3092346279881895 162
1740682850686 1.4883026964962482 163
1740682854248 1.5600319048389792 164
1740682857604 0.7916380290407687 165
1740682860810 1.0560190632240847 166
1740682863973 0.9952461698558182 167
1740682867184 1.212811182718724 168
1740682870478 1.3481116369366646 169
1740682873861 1.2731242259033024 170
1740682876915 1.177896757144481 171
1740682880056 1.490950780455023 172
1740682883144 1.4028148795478046 173
1740682886475 0.9701971516478807 174
1740682889538 1.3286433678586036 175
1740682892694 1.2583098821341991 176
1740682895887 0.8709684361238033 177
1740682899390 1.5083193173632026 178
1740682902689 1.43439056025818 179
1740682905852 1.360545712057501 180
1740682909087 1.446753686061129 181
1740682912495 1.1547941893804818 182
1740682915956 1.1568588698282838 183
1740682919066 1.116755941300653 184
1740682922105 1.1046449198620394 185
1740682925391 0.916035128524527 186
1740682928751 0.961322748567909 187
1740682932087 0.9821690684184432 188
1740682935224 1.6654876013053581 189
1740682938348 1.3782746326178312 190
1740682941583 1.2145819979486987 191
1740682944929 0.7581559045938775 192
1740682948125 1.781983777298592 193
1740682951223 1.4878868606174365 194
1740682954328 1.4370890689315274 195
1740682957495 0.9844205714762211 196
1740682960790 1.4083967686165124 197
1740682963830 1.2143024975666776 198
1740682966860 0.8213757472112775 199
1740682969969 0.8917398817138746 200
1740682973238 1.5387112813768908 201
1740682976585 1.117909558233805 202
1740682979690 1.610280056251213 203
1740682982761 1.5681449696421623 204
1740682986088 1.389578692149371 205
1740682989544 1.450600688578561 206
1740682993053 1.4601142150349915 207
1740682996682 1.6789437865372747 208
1740683000236 1.2612061413237825 209
1740683003601 0.9941341454396024 210
1740683006897 1.1666037639370188 211
1740683010285 0.8948664459167048 212
1740683013398 1.474651676369831 213
1740683016650 1.718019998865202 214
1740683019829 1.2381681383121759 215
1740683022890 1.8247001683339477 216
1740683025946 1.3546632591169327 217
1740683028844 1.3312064583878964 218
1740683031971 1.2349125776672736 219
1740683035194 1.7396452212706208 220
1740683038358 1.4272086131386459 221
1740683041740 1.706476405612193 222
1740683045139 1.5775075366254896 223
1740683048449 1.3253379539819434 224
1740683051549 1.4315970226889476 225
1740683054777 1.5274245541077107 226
1740683058310 1.3992981151677668 227
1740683061427 1.740756718441844 228
1740683064596 1.5377913533011451 229
1740683067707 1.435522687039338 230
1740683070836 1.313283534371294 231
1740683073940 1.666160406311974 232
1740683077471 1.6545776033308357 233
1740683080726 0.9556253748014569 234
1740683083993 2.5721808393718675 235
1740683087208 2.1176642323844135 236
1740683090380 1.8124797795899212 237
1740683093597 1.0605762150371447 238
1740683096849 1.5162795138312504 239
1740683100258 1.5568816099548712 240
1740683103430 1.6052136265207082 241
1740683106609 2.052443512598984 242
1740683109825 1.5332621600246057 243
1740683113036 1.8860233034938574 244
1740683116525 1.7907087550265715 245
1740683119791 1.0997560027753934 246
1740683122918 1.0575074889929965 247
1740683126130 2.5076471518259495 248
1740683129280 1.5872943580616266 249
1740683132553 1.6529231797903776 250
1740683135802 1.8620568732731044 251
1740683139187 2.0614331448450685 252
1740683142538 1.3900601303903386 253
1740683145796 2.0089062561746687 254
1740683149190 2.1610595691017807 255
1740683152535 2.0456096762791276 256
1740683155567 1.9098652665270492 257
1740683158775 2.10687818354927 258
1740683161926 1.5097377276979387 259
1740683165240 1.9163551883539185 260
