1740682340118 0.24284460897761673 0
1740682343170 0.05836158737074073 1
1740682346258 0.08004087695329495 2
1740682349355 0.16885589618495195 3
1740682352574 0.1515554007699057 4
1740682355737 0.08106937649390028 5
1740682358984 0.05716892131434793 6
1740682362079 0.10805268192540422 7
1740682365312 0.044208385579191434 8
1740682368804 0.0648906560619444 9
1740682372003 0.09893440951346916 10
1740682375110 0.07203441173637422 11
1740682378279 0.338455918026332 12
1740682381633 0.07157636775294864 13
1740682384959 0.06369424327056149 14
1740682388021 0.06012418080932573 15
1740682391083 0.28343332428503465 16
1740682394189 0.17898075666520263 17
1740682397587 0.12375156164084243 18
1740682400719 0.0867470009748275 19
1740682403782 0.08412224537173053 20
1740682407000 0.10692355233675616 21
1740682410033 0.0886898536346334 22
1740682412879 0.07901900438760881 23
1740682415888 0.0808757562615829 24
1740682418924 0.192765991031281 25
1740682422040 0.091745335381251 26
1740682424920 0.07435035303988843 27
1740682428062 0.09785053163288474 28
1740682431153 0.07849287812146682 29
1740682434289 0.0922897815816341 30
1740682437403 0.042344555509968414 31
1740682440615 0.14771118366172567 32
1740682443778 0.0782541908815649 33
1740682446888 0.0745423962696646 34
1740682450027 0.045636083260002194 35
1740682453275 0.05156925350672737 36
1740682456370 0.10256950096948136 37
1740682459403 0.19693742464883168 38
1740682462592 0.10025947663756225 39
1740682465670 0.0892791131851931 40
1740682468813 0.06163071843860169 41
1740682471924 0.11290840479791679 42
1740682475038 0.09389934148293547 43
1740682478007 0.055238520118813694 44
1740682481131 0.08411604796029114 45
1740682484349 0.05428324135438266 46
1740682487487 0.18838182024137873 47
1740682490631 0.10248268817443933 48
1740682493743 0.1078928651958039 49
1740682496773 0.0876916525065849 50
1740682499927 0.049302164748527263 51
1740682503064 0.07003706460362903 52
1740682506191 0.32659775629302346 53
1740682509270 0.06003813556895468 54
1740682512371 0.08337846326675884 55
1740682515421 0.1582702276235618 56
1740682518492 0.09769956732649351 57
1740682521730 0.0930532548972662 58
1740682524728 0.07828234631569138 59
1740682527898 0.04819367554970261 60
1740682530943 0.06510790091617706 61
1740682533979 0.07896347504913451 62
1740682537016 0.07974160066079534 63
1740682540106 0.059050748958309376 64
1740682543431 0.04026198508576509 65
1740682546511 0.047014478918800166 66
1740682549631 0.0874201382045482 67
1740682552678 0.05181752010411356 68
1740682555744 0.09088619284889 69
1740682558910 0.058415103591978296 70
1740682561968 0.050518430505026225 71
1740682565043 0.04716339342646351 72
1740682568227 0.0911893231146973 73
1740682571322 0.17988322498909257 74
1740682574405 0.07217380933182274 75
1740682577627 0.04491967511290488 76
1740682580742 0.06363502598212036 77
1740682583883 0.15453664193915737 78
1740682587099 0.07670929729118965 79
1740682590199 0.7030001910456641 80
1740682593304 0.03741138144628067 81
1740682596470 0.07406258603824516 82
1740682599658 0.042827509311039014 83
1740682602774 0.2921661051796237 84
1740682606093 0.05135865456216208 85
1740682609154 0.12672742548020033 86
1740682612126 0.0996251428231702 87
1740682615147 0.055831989109035945 88
1740682618361 0.1268802595879566 89
1740682621505 0.059115932831189745 90
1740682624611 0.06857806206997524 91
1740682627580 0.07655485013919373 92
1740682630777 0.084480782931744 93
1740682633952 0.05881826189597656 94
1740682637131 0.07162429925512379 95
1740682640220 0.06377923299789368 96
1740682643177 0.07828520387329255 97
1740682646257 0.0913086151829688 98
1740682649332 0.08014384032988786 99
1740682652399 0.5226242538834163 100
1740682655504 0.23405970452548922 101
1740682658624 0.05781449437787518 102
1740682661747 0.10642104792432727 103
1740682664915 0.08550140311965632 104
1740682668068 0.05467874333364018 105
1740682671202 0.060102055315298095 106
1740682674372 0.0806028800212615 107
1740682677529 0.11488832720465533 108
1740682680624 0.12401409835406518 109
1740682683726 0.04900659294436904 110
1740682686864 0.06661641880978238 111
1740682689986 0.04348187665478423 112
1740682693059 0.24312013728921492 113
1740682696270 0.05368678042635303 114
1740682699466 0.0698366773621707 115
1740682702394 0.06843785470095015 116
1740682705430 0.15861740923802192 117
1740682708594 0.07746834462573413 118
1740682711734 0.05761143260139453 119
1740682714917 0.049620992160050205 120
1740682718008 0.15285429892797497 121
1740682721126 0.07328421388731667 122
1740682724140 0.1011535652758851 123
1740682727300 0.05370174220514437 124
1740682730313 0.08549450519500931 125
1740682733515 0.08438736968109366 126
1740682736750 0.13115668644109574 127
1740682739849 0.07615711104123156 128
1740682742940 0.06868856744522954 129
1740682746107 0.04962953084172608 130
1740682749109 0.14112490167590458 131
1740682752191 0.09416388416111131 132
1740682755408 0.058333888283474584 133
1740682758483 0.07585549007564815 134
1740682761548 0.1219064088771934 135
1740682764647 0.04804003546336518 136
1740682767734 0.0749430342224311 137
1740682770880 0.13507941104650947 138
1740682774005 0.19017117748170495 139
1740682777284 0.09350066543477857 140
1740682780431 0.040711446053947 141
1740682783544 0.0801242260754788 142
1740682786627 0.055648478886357905 143
1740682789739 0.22100598711502875 144
1740682792852 0.06337016802591368 145
1740682796187 0.14930452909326739 146
1740682799586 0.13307384311345982 147
1740682802831 0.04754007111619085 148
1740682805920 0.09654156923994746 149
1740682808940 0.05230482027169161 150
1740682812311 0.05750684095027357 151
1740682815597 0.09550566923478723 152
1740682818660 0.06118249597616542 153
1740682821747 0.07778265478642621 154
1740682825064 0.07848937399419328 155
1740682828515 0.04709699966774207 156
1740682831686 0.12405216690418207 157
1740682834870 0.08273071883221864 158
1740682838056 0.06683042460421268 159
1740682841166 0.11317057283876258 160
1740682844464 0.0665241208557081 161
1740682847560 0.16011522727453592 162
1740682850686 0.0322857078444898 163
1740682854248 0.19225235314821212 164
1740682857604 0.05700815666793655 165
1740682860810 0.07319064617109858 166
1740682863973 0.09262684644515506 167
1740682867184 0.05641544895075654 168
1740682870478 0.09112993756336715 169
1740682873861 0.06369166710478882 170
1740682876915 0.07288898926757867 171
1740682880056 0.09078536078910007 172
1740682883144 0.08974752929327393 173
1740682886475 0.09450328273306129 174
1740682889538 0.08497221276689582 175
1740682892694 0.10426259603823257 176
1740682895887 0.12316543631002061 177
1740682899390 0.07444628318501223 178
1740682902689 0.0505076996198624 179
1740682905852 0.12785291978759078 180
1740682909087 0.11712613096011937 181
1740682912495 0.08335062733296013 182
1740682915956 0.0905734038775504 183
1740682919066 0.11377694020836426 184
1740682922105 0.06983499244896944 185
1740682925391 0.0686865837020111 186
1740682928751 0.08244931803424457 187
1740682932087 0.044999848759490264 188
1740682935224 0.06351248080489706 189
1740682938348 0.14429740863265908 190
1740682941583 0.08160518332196641 191
1740682944929 0.059053872295465465 192
1740682948125 0.07382195168136167 193
1740682951223 0.09207023573254589 194
1740682954328 0.03417724320552924 195
1740682957495 0.12053768760916371 196
1740682960790 0.038088296295368675 197
1740682963830 0.08737908639821178 198
1740682966860 0.09980003881323565 199
1740682969969 0.04518696818036269 200
1740682973238 0.049995111618927834 201
1740682976585 0.051929550803301146 202
1740682979690 0.11152071506368787 203
1740682982761 0.09733027240764555 204
1740682986088 0.23062331330106095 205
1740682989544 0.04068577022800805 206
1740682993053 0.04684123264696496 207
1740682996682 0.07104019106249798 208
1740683000236 0.09332172507542329 209
1740683003601 0.06848046396537336 210
1740683006897 0.06521864814447584 211
1740683010285 0.09366967024781672 212
1740683013398 0.09548920469263054 213
1740683016650 0.08895364496669377 214
1740683019829 0.07631854606364966 215
1740683022890 0.08495508568615927 216
1740683025946 0.10724141015300653 217
1740683028844 0.0984610475299801 218
1740683031971 0.1022532244406316 219
1740683035194 0.1327733038626515 220
1740683038358 0.05840735860692733 221
1740683041740 0.10646365287118503 222
1740683045139 0.25836760048258783 223
1740683048449 0.052674022355061315 224
1740683051549 0.11513837922787147 225
1740683054777 0.07697185303731807 226
1740683058310 0.04771760212444326 227
1740683061427 0.08974417738029176 228
1740683064596 0.04328995941843283 229
1740683067707 0.11045014658205528 230
1740683070836 0.07608827021400849 231
1740683073940 0.05036874871161559 232
1740683077471 0.05183302755629632 233
1740683080726 0.10769870959819507 234
1740683083993 0.06054219234546093 235
1740683087208 0.04889479047690197 236
1740683090380 0.05379493625030804 237
1740683093597 0.08263175629624105 238
1740683096849 0.10627162427989599 239
1740683100258 0.05674222388968768 240
1740683103430 0.09669444780947187 241
1740683106609 0.042641904893713986 242
1740683109825 0.11793670477570567 243
1740683113036 0.04551686682078706 244
1740683116525 0.10580519476980614 245
1740683119791 0.09002717892357104 246
1740683122918 0.08145805651375915 247
1740683126130 0.38786718514594704 248
1740683129280 0.1495466167217593 249
1740683132553 0.04298890959724826 250
1740683135802 0.1541718108315382 251
1740683139187 0.05160798885689676 252
1740683142538 0.03975184015266032 253
1740683145796 0.03825520013840807 254
1740683149190 0.1039391903201297 255
1740683152535 0.08692480179116233 256
1740683155567 0.07074162167980594 257
1740683158775 0.09541824958083733 258
1740683161926 0.15501649389742442 259
1740683165240 0.11708319883687607 260
