1740682340118 24.284460897761672 0
1740682343170 5.836158737074073 1
1740682346258 8.004087695329495 2
1740682349355 16.885589618495196 3
1740682352574 15.15554007699057 4
1740682355737 8.106937649390028 5
1740682358984 5.7168921314347925 6
1740682362079 10.805268192540423 7
1740682365312 4.420838557919144 8
1740682368804 6.4890656061944405 9
1740682372003 9.893440951346916 10
1740682375110 7.203441173637422 11
1740682378279 33.8455918026332 12
1740682381633 7.157636775294864 13
1740682384959 6.369424327056149 14
1740682388021 6.012418080932573 15
1740682391083 28.343332428503462 16
1740682394189 17.898075666520263 17
1740682397587 12.375156164084244 18
1740682400719 8.67470009748275 19
1740682403782 8.412224537173053 20
1740682407000 10.692355233675615 21
1740682410033 8.86898536346334 22
1740682412879 7.90190043876088 23
1740682415888 8.08757562615829 24
1740682418924 19.2765991031281 25
1740682422040 9.1745335381251 26
1740682424920 7.435035303988843 27
1740682428062 9.785053163288474 28
1740682431153 7.849287812146683 29
1740682434289 9.228978158163411 30
1740682437403 4.234455550996842 31
1740682440615 14.771118366172567 32
1740682443778 7.825419088156491 33
1740682446888 7.4542396269664595 34
1740682450027 4.563608326000219 35
1740682453275 5.156925350672737 36
1740682456370 10.256950096948136 37
1740682459403 19.69374246488317 38
1740682462592 10.025947663756225 39
1740682465670 8.92791131851931 40
1740682468813 6.163071843860169 41
1740682471924 11.29084047979168 42
1740682475038 9.389934148293547 43
1740682478007 5.523852011881369 44
1740682481131 8.411604796029113 45
1740682484349 5.428324135438266 46
1740682487487 18.838182024137872 47
1740682490631 10.248268817443932 48
1740682493743 10.78928651958039 49
1740682496773 8.769165250658489 50
1740682499927 4.930216474852727 51
1740682503064 7.003706460362904 52
1740682506191 32.659775629302345 53
1740682509270 6.0038135568954685 54
1740682512371 8.337846326675884 55
1740682515421 15.827022762356181 56
1740682518492 9.769956732649351 57
1740682521730 9.30532548972662 58
1740682524728 7.828234631569138 59
1740682527898 4.819367554970261 60
1740682530943 6.510790091617706 61
1740682533979 7.89634750491345 62
1740682537016 7.974160066079534 63
1740682540106 5.905074895830937 64
1740682543431 4.026198508576509 65
1740682546511 4.701447891880017 66
1740682549631 8.74201382045482 67
1740682552678 5.181752010411356 68
1740682555744 9.088619284889 69
1740682558910 5.841510359197829 70
1740682561968 5.051843050502622 71
1740682565043 4.716339342646351 72
1740682568227 9.11893231146973 73
1740682571322 17.988322498909255 74
1740682574405 7.217380933182274 75
1740682577627 4.491967511290488 76
1740682580742 6.363502598212036 77
1740682583883 15.453664193915737 78
1740682587099 7.670929729118965 79
1740682590199 70.30001910456642 80
1740682593304 3.741138144628067 81
1740682596470 7.406258603824515 82
1740682599658 4.282750931103902 83
1740682602774 29.21661051796237 84
1740682606093 5.135865456216208 85
1740682609154 12.672742548020032 86
1740682612126 9.96251428231702 87
1740682615147 5.583198910903595 88
1740682618361 12.68802595879566 89
1740682621505 5.911593283118974 90
1740682624611 6.857806206997525 91
1740682627580 7.655485013919374 92
1740682630777 8.448078293174401 93
1740682633952 5.881826189597656 94
1740682637131 7.162429925512379 95
1740682640220 6.377923299789368 96
1740682643177 7.828520387329254 97
1740682646257 9.13086151829688 98
1740682649332 8.014384032988787 99
1740682652399 52.262425388341626 100
1740682655504 23.40597045254892 101
1740682658624 5.781449437787518 102
1740682661747 10.642104792432727 103
1740682664915 8.550140311965631 104
1740682668068 5.467874333364018 105
1740682671202 6.0102055315298095 106
1740682674372 8.06028800212615 107
1740682677529 11.488832720465533 108
1740682680624 12.401409835406518 109
1740682683726 4.900659294436904 110
1740682686864 6.661641880978237 111
1740682689986 4.348187665478423 112
1740682693059 24.312013728921492 113
1740682696270 5.368678042635303 114
1740682699466 6.983667736217069 115
1740682702394 6.843785470095016 116
1740682705430 15.861740923802191 117
1740682708594 7.746834462573413 118
1740682711734 5.761143260139453 119
1740682714917 4.96209921600502 120
1740682718008 15.285429892797497 121
1740682721126 7.328421388731666 122
1740682724140 10.11535652758851 123
1740682727300 5.370174220514437 124
1740682730313 8.549450519500931 125
1740682733515 8.438736968109366 126
1740682736750 13.115668644109574 127
1740682739849 7.615711104123156 128
1740682742940 6.8688567445229545 129
1740682746107 4.962953084172608 130
1740682749109 14.112490167590458 131
1740682752191 9.41638841611113 132
1740682755408 5.833388828347458 133
1740682758483 7.585549007564816 134
1740682761548 12.19064088771934 135
1740682764647 4.804003546336518 136
1740682767734 7.494303422243111 137
1740682770880 13.507941104650946 138
1740682774005 19.017117748170495 139
1740682777284 9.350066543477856 140
1740682780431 4.0711446053947 141
1740682783544 8.01242260754788 142
1740682786627 5.56484788863579 143
1740682789739 22.100598711502876 144
1740682792852 6.337016802591368 145
1740682796187 14.930452909326739 146
1740682799586 13.307384311345983 147
1740682802831 4.754007111619085 148
1740682805920 9.654156923994746 149
1740682808940 5.2304820271691606 150
1740682812311 5.750684095027357 151
1740682815597 9.550566923478723 152
1740682818660 6.1182495976165425 153
1740682821747 7.778265478642621 154
1740682825064 7.848937399419329 155
1740682828515 4.709699966774207 156
1740682831686 12.405216690418207 157
1740682834870 8.273071883221863 158
1740682838056 6.683042460421269 159
1740682841166 11.317057283876258 160
1740682844464 6.652412085570809 161
1740682847560 16.011522727453592 162
1740682850686 3.22857078444898 163
1740682854248 19.225235314821212 164
1740682857604 5.700815666793655 165
1740682860810 7.3190646171098575 166
1740682863973 9.262684644515506 167
1740682867184 5.641544895075654 168
1740682870478 9.112993756336715 169
1740682873861 6.369166710478883 170
1740682876915 7.2888989267578665 171
1740682880056 9.078536078910007 172
1740682883144 8.974752929327392 173
1740682886475 9.450328273306129 174
1740682889538 8.497221276689581 175
1740682892694 10.426259603823256 176
1740682895887 12.31654363100206 177
1740682899390 7.444628318501223 178
1740682902689 5.05076996198624 179
1740682905852 12.785291978759078 180
1740682909087 11.712613096011937 181
1740682912495 8.335062733296013 182
1740682915956 9.05734038775504 183
1740682919066 11.377694020836426 184
1740682922105 6.983499244896945 185
1740682925391 6.86865837020111 186
1740682928751 8.244931803424457 187
1740682932087 4.499984875949027 188
1740682935224 6.351248080489706 189
1740682938348 14.429740863265907 190
1740682941583 8.160518332196641 191
1740682944929 5.905387229546546 192
1740682948125 7.3821951681361675 193
1740682951223 9.207023573254588 194
1740682954328 3.4177243205529244 195
1740682957495 12.053768760916372 196
1740682960790 3.8088296295368678 197
1740682963830 8.737908639821178 198
1740682966860 9.980003881323565 199
1740682969969 4.518696818036269 200
1740682973238 4.999511161892784 201
1740682976585 5.1929550803301145 202
1740682979690 11.152071506368786 203
1740682982761 9.733027240764555 204
1740682986088 23.062331330106094 205
1740682989544 4.068577022800805 206
1740682993053 4.684123264696495 207
1740682996682 7.104019106249798 208
1740683000236 9.332172507542328 209
1740683003601 6.8480463965373355 210
1740683006897 6.521864814447584 211
1740683010285 9.366967024781673 212
1740683013398 9.548920469263054 213
1740683016650 8.895364496669377 214
1740683019829 7.631854606364966 215
1740683022890 8.495508568615927 216
1740683025946 10.724141015300653 217
1740683028844 9.84610475299801 218
1740683031971 10.22532244406316 219
1740683035194 13.277330386265149 220
1740683038358 5.840735860692733 221
1740683041740 10.646365287118503 222
1740683045139 25.836760048258785 223
1740683048449 5.267402235506132 224
1740683051549 11.513837922787147 225
1740683054777 7.697185303731807 226
1740683058310 4.771760212444326 227
1740683061427 8.974417738029176 228
1740683064596 4.328995941843283 229
1740683067707 11.045014658205528 230
1740683070836 7.60882702140085 231
1740683073940 5.036874871161559 232
1740683077471 5.183302755629632 233
1740683080726 10.769870959819507 234
1740683083993 6.0542192345460935 235
1740683087208 4.889479047690197 236
1740683090380 5.379493625030804 237
1740683093597 8.263175629624104 238
1740683096849 10.6271624279896 239
1740683100258 5.674222388968768 240
1740683103430 9.669444780947186 241
1740683106609 4.264190489371399 242
1740683109825 11.793670477570567 243
1740683113036 4.551686682078706 244
1740683116525 10.580519476980614 245
1740683119791 9.002717892357104 246
1740683122918 8.145805651375914 247
1740683126130 38.7867185145947 248
1740683129280 14.954661672175932 249
1740683132553 4.298890959724826 250
1740683135802 15.41718108315382 251
1740683139187 5.160798885689676 252
1740683142538 3.9751840152660316 253
1740683145796 3.825520013840807 254
1740683149190 10.39391903201297 255
1740683152535 8.692480179116233 256
1740683155567 7.074162167980594 257
1740683158775 9.541824958083733 258
1740683161926 15.501649389742441 259
1740683165240 11.708319883687606 260
