1740687931187 0.9511101304657719 0
1740687934331 0.9046104802746175 1
1740687937410 0.8603841919146962 2
1740687940701 0.8183201210226743 3
1740687943899 0.778312557068642 4
1740687946947 0.7402609576967045 5
1740687950032 0.7040696960536299 6
1740687953097 0.6696478204705644 7
1740687956204 0.6369088258938781 8
1740687959421 0.6057704364907278 9
1740687962502 0.5761543988830038 10
1740687965567 0.547986285490042 11
1740687968610 0.5211953074858876 12
1740687971737 0.49571413690105054 13
1740687974880 0.47147873742168567 14
1740687978094 0.4484282034609769 15
1740687981167 0.42650460709830135 16
1740687984229 0.40565285250151817 17
1740687987305 0.3858205374665315 18
1740687990348 0.3669578217261671 19
1740687993400 0.34901730169741024 20
1740687996575 0.33195389135223546 21
1740687999653 0.3157247089126454 22
1740688002791 0.30028896908517405 23
1740688005822 0.285607880564032 24
1740688008862 0.27164454854530906 25
1740688011914 0.2583638820072446 26
1740688015020 0.2457325055235537 27
1740688018157 0.23371867538818816 28
1740688021316 0.22229219984074702 29
1740688024438 0.21142436319205632 30
1740688027621 0.2010878536592394 31
1740688030804 0.1912566947289212 32
1740688034044 0.18190617987607657 33
1740688037110 0.1730128104744653 34
1740688040150 0.16455423674261854 35
1740688043273 0.15650920157696743 36
1740688046587 0.14885748713096328 37
1740688049799 0.14157986400593744 38
1740688052902 0.1346580429260134 39
1740688055910 0.12807462877562611 40
1740688058860 0.12181307688414106 41
1740688061835 0.11585765144771248 42
1740688064894 0.11019338598389174 43
1740688067988 0.10480604571960442 44
1740688071038 0.1 45
1740688074165 0.1 46
1740688077141 0.1 47
1740688080202 0.1 48
1740688083287 0.1 49
1740688086247 0.1 50
1740688089288 0.1 51
1740688092303 0.1 52
1740688095531 0.1 53
1740688098650 0.1 54
1740688101776 0.1 55
1740688104830 0.1 56
1740688107821 0.1 57
1740688111506 0.1 58
1740688114727 0.1 59
1740688117863 0.1 60
1740688120805 0.1 61
1740688123815 0.1 62
1740688127031 0.1 63
1740688130377 0.1 64
1740688133601 0.1 65
1740688136838 0.1 66
