1740687931187 0.0286530503589246 0
1740687934331 0.028308452293276786 1
1740687937410 0.023024916499853134 2
1740687940701 0.018858549669384956 3
1740687943899 0.014693792946636676 4
1740687946947 0.012415603045374155 5
1740687950032 0.013202025946229696 6
1740687953097 0.013435930274426936 7
1740687956204 0.014499195516109467 8
1740687959421 0.016220476403832437 9
1740687962502 0.020476432349532843 10
1740687965567 0.020341901145875453 11
1740687968610 0.022956002093851565 12
1740687971737 0.029561379216611384 13
1740687974880 0.02557377975434065 14
1740687978094 0.032062942795455456 15
1740687981167 0.03351206373423338 16
1740687984229 0.023917617443948984 17
1740687987305 0.040111144930124285 18
1740687990348 0.03448978831991553 19
1740687993400 0.03445938810706139 20
1740687996575 0.06310245851054788 21
1740687999653 0.04811970042996108 22
1740688002791 0.0429424103628844 23
1740688005822 0.05460442640818655 24
1740688008862 0.029435238940641283 25
1740688011914 0.05511199140921235 26
1740688015020 0.052021594950929284 27
1740688018157 0.047791252015158533 28
1740688021316 0.09864967096596956 29
1740688024438 0.06653527581132948 30
1740688027621 0.0883542769541964 31
1740688030804 0.058405312239192424 32
1740688034044 0.1199891101103276 33
1740688037110 0.05778049731161446 34
1740688040150 0.10177690480370075 35
1740688043273 0.1727662116661668 36
1740688046587 0.08742653961293399 37
1740688049799 0.15967333831824362 38
1740688052902 0.09957856929395348 39
1740688055910 0.07972534800879658 40
1740688058860 0.11951594634912908 41
1740688061835 0.19633251738734545 42
1740688064894 0.10000576384365559 43
1740688067988 0.22568258244544268 44
1740688071038 0.17980274326168 45
1740688074165 0.09255075193941593 46
1740688077141 0.17392306648660452 47
1740688080202 0.27616317621432246 48
1740688083287 0.1438207546621561 49
1740688086247 0.033385295039042834 50
1740688089288 0.056540206503123046 51
1740688092303 0.2496002906560898 52
1740688095531 0.11341507212258875 53
1740688098650 0.25284041528590023 54
1740688101776 0.3324543484207243 55
1740688104830 0.3237622118461877 56
1740688107821 0.20007012157700957 57
1740688111506 0.44208256640005855 58
1740688114727 0.28645093575119973 59
1740688117863 0.28334267070516944 60
1740688120805 0.3335286002419889 61
1740688123815 0.3211666576564312 62
1740688127031 0.5470680036768317 63
1740688130377 0.8203181534260512 64
1740688133601 0.5174967509228736 65
1740688136838 0.4103755442332476 66
