1740687931187 0.1091458602066191 0
1740687934331 0.06960937325255696 1
1740687937410 0.07434552887054116 2
1740687940701 0.07729166803624447 3
1740687943899 0.058476225555907924 4
1740687946947 0.05820739049520019 5
1740687950032 0.10262436132513615 6
1740687953097 0.06542756516440079 7
1740687956204 0.05126954771019709 8
1740687959421 0.1116390824680845 9
1740687962502 0.13183430253541112 10
1740687965567 0.04444963904420167 11
1740687968610 0.3301109329466951 12
1740687971737 0.06024242576182384 13
1740687974880 0.14835297096944586 14
1740687978094 0.056788059543252514 15
1740687981167 0.1681666570750561 16
1740687984229 0.1392596921353919 17
1740687987305 0.14183242621918685 18
1740687990348 0.05702799267673896 19
1740687993400 0.04008526408450935 20
1740687996575 0.0786505325397175 21
1740687999653 0.05781180866781535 22
1740688002791 0.09400587220764123 23
1740688005822 0.0688433193516509 24
1740688008862 0.05693671453611562 25
1740688011914 0.10388400450130877 26
1740688015020 0.08098065432184196 27
1740688018157 0.09000038898225529 28
1740688021316 0.08934106645519548 29
1740688024438 0.08695552775339141 30
1740688027621 0.08285475813992725 31
1740688030804 0.11466611834533136 32
1740688034044 0.14400548746187275 33
1740688037110 0.050079035790861315 34
1740688040150 0.19830193003991156 35
1740688043273 0.10343180474492873 36
1740688046587 0.06643669142431655 37
1740688049799 0.12631239170739586 38
1740688052902 0.11894498488935513 39
1740688055910 0.2474358245778622 40
1740688058860 0.10325170654498991 41
1740688061835 0.13963699970153953 42
1740688064894 0.068081009770704 43
1740688067988 0.4080385481059598 44
1740688071038 0.12288056083788818 45
1740688074165 0.08056478047243992 46
1740688077141 0.08256899689205413 47
1740688080202 0.04337098374382821 48
1740688083287 0.1012609473434787 49
1740688086247 0.2134138093735203 50
1740688089288 0.09103775890348619 51
1740688092303 0.04323354407640108 52
1740688095531 0.04631626172533135 53
1740688098650 0.12973254964749417 54
1740688101776 0.05191159922904242 55
1740688104830 0.057035450990962466 56
1740688107821 0.33985366609004386 57
1740688111506 0.12922904200424543 58
1740688114727 0.09322116133306478 59
1740688117863 0.09746138987796518 60
1740688120805 0.11798820560572233 61
1740688123815 0.04797977919331233 62
1740688127031 0.04170024992068843 63
1740688130377 0.05594752743050417 64
1740688133601 0.04357742770219782 65
1740688136838 0.038893741866833816 66
