1740687931187 10.91458602066191 0
1740687934331 6.9609373252556965 1
1740687937410 7.4345528870541155 2
1740687940701 7.729166803624447 3
1740687943899 5.847622555590792 4
1740687946947 5.820739049520019 5
1740687950032 10.262436132513615 6
1740687953097 6.542756516440079 7
1740687956204 5.126954771019709 8
1740687959421 11.16390824680845 9
1740687962502 13.183430253541111 10
1740687965567 4.444963904420167 11
1740687968610 33.01109329466951 12
1740687971737 6.024242576182385 13
1740687974880 14.835297096944586 14
1740687978094 5.678805954325251 15
1740687981167 16.81666570750561 16
1740687984229 13.925969213539192 17
1740687987305 14.183242621918684 18
1740687990348 5.702799267673896 19
1740687993400 4.008526408450935 20
1740687996575 7.865053253971751 21
1740687999653 5.781180866781535 22
1740688002791 9.400587220764123 23
1740688005822 6.88433193516509 24
1740688008862 5.693671453611562 25
1740688011914 10.388400450130877 26
1740688015020 8.098065432184196 27
1740688018157 9.00003889822553 28
1740688021316 8.934106645519547 29
1740688024438 8.695552775339142 30
1740688027621 8.285475813992726 31
1740688030804 11.466611834533136 32
1740688034044 14.400548746187274 33
1740688037110 5.007903579086132 34
1740688040150 19.830193003991155 35
1740688043273 10.343180474492874 36
1740688046587 6.643669142431655 37
1740688049799 12.631239170739585 38
1740688052902 11.894498488935513 39
1740688055910 24.74358245778622 40
1740688058860 10.325170654498992 41
1740688061835 13.963699970153954 42
1740688064894 6.808100977070399 43
1740688067988 40.80385481059598 44
1740688071038 12.288056083788817 45
1740688074165 8.056478047243992 46
1740688077141 8.256899689205413 47
1740688080202 4.337098374382821 48
1740688083287 10.12609473434787 49
1740688086247 21.34138093735203 50
1740688089288 9.103775890348619 51
1740688092303 4.323354407640108 52
1740688095531 4.631626172533135 53
1740688098650 12.973254964749417 54
1740688101776 5.191159922904242 55
1740688104830 5.703545099096247 56
1740688107821 33.98536660900439 57
1740688111506 12.922904200424544 58
1740688114727 9.322116133306478 59
1740688117863 9.746138987796519 60
1740688120805 11.798820560572233 61
1740688123815 4.797977919331233 62
1740688127031 4.170024992068843 63
1740688130377 5.594752743050417 64
1740688133601 4.357742770219782 65
1740688136838 3.8893741866833818 66
