1740922588635 0.995 0
1740922592160 0.990025 1
1740922595922 0.985074875 2
1740922599892 0.9801495006250001 3
1740922603461 0.9752487531218751 4
1740922607163 0.9703725093562657 5
1740922610721 0.9655206468094844 6
1740922614271 0.960693043575437 7
1740922617724 0.9558895783575597 8
1740922621372 0.9511101304657719 9
1740922625068 0.946354579813443 10
1740922628670 0.9416228069143757 11
1740922632202 0.9369146928798039 12
1740922635813 0.9322301194154049 13
1740922639470 0.9275689688183278 14
1740922643465 0.9229311239742362 15
1740922647092 0.918316468354365 16
1740922650800 0.9137248860125932 17
1740922654331 0.9091562615825302 18
1740922657821 0.9046104802746175 19
1740922661463 0.9000874278732445 20
1740922665074 0.8955869907338783 21
1740922668686 0.8911090557802088 22
1740922672229 0.8866535105013078 23
1740922675666 0.8822202429488013 24
1740922679163 0.8778091417340573 25
1740922682537 0.8734200960253871 26
1740922686158 0.8690529955452602 27
1740922689905 0.8647077305675338 28
1740922693616 0.8603841919146962 29
1740922697203 0.8560822709551227 30
1740922700776 0.851801859600347 31
1740922704536 0.8475428503023453 32
1740922708087 0.8433051360508336 33
1740922711864 0.8390886103705794 34
1740922715459 0.8348931673187264 35
