1740922588635 0.05727109387516975 0
1740922592160 0.01169593095779419 1
1740922595922 0.004279818162322044 2
1740922599892 0.001935416110791266 3
1740922603461 0.001365642106393352 4
1740922607163 0.001873244708403945 5
1740922610721 0.0015488088270649313 6
1740922614271 0.00098577911965549 7
1740922617724 0.0009850111068226398 8
1740922621372 0.0010125680128112435 9
1740922625068 0.0009069384634494782 10
1740922628670 0.0007625456678215414 11
1740922632202 0.0007948286831378937 12
1740922635813 0.0009734104969538748 13
1740922639470 0.0007548897108063102 14
1740922643465 0.0011519997764844448 15
1740922647092 0.0014278762962203473 16
1740922650800 0.0026385480421595277 17
1740922654331 0.0018991720932535828 18
1740922657821 0.0015208508900832385 19
1740922661463 0.002467833823757246 20
1740922665074 0.0017496267438400536 21
1740922668686 0.0022530286258552225 22
1740922672229 0.0015934847935568542 23
1740922675666 0.0015012654673773795 24
1740922679163 0.0020180179039016367 25
1740922682537 0.002114212886663154 26
1740922686158 0.0038360502116847784 27
1740922689905 0.003688077887054533 28
1740922693616 0.004205044801346957 29
1740922697203 0.002969280458055437 30
1740922700776 0.0024837554129771887 31
1740922704536 0.0045746145257726314 32
1740922708087 0.0030582243716344238 33
1740922711864 0.0036130179511383175 34
1740922715459 0.002713613829109818 35
