1740922588635 0.04925601678974896 0
1740922592160 0.0907887218815098 1
1740922595922 0.09576705404410943 2
1740922599892 0.045838199355332135 3
1740922603461 0.058745776860904445 4
1740922607163 0.1659278037659936 5
1740922610721 0.13217508833845595 6
1740922614271 0.09348434119105214 7
1740922617724 0.0665698474216879 8
1740922621372 0.08558338601928589 9
1740922625068 0.12861464577343207 10
1740922628670 0.10114263526348836 11
1740922632202 0.10466229385313368 12
1740922635813 0.04171429179034063 13
1740922639470 0.08070311158188384 14
1740922643465 0.12085021550169567 15
1740922647092 0.06892368298751457 16
1740922650800 0.16706604106690254 17
1740922654331 0.09640388471442071 18
1740922657821 0.0696105328842376 19
1740922661463 0.07715808862811702 20
1740922665074 0.07933088996711475 21
1740922668686 0.0828395420983134 22
1740922672229 0.05591433419864698 23
1740922675666 0.06246632355947112 24
1740922679163 0.11487929297203041 25
1740922682537 0.09764580824623642 26
1740922686158 0.35558011377233684 27
1740922689905 0.05282385559661363 28
1740922693616 0.037928603681647764 29
1740922697203 0.1041840047326178 30
1740922700776 0.09444639265392601 31
1740922704536 0.13777381124685723 32
1740922708087 0.06969895237473046 33
1740922711864 0.08040061948334325 34
1740922715459 0.046469762727363015 35
