1740922588635 4.925601678974896 0
1740922592160 9.07887218815098 1
1740922595922 9.576705404410943 2
1740922599892 4.583819935533214 3
1740922603461 5.874577686090444 4
1740922607163 16.592780376599357 5
1740922610721 13.217508833845596 6
1740922614271 9.348434119105214 7
1740922617724 6.65698474216879 8
1740922621372 8.55833860192859 9
1740922625068 12.861464577343208 10
1740922628670 10.114263526348836 11
1740922632202 10.466229385313367 12
1740922635813 4.171429179034063 13
1740922639470 8.070311158188384 14
1740922643465 12.085021550169566 15
1740922647092 6.892368298751457 16
1740922650800 16.706604106690254 17
1740922654331 9.640388471442071 18
1740922657821 6.96105328842376 19
1740922661463 7.715808862811702 20
1740922665074 7.933088996711476 21
1740922668686 8.28395420983134 22
1740922672229 5.591433419864698 23
1740922675666 6.246632355947112 24
1740922679163 11.48792929720304 25
1740922682537 9.764580824623643 26
1740922686158 35.55801137723368 27
1740922689905 5.282385559661363 28
1740922693616 3.792860368164776 29
1740922697203 10.41840047326178 30
1740922700776 9.4446392653926 31
1740922704536 13.777381124685723 32
1740922708087 6.969895237473047 33
1740922711864 8.040061948334325 34
1740922715459 4.6469762727363015 35
